#NUMBER OF AGES= 1
#----------------------------------------------------       
#MIX-LEN  Y      Z          Zeff        [Fe/H] [a/Fe]
# 1.9380  0.2714 1.7313E-02 1.7313E-02   0.03   0.00 
#----------------------------------------------------       
#**PHOTOMETRIC SYSTEM**: SDSS (AB)                          
#----------------------------------------------------       
#AGE= 1.000 EEPS=277
#EEP   M/Mo    LogTeff  LogG   LogL/Lo sdss_u  sdss_g  sdss_r  sdss_i  sdss_z
   2  0.115065  3.5060  5.2509 -2.7749 17.8728 14.7195 13.2101 11.9587 11.2459
   3  0.132657  3.5060  5.1883 -2.6502 17.5143 14.4004 12.8986 11.6490 10.9358
   4  0.167453  3.5086  5.1073 -2.4575 16.9058 13.8640 12.3805 11.1547 10.4526
   5  0.225268  3.5181  5.0410 -2.2242 16.0564 13.1179 11.6730 10.5221  9.8616
   6  0.295355  3.5278  4.9890 -2.0161 15.3137 12.4488 11.0404  9.9568  9.3357
   7  0.312571  3.5300  4.9750 -1.9686 15.1488 12.2981 10.8978  9.8285  9.2161
   8  0.317951  3.5307  4.9694 -1.9527 15.0951 12.2489 10.8511  9.7863  9.1763
   9  0.319967  3.5309  4.9658 -1.9453 15.0710 12.2269 10.8299  9.7668  9.1576
  10  0.321950  3.5312  4.9614 -1.9372 15.0458 12.2041 10.8080  9.7461  9.1377
  11  0.324652  3.5314  4.9563 -1.9272 15.0142 12.1751 10.7803  9.7201  9.1126
  12  0.328894  3.5319  4.9497 -1.9130 14.9686 12.1335 10.7406  9.6831  9.0772
  13  0.334470  3.5325  4.9428 -1.8960 14.9130 12.0824 10.6917  9.6383  9.0347
  14  0.426124  3.5475  4.8678 -1.6570 14.0815 11.2990  9.9501  8.9854  8.4376
  15  0.440814  3.5505  4.8536 -1.6158 13.9389 11.1611  9.8180  8.8703  8.3353
  16  0.457924  3.5543  4.8369 -1.5677 13.7740 10.9993  9.6626  8.7358  8.2162
  17  0.473476  3.5579  4.8213 -1.5231 13.6213 10.8473  9.5161  8.6110  8.1064
  18  0.487637  3.5615  4.8071 -1.4818 13.4792 10.7036  9.3771  8.4961  8.0056
  19  0.500796  3.5651  4.7945 -1.4434 13.3464 10.5671  9.2446  8.3886  7.9123
  20  0.511626  3.5681  4.7845 -1.4114 13.2355 10.4517  9.1322  8.2985  7.8350
  21  0.521200  3.5712  4.7759 -1.3829 13.1362 10.3469  9.0301  8.2170  7.7658
  22  0.531013  3.5744  4.7675 -1.3534 13.0339 10.2372  8.9227  8.1322  7.6948
  23  0.542309  3.5781  4.7577 -1.3197 12.9171 10.1119  8.7992  8.0357  7.6141
  24  0.556772  3.5830  4.7453 -1.2765 12.7650  9.9494  8.6385  7.9111  7.5110
  25  0.573843  3.5891  4.7308 -1.2244 12.5812  9.7522  8.4448  7.7614  7.3880
  26  0.602643  3.6007  4.7125 -1.1394 12.2560  9.4054  8.1149  7.5104  7.1843
  27  0.580790  3.5914  4.7150 -1.1888 12.6031  9.6531  8.3117  7.6607  7.3098
  28  0.605530  3.6021  4.6998 -1.1131 12.3331  9.3418  8.0152  7.4377  7.1333
  29  0.640196  3.6178  4.6816 -1.0092 11.9276  8.9039  7.6219  7.1355  6.8886
  30  0.904015  3.7292  4.5816 -0.3177  7.9441  6.0743  5.4309  5.2702  5.2207
  31  0.921351  3.7351  4.5731 -0.2772  7.7270  5.9382  5.3219  5.1707  5.1286
  32  0.937934  3.7406  4.5646 -0.2389  7.5302  5.8111  5.2204  5.0781  5.0428
  33  0.954245  3.7459  4.5558 -0.2015  7.3432  5.6884  5.1222  4.9884  4.9595
  34  0.971503  3.7513  4.5460 -0.1622  7.1558  5.5634  5.0211  4.8955  4.8730
  35  0.986380  3.7556  4.5370 -0.1294  7.0051  5.4606  4.9375  4.8185  4.8011
  36  1.002215  3.7599  4.5272 -0.0950  6.8509  5.3537  4.8501  4.7381  4.7258
  37  1.019354  3.7645  4.5161 -0.0583  6.6905  5.2411  4.7575  4.6523  4.6455
  38  1.037310  3.7692  4.5042 -0.0203  6.5295  5.1261  4.6623  4.5641  4.5627
  39  1.053297  3.7731  4.4928  0.0133  6.3943  5.0266  4.5790  4.4867  4.4898
  40  1.060203  3.7746  4.4871  0.0282  6.3453  4.9862  4.5441  4.4539  4.4585
  41  1.081877  3.7796  4.4716  0.0725  6.1660  4.8539  4.4333  4.3508  4.3612
  42  1.099867  3.7836  4.4582  0.1090  6.0241  4.7457  4.3439  4.2678  4.2832
  43  1.089154  3.7820  4.4641  0.0936  6.0800  4.7895  4.3830  4.3049  4.3186
  44  1.103444  3.7854  4.4529  0.1238  5.9713  4.7094  4.3085  4.2314  4.2466
  45  1.215301  3.8076  4.3705  0.3362  5.2470  4.1154  3.7877  3.7392  3.7764
  46  1.394653  3.8388  4.2604  0.6307  4.3362  3.2773  3.0786  3.0870  3.1658
  47  1.435783  3.8457  4.2378  0.6934  4.1624  3.1054  2.9282  2.9473  3.0336
  48  1.496152  3.8561  4.2129  0.7780  3.9234  2.8709  2.7269  2.7630  2.8611
  49  1.532094  3.8621  4.1966  0.8287  3.7835  2.7318  2.6062  2.6518  2.7565
  50  1.580980  3.8701  4.1751  0.8957  3.6056  2.5483  2.4475  2.5067  2.6201
  51  1.636181  3.8778  4.1481  0.9684  3.4158  2.3516  2.2746  2.3473  2.4692
  52  1.645491  3.8789  4.1430  0.9806  3.3847  2.3190  2.2455  2.3203  2.4432
  53  1.655107  3.8800  4.1375  0.9930  3.3528  2.2859  2.2157  2.2924  2.4165
  54  1.664537  3.8811  4.1319  1.0053  3.3211  2.2530  2.1862  2.2647  2.3900
  55  1.674657  3.8821  4.1257  1.0182  3.2882  2.2189  2.1553  2.2357  2.3619
  56  1.684851  3.8832  4.1193  1.0311  3.2552  2.1845  2.1241  2.2063  2.3335
  57  1.695044  3.8841  4.1128  1.0440  3.2224  2.1506  2.0930  2.1769  2.3050
  58  1.704927  3.8849  4.1060  1.0566  3.1907  2.1175  2.0626  2.1482  2.2770
  59  1.715130  3.8858  4.0994  1.0692  3.1587  2.0842  2.0320  2.1191  2.2489
  60  1.724900  3.8865  4.0926  1.0815  3.1279  2.0521  2.0024  2.0909  2.2213
  61  1.734797  3.8872  4.0858  1.0936  3.0971  2.0200  1.9729  2.0627  2.1938
  62  1.744238  3.8879  4.0789  1.1054  3.0676  1.9893  1.9442  2.0353  2.1670
  63  1.753569  3.8884  4.0717  1.1168  3.0393  1.9597  1.9161  2.0084  2.1403
  64  1.762537  3.8887  4.0644  1.1279  3.0117  1.9310  1.8888  1.9819  2.1142
  65  1.771694  3.8890  4.0566  1.1391  2.9840  1.9020  1.8610  1.9547  2.0873
  66  1.781014  3.8892  4.0485  1.1506  2.9557  1.8723  1.8325  1.9269  2.0595
  67  1.790849  3.8895  4.0398  1.1627  2.9260  1.8412  1.8025  1.8975  2.0303
  68  1.801426  3.8898  4.0305  1.1757  2.8940  1.8079  1.7704  1.8661  1.9992
  69  1.811738  3.8900  4.0208  1.1887  2.8620  1.7743  1.7378  1.8342  1.9673
  70  1.822648  3.8902  4.0104  1.2022  2.8285  1.7395  1.7038  1.8006  1.9337
  71  1.833638  3.8902  3.9996  1.2160  2.7949  1.7043  1.6693  1.7666  1.8997
  72  1.844709  3.8902  3.9884  1.2298  2.7615  1.6692  1.6346  1.7322  1.8650
  73  1.855630  3.8901  3.9768  1.2433  2.7285  1.6348  1.6002  1.6979  1.8304
  74  1.866390  3.8898  3.9650  1.2566  2.6965  1.6013  1.5664  1.6638  1.7960
  75  1.876894  3.8894  3.9530  1.2694  2.6657  1.5689  1.5333  1.6303  1.7619
  76  1.887154  3.8888  3.9406  1.2818  2.6362  1.5381  1.5010  1.5974  1.7281
  77  1.897173  3.8881  3.9280  1.2938  2.6080  1.5083  1.4696  1.5649  1.6948
  78  1.907020  3.8872  3.9151  1.3056  2.5806  1.4795  1.4385  1.5326  1.6615
  79  1.916641  3.8862  3.9019  1.3171  2.5542  1.4520  1.4082  1.5008  1.6285
  80  1.926167  3.8851  3.8883  1.3283  2.5287  1.4251  1.3782  1.4691  1.5955
  81  1.935449  3.8839  3.8745  1.3391  2.5043  1.3993  1.3491  1.4380  1.5630
  82  1.941349  3.8830  3.8655  1.3460  2.4890  1.3831  1.3305  1.4181  1.5421
  83  1.947198  3.8821  3.8562  1.3527  2.4742  1.3672  1.3121  1.3983  1.5213
  84  1.953039  3.8811  3.8469  1.3594  2.4596  1.3516  1.2938  1.3785  1.5005
  85  1.958827  3.8800  3.8373  1.3659  2.4455  1.3364  1.2757  1.3589  1.4796
  86  1.964527  3.8789  3.8275  1.3724  2.4317  1.3216  1.2578  1.3392  1.4586
  87  1.970204  3.8777  3.8175  1.3788  2.4183  1.3071  1.2400  1.3196  1.4377
  88  1.975830  3.8763  3.8072  1.3851  2.4054  1.2929  1.2223  1.3001  1.4169
  89  1.981448  3.8749  3.7969  1.3913  2.3929  1.2794  1.2051  1.2807  1.3962
  90  1.986982  3.8735  3.7863  1.3974  2.3810  1.2661  1.1880  1.2614  1.3752
  91  1.992451  3.8720  3.7754  1.4034  2.3691  1.2533  1.1707  1.2417  1.3540
  92  1.997908  3.8705  3.7645  1.4094  2.3577  1.2408  1.1537  1.2222  1.3327
  93  2.003312  3.8689  3.7531  1.4153  2.3469  1.2290  1.1369  1.2027  1.3113
  94  2.008718  3.8672  3.7418  1.4210  2.3364  1.2175  1.1204  1.1835  1.2902
  95  2.014061  3.8654  3.7302  1.4267  2.3264  1.2064  1.1040  1.1641  1.2689
  96  2.019332  3.8636  3.7184  1.4323  2.3167  1.1957  1.0877  1.1448  1.2475
  97  2.024525  3.8616  3.7064  1.4379  2.3076  1.1853  1.0716  1.1256  1.2262
  98  2.029695  3.8597  3.6942  1.4432  2.2988  1.1753  1.0558  1.1065  1.2052
  99  2.034799  3.8577  3.6821  1.4486  2.2905  1.1655  1.0401  1.0877  1.1842
 100  2.039847  3.8557  3.6696  1.4540  2.2825  1.1560  1.0246  1.0689  1.1631
 101  2.044861  3.8537  3.6572  1.4594  2.2745  1.1466  1.0089  1.0501  1.1421
 102  2.049868  3.8517  3.6448  1.4648  2.2667  1.1371  0.9933  1.0312  1.1211
 103  2.054847  3.8496  3.6324  1.4704  2.2585  1.1271  0.9774  1.0121  1.0998
 104  2.059788  3.8478  3.6203  1.4762  2.2496  1.1166  0.9611  0.9927  1.0784
 105  2.064665  3.8462  3.6085  1.4824  2.2395  1.1048  0.9441  0.9732  1.0570
 106  2.069352  3.8450  3.5982  1.4890  2.2273  1.0909  0.9266  0.9537  1.0362
 107  2.073451  3.8445  3.5905  1.4957  2.2120  1.0746  0.9090  0.9355  1.0174
 108  2.076752  3.8449  3.5862  1.5023  2.1949  1.0571  0.8928  0.9201  1.0024
 109  2.079161  3.8459  3.5845  1.5082  2.1775  1.0396  0.8787  0.9076  0.9910
 110  2.080981  3.8472  3.5850  1.5136  2.1602  1.0225  0.8662  0.8977  0.9824
 111  2.082403  3.8489  3.5867  1.5187  2.1432  1.0058  0.8550  0.8893  0.9758
 112  2.082645  3.8492  3.5871  1.5197  2.1398  1.0026  0.8529  0.8877  0.9746
 113  2.082885  3.8497  3.5878  1.5208  2.1357  0.9986  0.8503  0.8860  0.9733
 114  2.083126  3.8501  3.5884  1.5219  2.1319  0.9949  0.8481  0.8844  0.9721
 115  2.083365  3.8505  3.5890  1.5230  2.1283  0.9914  0.8457  0.8827  0.9710
 116  2.083606  3.8509  3.5897  1.5241  2.1244  0.9876  0.8434  0.8811  0.9697
 117  2.083845  3.8514  3.5906  1.5254  2.1197  0.9831  0.8406  0.8793  0.9685
 118  2.084084  3.8519  3.5916  1.5267  2.1153  0.9787  0.8379  0.8775  0.9673
 119  2.084323  3.8526  3.5924  1.5278  2.1108  0.9743  0.8352  0.8757  0.9661
 120  2.084562  3.8531  3.5935  1.5291  2.1061  0.9697  0.8325  0.8740  0.9649
 121  2.084800  3.8538  3.5949  1.5307  2.1005  0.9643  0.8293  0.8720  0.9637
 122  2.085039  3.8545  3.5961  1.5322  2.0952  0.9591  0.8263  0.8701  0.9624
 123  2.085275  3.8552  3.5974  1.5337  2.0900  0.9539  0.8232  0.8681  0.9612
 124  2.085511  3.8559  3.5990  1.5353  2.0840  0.9481  0.8198  0.8662  0.9599
 125  2.085747  3.8568  3.6007  1.5372  2.0773  0.9416  0.8161  0.8639  0.9586
 126  2.085981  3.8577  3.6025  1.5390  2.0710  0.9352  0.8125  0.8617  0.9574
 127  2.086212  3.8588  3.6047  1.5412  2.0629  0.9275  0.8081  0.8592  0.9560
 128  2.086441  3.8599  3.6069  1.5433  2.0551  0.9197  0.8037  0.8566  0.9545
 129  2.086669  3.8610  3.6094  1.5456  2.0467  0.9114  0.7991  0.8541  0.9531
 130  2.086893  3.8624  3.6122  1.5483  2.0373  0.9020  0.7940  0.8514  0.9518
 131  2.087113  3.8639  3.6152  1.5510  2.0275  0.8924  0.7889  0.8486  0.9505
 132  2.087330  3.8653  3.6187  1.5539  2.0169  0.8818  0.7832  0.8458  0.9493
 133  2.087542  3.8671  3.6222  1.5570  2.0057  0.8705  0.7774  0.8428  0.9481
 134  2.087747  3.8689  3.6262  1.5604  1.9935  0.8583  0.7711  0.8397  0.9468
 135  2.087944  3.8708  3.6304  1.5641  1.9803  0.8452  0.7642  0.8364  0.9455
 136  2.088133  3.8729  3.6349  1.5681  1.9665  0.8313  0.7569  0.8327  0.9439
 137  2.088311  3.8752  3.6396  1.5724  1.9517  0.8167  0.7490  0.8286  0.9420
 138  2.088475  3.8776  3.6445  1.5770  1.9358  0.8012  0.7404  0.8241  0.9397
 139  2.088622  3.8801  3.6495  1.5820  1.9189  0.7846  0.7312  0.8190  0.9369
 140  2.088757  3.8826  3.6545  1.5872  1.9014  0.7674  0.7217  0.8139  0.9341
 141  2.088878  3.8853  3.6597  1.5927  1.8834  0.7496  0.7119  0.8086  0.9313
 142  2.088983  3.8878  3.6645  1.5984  1.8652  0.7308  0.7019  0.8035  0.9287
 143  2.089076  3.8905  3.6691  1.6042  1.8466  0.7116  0.6916  0.7982  0.9258
 144  2.089158  3.8931  3.6735  1.6102  1.8280  0.6923  0.6811  0.7927  0.9226
 145  2.089231  3.8957  3.6777  1.6163  1.8091  0.6729  0.6706  0.7869  0.9191
 146  2.089294  3.8982  3.6816  1.6225  1.7899  0.6541  0.6596  0.7805  0.9147
 147  2.089352  3.9007  3.6851  1.6287  1.7706  0.6355  0.6486  0.7734  0.9098
 148  2.089404  3.9030  3.6884  1.6350  1.7512  0.6170  0.6375  0.7664  0.9045
 149  2.089456  3.9054  3.6916  1.6413  1.7321  0.5989  0.6266  0.7593  0.8993
 150  2.089514  3.9079  3.6952  1.6476  1.7127  0.5804  0.6161  0.7528  0.8947
 151  2.089608  3.9089  3.7014  1.6456  1.7163  0.5846  0.6235  0.7620  0.9047
 152  2.089631  3.9074  3.7030  1.6377  1.7379  0.6064  0.6400  0.7757  0.9174
 153  2.089649  3.9061  3.7042  1.6317  1.7542  0.6226  0.6523  0.7859  0.9268
 154  2.089667  3.9047  3.7050  1.6253  1.7724  0.6405  0.6656  0.7969  0.9368
 155  2.089684  3.9031  3.7053  1.6188  1.7907  0.6583  0.6786  0.8073  0.9462
 156  2.089701  3.9015  3.7049  1.6124  1.8091  0.6764  0.6914  0.8172  0.9547
 157  2.089719  3.8996  3.7036  1.6059  1.8283  0.6950  0.7039  0.8266  0.9626
 158  2.089738  3.8972  3.7010  1.5995  1.8476  0.7137  0.7158  0.8346  0.9687
 159  2.089763  3.8944  3.6959  1.5931  1.8676  0.7334  0.7263  0.8401  0.9717
 160  2.089803  3.8899  3.6832  1.5880  1.8874  0.7538  0.7316  0.8369  0.9643
 161  2.089867  3.8841  3.6566  1.5914  1.8890  0.7546  0.7134  0.8081  0.9297
 162  2.089913  3.8804  3.6326  1.6002  1.8751  0.7379  0.6858  0.7744  0.8922
 163  2.089986  3.8756  3.6063  1.6080  1.8651  0.7248  0.6597  0.7411  0.8543
 164  2.090085  3.8701  3.5772  1.6148  1.8604  0.7170  0.6354  0.7075  0.8151
 165  2.090222  3.8635  3.5457  1.6198  1.8632  0.7171  0.6148  0.6756  0.7761
 166  2.090390  3.8566  3.5149  1.6231  1.8716  0.7228  0.5991  0.6482  0.7417
 167  2.090583  3.8499  3.4864  1.6248  1.8855  0.7329  0.5887  0.6268  0.7135
 168  2.090790  3.8436  3.4608  1.6252  1.9042  0.7464  0.5823  0.6099  0.6899
 169  2.091006  3.8377  3.4376  1.6246  1.9256  0.7628  0.5788  0.5962  0.6696
 170  2.091227  3.8320  3.4160  1.6235  1.9498  0.7809  0.5775  0.5853  0.6524
 171  2.091451  3.8266  3.3963  1.6219  1.9768  0.7999  0.5779  0.5766  0.6378
 172  2.091679  3.8216  3.3783  1.6200  2.0052  0.8192  0.5799  0.5700  0.6258
 173  2.091907  3.8168  3.3615  1.6177  2.0347  0.8392  0.5833  0.5656  0.6160
 174  2.092136  3.8122  3.3459  1.6150  2.0623  0.8590  0.5889  0.5637  0.6093
 175  2.092365  3.8079  3.3315  1.6120  2.0933  0.8802  0.5953  0.5628  0.6036
 176  2.092594  3.8039  3.3189  1.6086  2.1314  0.9036  0.6012  0.5619  0.5980
 177  2.092820  3.8003  3.3080  1.6048  2.1706  0.9252  0.6087  0.5637  0.5958
 178  2.093043  3.7967  3.2985  1.6006  2.2100  0.9457  0.6183  0.5683  0.5968
 179  2.093260  3.7933  3.2898  1.5959  2.2501  0.9684  0.6291  0.5739  0.5987
 180  2.093471  3.7902  3.2821  1.5908  2.2909  0.9938  0.6409  0.5804  0.6014
 181  2.093672  3.7871  3.2753  1.5852  2.3315  1.0200  0.6542  0.5884  0.6060
 182  2.093910  3.7835  3.2684  1.5778  2.3807  1.0527  0.6731  0.6012  0.6145
 183  2.094143  3.7799  3.2627  1.5693  2.4332  1.0876  0.6947  0.6168  0.6259
 184  2.094368  3.7765  3.2583  1.5599  2.4917  1.1254  0.7183  0.6348  0.6399
 185  2.094587  3.7730  3.2551  1.5495  2.5543  1.1661  0.7447  0.6556  0.6567
 186  2.094795  3.7698  3.2533  1.5381  2.6195  1.2091  0.7739  0.6792  0.6764
 187  2.094994  3.7665  3.2528  1.5258  2.6872  1.2545  0.8057  0.7057  0.6990
 188  2.095183  3.7633  3.2535  1.5125  2.7584  1.3023  0.8400  0.7346  0.7241
 189  2.095361  3.7602  3.2553  1.4985  2.8312  1.3518  0.8763  0.7659  0.7516
 190  2.095531  3.7573  3.2579  1.4839  2.9061  1.4027  0.9144  0.7988  0.7809
 191  2.095693  3.7543  3.2615  1.4687  2.9825  1.4552  0.9540  0.8336  0.8121
 192  2.095851  3.7515  3.2657  1.4532  3.0601  1.5084  0.9946  0.8693  0.8444
 193  2.096002  3.7486  3.2701  1.4372  3.1403  1.5632  1.0366  0.9065  0.8780
 194  2.096153  3.7459  3.2753  1.4209  3.2209  1.6182  1.0793  0.9445  0.9126
 195  2.096303  3.7428  3.2799  1.4044  3.3078  1.6761  1.1234  0.9837  0.9479
 196  2.096465  3.7398  3.2841  1.3881  3.3956  1.7336  1.1673  1.0225  0.9828
 197  2.096633  3.7364  3.2868  1.3718  3.4904  1.7930  1.2114  1.0609  1.0168
 198  2.096825  3.7328  3.2866  1.3573  3.5873  1.8503  1.2519  1.0951  1.0463
 199  2.097045  3.7287  3.2809  1.3469  3.6814  1.9000  1.2832  1.1196  1.0655
 200  2.097293  3.7243  3.2664  1.3441  3.7640  1.9328  1.2964  1.1255  1.0656
 201  2.097531  3.7205  3.2451  1.3500  3.8182  1.9405  1.2875  1.1101  1.0449
 202  2.097740  3.7175  3.2217  1.3614  3.8455  1.9303  1.2645  1.0819  1.0127
 203  2.097924  3.7151  3.1987  1.3750  3.8558  1.9109  1.2346  1.0480  0.9754
 204  2.098094  3.7132  3.1762  1.3896  3.8564  1.8869  1.2019  1.0118  0.9364
 205  2.098256  3.7114  3.1544  1.4045  3.8521  1.8609  1.1681  0.9749  0.8971
 206  2.098417  3.7099  3.1335  1.4192  3.8460  1.8348  1.1347  0.9386  0.8585
 207  2.098576  3.7084  3.1129  1.4339  3.8387  1.8082  1.1011  0.9023  0.8201
 208  2.098735  3.7069  3.0926  1.4484  3.8309  1.7814  1.0679  0.8665  0.7822
 209  2.098895  3.7056  3.0722  1.4633  3.8216  1.7538  1.0339  0.8299  0.7435
 210  2.099056  3.7042  3.0519  1.4783  3.8117  1.7258  0.9997  0.7932  0.7047
 211  2.099218  3.7028  3.0316  1.4932  3.8010  1.6977  0.9653  0.7563  0.6658
 212  2.099380  3.7016  3.0112  1.5086  3.7884  1.6687  0.9303  0.7188  0.6263
 213  2.099530  3.7004  2.9901  1.5247  3.7725  1.6372  0.8931  0.6792  0.5847
 214  2.099688  3.6991  2.9695  1.5407  3.7553  1.6063  0.8565  0.6404  0.5440
 215  2.099842  3.6980  2.9490  1.5564  3.7370  1.5750  0.8201  0.6017  0.5034
 216  2.099996  3.6968  2.9284  1.5724  3.7179  1.5435  0.7833  0.5627  0.4624
 217  2.100015  3.6967  2.9257  1.5745  3.7155  1.5394  0.7785  0.5576  0.4571
 218  2.100035  3.6966  2.9230  1.5766  3.7128  1.5352  0.7737  0.5525  0.4517
 219  2.100053  3.6963  2.9204  1.5787  3.7102  1.5310  0.7688  0.5473  0.4464
 220  2.100073  3.6962  2.9177  1.5808  3.7078  1.5269  0.7640  0.5424  0.4411
 221  2.100092  3.6961  2.9151  1.5828  3.7055  1.5230  0.7593  0.5373  0.4358
 222  2.100112  3.6959  2.9125  1.5849  3.7030  1.5189  0.7546  0.5323  0.4306
 223  2.100132  3.6958  2.9098  1.5870  3.7006  1.5149  0.7499  0.5273  0.4253
 224  2.100150  3.6957  2.9072  1.5890  3.6982  1.5108  0.7451  0.5223  0.4201
 225  2.100170  3.6955  2.9045  1.5911  3.6957  1.5068  0.7405  0.5173  0.4148
 226  2.100189  3.6953  2.9018  1.5931  3.6934  1.5027  0.7357  0.5122  0.4096
 227  2.100370  3.6940  2.8774  1.6122  3.6702  1.4648  0.6917  0.4657  0.3607
 228  2.100515  3.6930  2.8584  1.6271  3.6513  1.4352  0.6574  0.4294  0.3227
 229  2.100707  3.6915  2.8319  1.6479  3.6269  1.3941  0.6096  0.3788  0.2695
 230  2.100842  3.6906  2.8139  1.6621  3.6101  1.3659  0.5770  0.3442  0.2335
 231  2.101009  3.6894  2.7907  1.6805  3.5906  1.3296  0.5349  0.2997  0.1868
 232  2.101164  3.6883  2.7697  1.6969  3.5739  1.2973  0.4972  0.2596  0.1449
 233  2.101298  3.6873  2.7513  1.7116  3.5577  1.2679  0.4632  0.2237  0.1075
 234  2.101513  3.6858  2.7229  1.7342  3.5342  1.2230  0.4114  0.1688  0.0502
 235  2.101647  3.6850  2.7054  1.7484  3.5176  1.1942  0.3785  0.1342  0.0143
 236  2.101855  3.6836  2.6784  1.7698  3.4978  1.1525  0.3299  0.0825 -0.0397
 237  2.101975  3.6827  2.6623  1.7826  3.4843  1.1268  0.3003  0.0510 -0.0724
 238  2.102162  3.6815  2.6375  1.8023  3.4654  1.0883  0.2554  0.0035 -0.1221
 239  2.102359  3.6801  2.6121  1.8227  3.4450  1.0481  0.2088 -0.0460 -0.1737
 240  2.102510  3.6791  2.5923  1.8384  3.4295  1.0171  0.1727 -0.0842 -0.2136
 241  2.102691  3.6779  2.5678  1.8579  3.4114  0.9792  0.1285 -0.1313 -0.2627
 242  2.102839  3.6769  2.5483  1.8735  3.3966  0.9489  0.0933 -0.1687 -0.3018
 243  2.102996  3.6758  2.5276  1.8900  3.3815  0.9168  0.0557 -0.2087 -0.3435
 244  2.103212  3.6743  2.4987  1.9129  3.3616  0.8727  0.0039 -0.2639 -0.4014
 245  2.103376  3.6731  2.4765  1.9303  3.3478  0.8395 -0.0353 -0.3058 -0.4453
 246  2.103533  3.6719  2.4551  1.9471  3.3346  0.8076 -0.0729 -0.3462 -0.4876
 247  2.103690  3.6709  2.4342  1.9636  3.3219  0.7766 -0.1096 -0.3855 -0.5289
 248  2.103844  3.6697  2.4125  1.9805  3.3094  0.7447 -0.1472 -0.4259 -0.5714
 249  2.104049  3.6681  2.3842  2.0026  3.2939  0.7035 -0.1963 -0.4787 -0.6271
 250  2.104182  3.6671  2.3661  2.0167  3.2839  0.6773 -0.2274 -0.5121 -0.6622
 251  2.104368  3.6657  2.3399  2.0372  3.2705  0.6396 -0.2725 -0.5608 -0.7137
 252  2.104516  3.6644  2.3189  2.0535  3.2602  0.6099 -0.3082 -0.5995 -0.7544
 253  2.104675  3.6632  2.2964  2.0709  3.2499  0.5784 -0.3463 -0.6407 -0.7980
 254  2.104823  3.6620  2.2749  2.0876  3.2399  0.5482 -0.3828 -0.6803 -0.8397
 255  2.104992  3.6606  2.2506  2.1065  3.2296  0.5145 -0.4238 -0.7248 -0.8868
 256  2.105124  3.6595  2.2314  2.1214  3.2219  0.4883 -0.4559 -0.7598 -0.9238
 257  2.105298  3.6581  2.2059  2.1411  3.2117  0.4534 -0.4986 -0.8063 -0.9729
 258  2.105437  3.6568  2.1851  2.1570  3.2042  0.4257 -0.5329 -0.8438 -1.0127
 259  2.105581  3.6556  2.1634  2.1739  3.1961  0.3964 -0.5689 -0.8832 -1.0545
 260  2.105727  3.6543  2.1414  2.1908  3.1882  0.3672 -0.6051 -0.9228 -1.0966
 261  2.105875  3.6531  2.1192  2.2079  3.1804  0.3377 -0.6417 -0.9630 -1.1392
 262  2.105996  3.6521  2.1010  2.2219  3.1749  0.3143 -0.6711 -0.9955 -1.1737
 263  2.106149  3.6507  2.0776  2.2400  3.1674  0.2836 -0.7094 -1.0376 -1.2184
 264  2.106266  3.6496  2.0595  2.2539  3.1617  0.2602 -0.7386 -1.0699 -1.2527
 265  2.106385  3.6485  2.0412  2.2680  3.1558  0.2362 -0.7684 -1.1028 -1.2877
 266  2.106497  3.6476  2.0234  2.2817  3.1501  0.2130 -0.7975 -1.1348 -1.3217
 267  2.106628  3.6464  2.0028  2.2975  3.1448  0.1870 -0.8301 -1.1712 -1.3606
 268  2.106758  3.6451  1.9830  2.3125  3.1417  0.1632 -0.8609 -1.2058 -1.3976
 269  2.106878  3.6440  1.9645  2.3265  3.1390  0.1408 -0.8899 -1.2381 -1.4321
 270  2.107004  3.6427  1.9451  2.3409  3.1382  0.1186 -0.9192 -1.2711 -1.4676
 271  2.107109  3.6419  1.9323  2.3504  3.1390  0.1046 -0.9383 -1.2927 -1.4906
 272  2.107250  3.6405  1.9102  2.3670  3.1374  0.0793 -0.9714 -1.3305 -1.5314
 273  2.107373  3.6394  1.8907  2.3821  3.1327  0.0549 -1.0023 -1.3652 -1.5685
 274  2.107458  3.6385  1.8760  2.3932  3.1298  0.0370 -1.0252 -1.3909 -1.5961
 275  2.107796  3.6374  1.8588  2.4062  3.1314  0.0167 -1.0528 -1.4208 -1.6278
 276  2.107860  3.6365  1.8455  2.4156  3.1365  0.0057 -1.0694 -1.4411 -1.6503
 277  2.107977  3.6354  1.8311  2.4258  3.1398 -0.0078 -1.0887 -1.4640 -1.6754
 278  2.108010  3.6361  1.8355  2.4240  3.1267 -0.0109 -1.0881 -1.4614 -1.6715
