#NUMBER OF AGES= 1
#----------------------------------------------------       
#MIX-LEN  Y      Z          Zeff        [Fe/H] [a/Fe]
# 1.9380  0.2714 1.7313E-02 1.7313E-02   0.03   0.00 
#----------------------------------------------------       
#**PHOTOMETRIC SYSTEM**: SDSS (AB)                          
#----------------------------------------------------       
#AGE= 1.250 EEPS=270
#EEP   M/Mo    LogTeff  LogG   LogL/Lo sdss_u  sdss_g  sdss_r  sdss_i  sdss_z
   3  0.115615  3.5060  5.2490 -2.7707 17.8611 14.7090 13.1998 11.9485 11.2356
   4  0.133654  3.5060  5.1851 -2.6437 17.4952 14.3835 12.8821 11.6327 10.9195
   5  0.169339  3.5089  5.1044 -2.4487 16.8739 13.8363 12.3541 11.1308 10.4301
   6  0.225719  3.5181  5.0406 -2.2227 16.0515 13.1134 11.6689 10.5183  9.8579
   7  0.291444  3.5273  4.9908 -2.0258 15.3481 12.4804 11.0701  9.9832  9.3601
   8  0.309773  3.5297  4.9758 -1.9746 15.1704 12.3180 10.9167  9.8451  9.2313
   9  0.315727  3.5304  4.9695 -1.9570 15.1109 12.2635 10.8649  9.7982  9.1872
  10  0.317903  3.5307  4.9658 -1.9491 15.0850 12.2399 10.8423  9.7773  9.1673
  11  0.319150  3.5308  4.9619 -1.9428 15.0658 12.2227 10.8256  9.7614  9.1517
  12  0.322113  3.5311  4.9559 -1.9315 15.0309 12.1908 10.7954  9.7326  9.1238
  13  0.324837  3.5315  4.9503 -1.9207 14.9953 12.1583 10.7646  9.7041  9.0966
  14  0.327687  3.5316  4.9455 -1.9112 14.9662 12.1317 10.7388  9.6797  9.0728
  15  0.331055  3.5320  4.9414 -1.9008 14.9322 12.1009 10.7087  9.6523  9.0466
  16  0.431787  3.5487  4.8608 -1.6396 14.0234 11.2429  9.8964  8.9377  8.3945
  17  0.448772  3.5521  4.8443 -1.5921 13.8596 11.0836  9.7437  8.8049  8.2765
  18  0.465344  3.5558  4.8277 -1.5450 13.6982 10.9244  9.5904  8.6730  8.1601
  19  0.480632  3.5596  4.8123 -1.5009 13.5476 10.7732  9.4445  8.5503  8.0520
  20  0.494674  3.5632  4.7985 -1.4601 13.4072 10.6301  9.3058  8.4365  7.9528
  21  0.506766  3.5666  4.7870 -1.4246 13.2840 10.5028  9.1819  8.3368  7.8666
  22  0.516844  3.5696  4.7779 -1.3947 13.1798 10.3935  9.0757  8.2520  7.7944
  23  0.526534  3.5728  4.7695 -1.3655 13.0786 10.2857  8.9702  8.1684  7.7240
  24  0.537129  3.5764  4.7606 -1.3339 12.9684 10.1673  8.8537  8.0771  7.6477
  25  0.550314  3.5807  4.7493 -1.2946 12.8318 10.0207  8.7092  7.9643  7.5539
  26  0.566629  3.5863  4.7352 -1.2451 12.6563  9.8330  8.5237  7.8215  7.4365
  27  0.595713  3.5980  4.7162 -1.1591 12.3279  9.4804  8.1824  7.5652  7.2308
  28  0.612448  3.6046  4.7034 -1.1075 12.1518  9.2894  8.0089  7.4225  7.1084
  29  0.594990  3.5974  4.7046 -1.1444 12.4431  9.4738  8.1412  7.5310  7.2059
  30  0.625444  3.6110  4.6873 -1.0522 12.1070  9.0931  7.7886  7.2622  6.9902
  31  0.885426  3.7231  4.5870 -0.3568  8.1638  6.2104  5.5380  5.3669  5.3093
  32  0.902437  3.7291  4.5789 -0.3158  7.9396  6.0692  5.4260  5.2654  5.2159
  33  0.919212  3.7350  4.5705 -0.2762  7.7270  5.9362  5.3193  5.1679  5.1256
  34  0.935465  3.7404  4.5619 -0.2381  7.5315  5.8100  5.2186  5.0760  5.0405
  35  0.953423  3.7464  4.5519 -0.1961  7.3226  5.6729  5.1085  4.9753  4.9469
  36  0.968002  3.7507  4.5433 -0.1632  7.1667  5.5686  5.0238  4.8974  4.8742
  37  0.982492  3.7550  4.5342 -0.1308  7.0182  5.4669  4.9412  4.8213  4.8032
  38  0.997630  3.7592  4.5245 -0.0974  6.8685  5.3632  4.8564  4.7431  4.7300
  39  1.014051  3.7636  4.5136 -0.0617  6.7123  5.2536  4.7661  4.6595  4.6516
  40  1.031416  3.7682  4.5015 -0.0243  6.5539  5.1405  4.6724  4.5726  4.5700
  41  1.047130  3.7721  4.4900  0.0094  6.4179  5.0406  4.5889  4.4949  4.4968
  42  1.053065  3.7735  4.4850  0.0226  6.3750  5.0049  4.5577  4.4658  4.4689
  43  1.074392  3.7783  4.4690  0.0670  6.1953  4.8725  4.4468  4.3622  4.3712
  44  1.091851  3.7823  4.4554  0.1033  6.0549  4.7656  4.3579  4.2797  4.2934
  45  1.081779  3.7810  4.4614  0.0891  6.1016  4.8042  4.3938  4.3142  4.3268
  46  1.092379  3.7836  4.4522  0.1132  6.0115  4.7380  4.3348  4.2570  4.2713
  47  1.204586  3.8061  4.3656  0.3315  5.2699  4.1312  3.7984  3.7479  3.7836
  48  1.382887  3.8354  4.2430  0.6308  4.3484  3.2843  3.0749  3.0780  3.1526
  49  1.426510  3.8417  4.2131  0.6991  4.1606  3.0990  2.9097  2.9224  3.0039
  50  1.489866  3.8512  4.1807  0.7883  3.9106  2.8533  2.6951  2.7235  2.8160
  51  1.523604  3.8550  4.1552  0.8394  3.7761  2.7166  2.5707  2.6056  2.7024
  52  1.528508  3.8555  4.1506  0.8471  3.7570  2.6967  2.5520  2.5876  2.6847
  53  1.534222  3.8560  4.1455  0.8558  3.7351  2.6740  2.5308  2.5673  2.6649
  54  1.541339  3.8566  4.1400  0.8660  3.7087  2.6468  2.5058  2.5434  2.6417
  55  1.550189  3.8576  4.1338  0.8784  3.6764  2.6137  2.4756  2.5149  2.6142
  56  1.560426  3.8588  4.1271  0.8925  3.6392  2.5758  2.4414  2.4826  2.5831
  57  1.571487  3.8600  4.1201  0.9075  3.5995  2.5352  2.4050  2.4484  2.5503
  58  1.582192  3.8612  4.1131  0.9222  3.5607  2.4958  2.3693  2.4149  2.5181
  59  1.592099  3.8622  4.1061  0.9359  3.5254  2.4594  2.3361  2.3835  2.4877
  60  1.601599  3.8629  4.0988  0.9488  3.4921  2.4251  2.3045  2.3531  2.4582
  61  1.610697  3.8635  4.0913  0.9613  3.4606  2.3924  2.2739  2.3238  2.4296
  62  1.619513  3.8641  4.0839  0.9733  3.4302  2.3607  2.2442  2.2952  2.4015
  63  1.628371  3.8647  4.0761  0.9854  3.4001  2.3293  2.2145  2.2666  2.3733
  64  1.637246  3.8651  4.0682  0.9973  3.3700  2.2980  2.1848  2.2377  2.3449
  65  1.646313  3.8655  4.0601  1.0096  3.3396  2.2664  2.1547  2.2084  2.3160
  66  1.655529  3.8658  4.0517  1.0219  3.3087  2.2342  2.1241  2.1785  2.2865
  67  1.665133  3.8663  4.0431  1.0346  3.2771  2.2013  2.0926  2.1479  2.2563
  68  1.674461  3.8665  4.0342  1.0471  3.2462  2.1692  2.0616  2.1176  2.2263
  69  1.683853  3.8666  4.0249  1.0594  3.2158  2.1375  2.0307  2.0872  2.1959
  70  1.692970  3.8666  4.0154  1.0713  3.1868  2.1071  2.0006  2.0573  2.1661
  71  1.701825  3.8666  4.0058  1.0829  3.1589  2.0779  1.9714  2.0282  2.1368
  72  1.710439  3.8665  3.9963  1.0941  3.1320  2.0497  1.9430  1.9997  2.1081
  73  1.718936  3.8662  3.9865  1.1050  3.1058  2.0222  1.9151  1.9716  2.0797
  74  1.727333  3.8659  3.9766  1.1158  3.0803  1.9953  1.8876  1.9437  2.0514
  75  1.735579  3.8655  3.9663  1.1264  3.0553  1.9691  1.8602  1.9158  2.0230
  76  1.743816  3.8649  3.9555  1.1370  3.0308  1.9432  1.8330  1.8878  1.9942
  77  1.751982  3.8641  3.9442  1.1473  3.0073  1.9184  1.8061  1.8598  1.9653
  78  1.760057  3.8633  3.9325  1.1575  2.9847  1.8943  1.7794  1.8319  1.9363
  79  1.768259  3.8623  3.9204  1.1676  2.9623  1.8704  1.7528  1.8036  1.9069
  80  1.776301  3.8612  3.9077  1.1777  2.9405  1.8471  1.7261  1.7753  1.8772
  81  1.784372  3.8599  3.8948  1.1877  2.9189  1.8239  1.6994  1.7467  1.8472
  82  1.789400  3.8591  3.8865  1.1940  2.9056  1.8096  1.6828  1.7289  1.8283
  83  1.794464  3.8582  3.8780  1.2003  2.8925  1.7955  1.6660  1.7107  1.8093
  84  1.799581  3.8573  3.8691  1.2066  2.8793  1.7811  1.6491  1.6923  1.7900
  85  1.804718  3.8563  3.8602  1.2130  2.8661  1.7668  1.6319  1.6738  1.7702
  86  1.809877  3.8553  3.8508  1.2194  2.8531  1.7526  1.6146  1.6549  1.7501
  87  1.815151  3.8542  3.8411  1.2259  2.8398  1.7382  1.5971  1.6357  1.7296
  88  1.820468  3.8530  3.8314  1.2325  2.8268  1.7239  1.5795  1.6163  1.7090
  89  1.825819  3.8518  3.8213  1.2390  2.8139  1.7097  1.5617  1.5966  1.6880
  90  1.831208  3.8506  3.8108  1.2457  2.8013  1.6957  1.5438  1.5768  1.6666
  91  1.836597  3.8492  3.8001  1.2522  2.7893  1.6820  1.5260  1.5569  1.6451
  92  1.841932  3.8478  3.7890  1.2586  2.7780  1.6690  1.5083  1.5367  1.6233
  93  1.847306  3.8462  3.7775  1.2651  2.7671  1.6564  1.4908  1.5166  1.6015
  94  1.852655  3.8446  3.7660  1.2715  2.7568  1.6439  1.4733  1.4965  1.5795
  95  1.857987  3.8429  3.7541  1.2777  2.7469  1.6318  1.4558  1.4764  1.5574
  96  1.863308  3.8412  3.7422  1.2840  2.7378  1.6203  1.4387  1.4564  1.5354
  97  1.868588  3.8393  3.7301  1.2902  2.7289  1.6090  1.4216  1.4364  1.5134
  98  1.873829  3.8374  3.7178  1.2961  2.7212  1.5983  1.4050  1.4169  1.4917
  99  1.879003  3.8356  3.7055  1.3020  2.7140  1.5879  1.3886  1.3976  1.4703
 100  1.884086  3.8336  3.6931  1.3079  2.7073  1.5780  1.3726  1.3787  1.4493
 101  1.889102  3.8316  3.6806  1.3135  2.7015  1.5684  1.3569  1.3600  1.4283
 102  1.894118  3.8297  3.6681  1.3193  2.6959  1.5589  1.3412  1.3412  1.4073
 103  1.899147  3.8277  3.6558  1.3252  2.6900  1.5490  1.3249  1.3220  1.3859
 104  1.904195  3.8261  3.6437  1.3314  2.6833  1.5383  1.3082  1.3023  1.3643
 105  1.909213  3.8244  3.6321  1.3379  2.6749  1.5260  1.2907  1.2825  1.3426
 106  1.913982  3.8233  3.6218  1.3450  2.6635  1.5114  1.2725  1.2624  1.3213
 107  1.918026  3.8229  3.6138  1.3519  2.6490  1.4952  1.2547  1.2439  1.3022
 108  1.921158  3.8231  3.6088  1.3584  2.6322  1.4781  1.2383  1.2280  1.2865
 109  1.923523  3.8237  3.6059  1.3644  2.6147  1.4613  1.2238  1.2145  1.2737
 110  1.925267  3.8247  3.6047  1.3699  2.5968  1.4447  1.2107  1.2031  1.2634
 111  1.926594  3.8259  3.6050  1.3748  2.5789  1.4287  1.1989  1.1933  1.2550
 112  1.926840  3.8262  3.6050  1.3758  2.5751  1.4253  1.1965  1.1915  1.2534
 113  1.927086  3.8265  3.6054  1.3770  2.5706  1.4214  1.1939  1.1894  1.2517
 114  1.927332  3.8268  3.6057  1.3781  2.5665  1.4178  1.1914  1.1874  1.2501
 115  1.927578  3.8273  3.6059  1.3792  2.5624  1.4141  1.1888  1.1855  1.2485
 116  1.927822  3.8276  3.6063  1.3804  2.5581  1.4103  1.1862  1.1835  1.2469
 117  1.928067  3.8281  3.6069  1.3817  2.5525  1.4055  1.1831  1.1810  1.2451
 118  1.928312  3.8285  3.6075  1.3830  2.5472  1.4008  1.1800  1.1788  1.2433
 119  1.928555  3.8289  3.6081  1.3844  2.5420  1.3962  1.1770  1.1765  1.2415
 120  1.928797  3.8294  3.6087  1.3858  2.5363  1.3912  1.1738  1.1742  1.2397
 121  1.929041  3.8302  3.6099  1.3875  2.5293  1.3851  1.1700  1.1715  1.2378
 122  1.929282  3.8308  3.6108  1.3892  2.5228  1.3794  1.1663  1.1689  1.2358
 123  1.929523  3.8314  3.6118  1.3908  2.5160  1.3734  1.1626  1.1662  1.2340
 124  1.929763  3.8323  3.6134  1.3927  2.5077  1.3662  1.1582  1.1633  1.2320
 125  1.930001  3.8331  3.6148  1.3947  2.4997  1.3592  1.1540  1.1604  1.2299
 126  1.930239  3.8341  3.6165  1.3967  2.4913  1.3518  1.1496  1.1573  1.2279
 127  1.930476  3.8351  3.6185  1.3989  2.4817  1.3432  1.1445  1.1541  1.2259
 128  1.930709  3.8362  3.6205  1.4013  2.4721  1.3348  1.1396  1.1509  1.2238
 129  1.930939  3.8375  3.6231  1.4041  2.4605  1.3244  1.1336  1.1471  1.2215
 130  1.931166  3.8388  3.6257  1.4067  2.4493  1.3142  1.1278  1.1435  1.2194
 131  1.931390  3.8404  3.6288  1.4099  2.4361  1.3023  1.1211  1.1395  1.2171
 132  1.931609  3.8419  3.6320  1.4132  2.4229  1.2901  1.1143  1.1355  1.2148
 133  1.931821  3.8438  3.6357  1.4168  2.4081  1.2764  1.1068  1.1310  1.2124
 134  1.932025  3.8458  3.6398  1.4208  2.3923  1.2615  1.0984  1.1262  1.2097
 135  1.932219  3.8480  3.6442  1.4253  2.3750  1.2451  1.0894  1.1209  1.2068
 136  1.932403  3.8504  3.6491  1.4299  2.3568  1.2276  1.0796  1.1153  1.2039
 137  1.932575  3.8529  3.6543  1.4349  2.3376  1.2091  1.0694  1.1094  1.2007
 138  1.932730  3.8557  3.6597  1.4405  2.3175  1.1896  1.0583  1.1029  1.1969
 139  1.932870  3.8585  3.6652  1.4462  2.2964  1.1691  1.0465  1.0958  1.1927
 140  1.932991  3.8613  3.6703  1.4524  2.2750  1.1478  1.0341  1.0881  1.1879
 141  1.933097  3.8641  3.6753  1.4588  2.2530  1.1258  1.0211  1.0801  1.1829
 142  1.933190  3.8669  3.6799  1.4654  2.2308  1.1035  1.0077  1.0717  1.1775
 143  1.933270  3.8697  3.6843  1.4722  2.2086  1.0810  0.9941  1.0630  1.1716
 144  1.933341  3.8725  3.6885  1.4791  2.1864  1.0585  0.9802  1.0540  1.1655
 145  1.933405  3.8752  3.6923  1.4860  2.1640  1.0362  0.9662  1.0445  1.1585
 146  1.933463  3.8778  3.6958  1.4930  2.1421  1.0143  0.9520  1.0347  1.1512
 147  1.933515  3.8805  3.6989  1.5003  2.1194  0.9916  0.9371  1.0242  1.1432
 148  1.933598  3.8833  3.7040  1.5070  2.0974  0.9698  0.9242  1.0163  1.1381
 149  1.933664  3.8839  3.7082  1.5052  2.1010  0.9736  0.9296  1.0227  1.1451
 150  1.933699  3.8822  3.7107  1.4961  2.1262  0.9994  0.9500  1.0402  1.1611
 151  1.933716  3.8805  3.7115  1.4883  2.1485  1.0220  0.9674  1.0544  1.1738
 152  1.933736  3.8788  3.7119  1.4810  2.1691  1.0431  0.9832  1.0672  1.1852
 153  1.933754  3.8770  3.7114  1.4740  2.1899  1.0640  0.9985  1.0794  1.1955
 154  1.933772  3.8749  3.7105  1.4669  2.2109  1.0852  1.0137  1.0912  1.2054
 155  1.933794  3.8724  3.7080  1.4592  2.2348  1.1090  1.0299  1.1031  1.2147
 156  1.933832  3.8681  3.6972  1.4526  2.2602  1.1341  1.0413  1.1069  1.2140
 157  1.933884  3.8631  3.6768  1.4531  2.2702  1.1425  1.0341  1.0912  1.1930
 158  1.933936  3.8584  3.6551  1.4565  2.2726  1.1431  1.0205  1.0700  1.1669
 159  1.933993  3.8541  3.6313  1.4632  2.2668  1.1347  0.9994  1.0418  1.1342
 160  1.934058  3.8501  3.6080  1.4700  2.2612  1.1260  0.9781  1.0139  1.1019
 161  1.934145  3.8454  3.5840  1.4755  2.2618  1.1225  0.9600  0.9881  1.0710
 162  1.934400  3.8352  3.5382  1.4806  2.2848  1.1352  0.9390  0.9500  1.0215
 163  1.934693  3.8264  3.5005  1.4830  2.3151  1.1530  0.9268  0.9232  0.9847
 164  1.935024  3.8189  3.4710  1.4830  2.3511  1.1741  0.9226  0.9069  0.9600
 165  1.935375  3.8128  3.4478  1.4815  2.3876  1.1968  0.9237  0.8979  0.9442
 166  1.935735  3.8074  3.4289  1.4789  2.4248  1.2206  0.9282  0.8933  0.9336
 167  1.936096  3.8026  3.4128  1.4757  2.4676  1.2456  0.9338  0.8910  0.9257
 168  1.936455  3.7981  3.3989  1.4717  2.5151  1.2672  0.9419  0.8928  0.9229
 169  1.936809  3.7940  3.3872  1.4671  2.5626  1.2907  0.9520  0.8971  0.9229
 170  1.937153  3.7902  3.3774  1.4620  2.6092  1.3184  0.9640  0.9029  0.9242
 171  1.937485  3.7865  3.3688  1.4559  2.6561  1.3478  0.9785  0.9112  0.9284
 172  1.937800  3.7830  3.3616  1.4491  2.7036  1.3784  0.9957  0.9227  0.9355
 173  1.938097  3.7797  3.3558  1.4415  2.7537  1.4105  1.0150  0.9364  0.9452
 174  1.938374  3.7764  3.3512  1.4331  2.8085  1.4449  1.0359  0.9520  0.9571
 175  1.938631  3.7732  3.3478  1.4240  2.8654  1.4808  1.0588  0.9698  0.9713
 176  1.938869  3.7702  3.3454  1.4143  2.9234  1.5182  1.0835  0.9894  0.9874
 177  1.939089  3.7673  3.3440  1.4041  2.9816  1.5564  1.1096  1.0108  1.0052
 178  1.939294  3.7646  3.3436  1.3936  3.0403  1.5950  1.1368  1.0333  1.0244
 179  1.939483  3.7619  3.3439  1.3828  3.0999  1.6343  1.1647  1.0568  1.0447
 180  1.939658  3.7595  3.3449  1.3719  3.1589  1.6736  1.1934  1.0813  1.0662
 181  1.939822  3.7570  3.3466  1.3606  3.2182  1.7133  1.2226  1.1066  1.0886
 182  1.940034  3.7540  3.3494  1.3455  3.2966  1.7661  1.2620  1.1408  1.1189
 183  1.940239  3.7508  3.3527  1.3295  3.3808  1.8224  1.3041  1.1776  1.1519
 184  1.940434  3.7477  3.3568  1.3131  3.4653  1.8791  1.3473  1.2156  1.1861
 185  1.940629  3.7444  3.3616  1.2955  3.5571  1.9402  1.3939  1.2569  1.2233
 186  1.940837  3.7409  3.3656  1.2777  3.6552  2.0035  1.4417  1.2988  1.2608
 187  1.941061  3.7373  3.3670  1.2615  3.7538  2.0642  1.4857  1.3368  1.2940
 188  1.941305  3.7334  3.3638  1.2492  3.8487  2.1170  1.5210  1.3655  1.3176
 189  1.941552  3.7296  3.3553  1.2427  3.9285  2.1554  1.5422  1.3804  1.3276
 190  1.941791  3.7262  3.3433  1.2409  3.9918  2.1800  1.5512  1.3835  1.3262
 191  1.942024  3.7229  3.3293  1.2424  4.0446  2.1955  1.5525  1.3795  1.3180
 192  1.942259  3.7199  3.3136  1.2460  4.0900  2.2042  1.5482  1.3700  1.3043
 193  1.942505  3.7170  3.2955  1.2521  4.1306  2.2073  1.5382  1.3548  1.2851
 194  1.942759  3.7142  3.2753  1.2610  4.1623  2.2035  1.5214  1.3331  1.2593
 195  1.943004  3.7116  3.2544  1.2719  4.1821  2.1922  1.4987  1.3060  1.2286
 196  1.943235  3.7095  3.2319  1.2859  4.1883  2.1714  1.4681  1.2716  1.1911
 197  1.943455  3.7077  3.2096  1.3010  4.1869  2.1457  1.4342  1.2344  1.1513
 198  1.943665  3.7061  3.1867  1.3175  4.1781  2.1155  1.3968  1.1939  1.1085
 199  1.943868  3.7046  3.1640  1.3347  4.1641  2.0823  1.3573  1.1519  1.0643
 200  1.944064  3.7033  3.1412  1.3523  4.1465  2.0475  1.3164  1.1085  1.0190
 201  1.944261  3.7021  3.1180  1.3705  4.1256  2.0106  1.2739  1.0636  0.9722
 202  1.944457  3.7009  3.0958  1.3879  4.1061  1.9758  1.2336  1.0210  0.9276
 203  1.944653  3.6997  3.0737  1.4052  4.0848  1.9410  1.1934  0.9784  0.8831
 204  1.944848  3.6985  3.0518  1.4225  4.0622  1.9060  1.1530  0.9360  0.8387
 205  1.945043  3.6974  3.0297  1.4400  4.0389  1.8706  1.1125  0.8931  0.7940
 206  1.945236  3.6962  3.0076  1.4576  4.0157  1.8352  1.0717  0.8503  0.7492
 207  1.945429  3.6950  2.9854  1.4752  3.9922  1.7997  1.0310  0.8073  0.7042
 208  1.945621  3.6939  2.9633  1.4928  3.9687  1.7638  0.9901  0.7642  0.6592
 209  1.945811  3.6927  2.9410  1.5104  3.9459  1.7284  0.9493  0.7211  0.6142
 210  1.946001  3.6916  2.9188  1.5280  3.9240  1.6932  0.9087  0.6783  0.5694
 211  1.946191  3.6904  2.8966  1.5457  3.9040  1.6579  0.8680  0.6352  0.5245
 212  1.946381  3.6893  2.8743  1.5634  3.8845  1.6229  0.8275  0.5922  0.4797
 213  1.946572  3.6882  2.8519  1.5811  3.8652  1.5876  0.7867  0.5490  0.4346
 214  1.946763  3.6869  2.8294  1.5991  3.8461  1.5518  0.7454  0.5054  0.3890
 215  1.946954  3.6858  2.8070  1.6170  3.8268  1.5162  0.7042  0.4618  0.3435
 216  1.947146  3.6846  2.7846  1.6347  3.8085  1.4810  0.6635  0.4186  0.2986
 217  1.947163  3.6845  2.7827  1.6362  3.8071  1.4779  0.6601  0.4150  0.2947
 218  1.947180  3.6844  2.7808  1.6378  3.8055  1.4749  0.6565  0.4112  0.2908
 219  1.947196  3.6843  2.7789  1.6393  3.8040  1.4718  0.6529  0.4075  0.2869
 220  1.947213  3.6843  2.7771  1.6409  3.8011  1.4683  0.6491  0.4035  0.2828
 221  1.947231  3.6841  2.7750  1.6424  3.8009  1.4659  0.6460  0.4002  0.2793
 222  1.947247  3.6840  2.7732  1.6439  3.7994  1.4628  0.6426  0.3964  0.2755
 223  1.947264  3.6839  2.7712  1.6454  3.7978  1.4599  0.6390  0.3927  0.2715
 224  1.947281  3.6838  2.7692  1.6470  3.7962  1.4568  0.6356  0.3890  0.2676
 225  1.947297  3.6838  2.7673  1.6485  3.7946  1.4538  0.6320  0.3852  0.2638
 226  1.947315  3.6837  2.7654  1.6500  3.7932  1.4508  0.6286  0.3816  0.2600
 227  1.947488  3.6827  2.7454  1.6660  3.7773  1.4193  0.5920  0.3427  0.2194
 228  1.947654  3.6817  2.7266  1.6811  3.7615  1.3894  0.5575  0.3062  0.1813
 229  1.947799  3.6809  2.7103  1.6940  3.7485  1.3639  0.5278  0.2747  0.1486
 230  1.948008  3.6796  2.6865  1.7131  3.7293  1.3266  0.4843  0.2287  0.1005
 231  1.948178  3.6787  2.6673  1.7285  3.7136  1.2962  0.4492  0.1914  0.0616
 232  1.948380  3.6775  2.6445  1.7466  3.6969  1.2610  0.4081  0.1476  0.0159
 233  1.948521  3.6768  2.6289  1.7591  3.6840  1.2363  0.3794  0.1173 -0.0157
 234  1.948721  3.6756  2.6059  1.7774  3.6670  1.2007  0.3379  0.0731 -0.0619
 235  1.948854  3.6748  2.5908  1.7894  3.6557  1.1774  0.3106  0.0441 -0.0923
 236  1.949036  3.6737  2.5700  1.8060  3.6408  1.1454  0.2732  0.0042 -0.1339
 237  1.949207  3.6726  2.5503  1.8217  3.6272  1.1153  0.2379 -0.0334 -0.1732
 238  1.949385  3.6716  2.5295  1.8381  3.6132  1.0839  0.2009 -0.0729 -0.2148
 239  1.949540  3.6706  2.5115  1.8522  3.6013  1.0568  0.1692 -0.1070 -0.2503
 240  1.949707  3.6695  2.4918  1.8679  3.5879  1.0269  0.1341 -0.1444 -0.2897
 241  1.949899  3.6683  2.4694  1.8856  3.5739  0.9934  0.0946 -0.1867 -0.3340
 242  1.950036  3.6675  2.4530  1.8985  3.5635  0.9690  0.0659 -0.2175 -0.3663
 243  1.950187  3.6665  2.4348  1.9128  3.5524  0.9421  0.0341 -0.2517 -0.4022
 244  1.950353  3.6654  2.4147  1.9286  3.5414  0.9129 -0.0008 -0.2892 -0.4418
 245  1.950538  3.6642  2.3921  1.9463  3.5289  0.8800 -0.0399 -0.3313 -0.4861
 246  1.950691  3.6632  2.3737  1.9606  3.5191  0.8538 -0.0715 -0.3653 -0.5219
 247  1.950853  3.6622  2.3548  1.9753  3.5096  0.8268 -0.1040 -0.4003 -0.5587
 248  1.950994  3.6613  2.3391  1.9876  3.5023  0.8047 -0.1307 -0.4295 -0.5895
 249  1.951150  3.6603  2.3212  2.0017  3.4938  0.7797 -0.1612 -0.4624 -0.6242
 250  1.951293  3.6594  2.3047  2.0145  3.4859  0.7565 -0.1893 -0.4928 -0.6563
 251  1.951465  3.6582  2.2836  2.0309  3.4768  0.7274 -0.2248 -0.5315 -0.6971
 252  1.951606  3.6572  2.2658  2.0447  3.4691  0.7028 -0.2550 -0.5642 -0.7316
 253  1.951758  3.6561  2.2472  2.0591  3.4620  0.6778 -0.2858 -0.5978 -0.7672
 254  1.951909  3.6551  2.2282  2.0738  3.4550  0.6523 -0.3174 -0.6322 -0.8038
 255  1.952052  3.6540  2.2105  2.0873  3.4489  0.6289 -0.3464 -0.6641 -0.8375
 256  1.952188  3.6530  2.1934  2.1005  3.4434  0.6065 -0.3745 -0.6949 -0.8702
 257  1.952319  3.6520  2.1763  2.1137  3.4377  0.5841 -0.4024 -0.7256 -0.9027
 258  1.952443  3.6511  2.1602  2.1261  3.4321  0.5629 -0.4289 -0.7546 -0.9335
 259  1.952590  3.6500  2.1414  2.1406  3.4253  0.5381 -0.4599 -0.7885 -0.9694
 260  1.952722  3.6491  2.1244  2.1539  3.4184  0.5150 -0.4883 -0.8197 -1.0024
 261  1.952854  3.6482  2.1072  2.1674  3.4106  0.4914 -0.5170 -0.8512 -1.0357
 262  1.952980  3.6473  2.0913  2.1799  3.4041  0.4697 -0.5438 -0.8804 -1.0666
 263  1.953100  3.6464  2.0756  2.1920  3.3985  0.4492 -0.5693 -0.9085 -1.0966
 264  1.953214  3.6456  2.0612  2.2031  3.3946  0.4309 -0.5924 -0.9341 -1.1238
 265  1.953343  3.6446  2.0451  2.2154  3.3909  0.4109 -0.6180 -0.9626 -1.1542
 266  1.953446  3.6439  2.0331  2.2245  3.3887  0.3961 -0.6369 -0.9836 -1.1767
 267  1.953564  3.6432  2.0196  2.2350  3.3842  0.3786 -0.6588 -1.0080 -1.2025
 268  1.953669  3.6426  2.0084  2.2441  3.3774  0.3620 -0.6786 -1.0293 -1.2249
 269  1.953770  3.6422  1.9989  2.2521  3.3685  0.3460 -0.6966 -1.0485 -1.2448
 270  1.953878  3.6419  1.9911  2.2589  3.3595  0.3318 -0.7125 -1.0649 -1.2617
 271  1.953992  3.6418  1.9851  2.2642  3.3523  0.3207 -0.7247 -1.0776 -1.2749
 272  1.954105  3.6417  1.9830  2.2661  3.3501  0.3170 -0.7288 -1.0820 -1.2793
