#NUMBER OF AGES= 1
#----------------------------------------------------       
#MIX-LEN  Y      Z          Zeff        [Fe/H] [a/Fe]
# 1.9380  0.2714 1.7313E-02 1.7313E-02   0.03   0.00 
#----------------------------------------------------       
#**PHOTOMETRIC SYSTEM**: SDSS (AB)                          
#----------------------------------------------------       
#AGE= 1.500 EEPS=273
#EEP   M/Mo    LogTeff  LogG   LogL/Lo sdss_u  sdss_g  sdss_r  sdss_i  sdss_z
   4  0.118990  3.5060  5.2360 -2.7452 17.7882 14.6441 13.1365 11.8853 11.1724
   5  0.138976  3.5061  5.1691 -2.6102 17.3963 14.2957 12.7967 11.5487 10.8360
   6  0.181120  3.5109  5.0887 -2.3957 16.6808 13.6679 12.1942 10.9874 10.2958
   7  0.236048  3.5197  5.0310 -2.1875 15.9245 13.0005 11.5620 10.4227  9.7690
   8  0.293884  3.5276  4.9877 -2.0177 15.3205 12.4552 11.0465  9.9616  9.3398
   9  0.308918  3.5296  4.9746 -1.9752 15.1733 12.3209 10.9193  9.8470  9.2327
  10  0.314437  3.5303  4.9686 -1.9585 15.1172 12.2696 10.8706  9.8027  9.1910
  11  0.316336  3.5305  4.9648 -1.9510 15.0932 12.2477 10.8496  9.7833  9.1724
  12  0.319527  3.5308  4.9583 -1.9389 15.0553 12.2132 10.8168  9.7520  9.1421
  13  0.322029  3.5313  4.9525 -1.9280 15.0189 12.1802 10.7859  9.7232  9.1147
  14  0.324170  3.5312  4.9465 -1.9190 14.9938 12.1573 10.7636  9.7009  9.0924
  15  0.324579  3.5313  4.9458 -1.9169 14.9867 12.1507 10.7569  9.6954  9.0873
  16  0.326235  3.5314  4.9428 -1.9108 14.9679 12.1339 10.7403  9.6799  9.0720
  17  0.330409  3.5316  4.9380 -1.8983 14.9266 12.0970 10.7044  9.6471  9.0403
  18  0.443522  3.5510  4.8479 -1.6054 13.9067 11.1301  9.7882  8.8429  8.3096
  19  0.461183  3.5549  4.8304 -1.5556 13.7367 10.9627  9.6273  8.7036  8.1863
  20  0.476994  3.5585  4.8143 -1.5103 13.5818 10.8081  9.4782  8.5770  8.0748
  21  0.491482  3.5622  4.7999 -1.4682 13.4370 10.6611  9.3357  8.4598  7.9723
  22  0.504375  3.5658  4.7878 -1.4305 13.3063 10.5262  9.2048  8.3541  7.8808
  23  0.514869  3.5689  4.7783 -1.3993 13.1981 10.4132  9.0947  8.2662  7.8056
  24  0.524615  3.5721  4.7697 -1.3701 13.0963 10.3050  8.9891  8.1822  7.7349
  25  0.535034  3.5756  4.7609 -1.3389 12.9876 10.1880  8.8743  8.0921  7.6596
  26  0.547773  3.5798  4.7499 -1.3009 12.8556 10.0465  8.7348  7.9832  7.5687
  27  0.563805  3.5853  4.7362 -1.2524 12.6839  9.8627  8.5529  7.8432  7.4537
  28  0.581710  3.5919  4.7211 -1.1972 12.4921  9.6549  8.3509  7.6859  7.3238
  29  0.609545  3.6035  4.7039 -1.1146 12.1793  9.3174  8.0328  7.4421  7.1253
  30  0.592148  3.5961  4.7052 -1.1525 12.4679  9.5099  8.1779  7.5566  7.2244
  31  0.620434  3.6087  4.6886 -1.0662 12.1588  9.1548  7.8451  7.3042  7.0230
  32  0.662911  3.6285  4.6684 -0.9394 11.5990  8.6038  7.3679  6.9351  6.7211
  33  0.888124  3.7246  4.5826 -0.3448  8.1033  6.1700  5.5054  5.3371  5.2817
  34  0.904585  3.7305  4.5744 -0.3050  7.8862  6.0342  5.3971  5.2385  5.1907
  35  0.920735  3.7360  4.5659 -0.2666  7.6815  5.9053  5.2938  5.1441  5.1032
  36  0.936764  3.7415  4.5572 -0.2286  7.4874  5.7796  5.1931  5.0523  5.0181
  37  0.953358  3.7468  4.5474 -0.1897  7.2987  5.6548  5.0925  4.9599  4.9320
  38  0.967506  3.7511  4.5387 -0.1574  7.1468  5.5525  5.0095  4.8836  4.8608
  39  0.981645  3.7552  4.5295 -0.1255  7.0010  5.4525  4.9279  4.8085  4.7906
  40  0.996322  3.7593  4.5198 -0.0927  6.8548  5.3509  4.8447  4.7316  4.7186
  41  1.012293  3.7637  4.5086 -0.0574  6.7017  5.2432  4.7557  4.6492  4.6413
  42  1.028961  3.7680  4.4966 -0.0211  6.5483  5.1334  4.6645  4.5645  4.5616
  43  1.042669  3.7713  4.4859  0.0089  6.4292  5.0450  4.5903  4.4954  4.4963
  44  1.049189  3.7729  4.4804  0.0238  6.3778  5.0038  4.5548  4.4621  4.4648
  45  1.070765  3.7779  4.4637  0.0691  6.1948  4.8688  4.4413  4.3562  4.3646
  46  1.063616  3.7772  4.4682  0.0597  6.2281  4.8944  4.4658  4.3805  4.3885
  47  1.076287  3.7805  4.4575  0.0889  6.1061  4.8063  4.3943  4.3138  4.3257
  48  1.086674  3.7830  4.4483  0.1127  6.0162  4.7400  4.3361  4.2578  4.2718
  49  1.200452  3.8059  4.3565  0.3384  5.2545  4.1144  3.7812  3.7306  3.7661
  50  1.385076  3.8338  4.2137  0.6544  4.3019  3.2295  3.0142  3.0148  3.0873
  51  1.433801  3.8396  4.1788  0.7274  4.0981  3.0315  2.8363  2.8464  2.9253
  52  1.444256  3.8408  4.1712  0.7429  4.0559  2.9902  2.7989  2.8106  2.8909
  53  1.455467  3.8421  4.1632  0.7592  4.0112  2.9460  2.7589  2.7727  2.8544
  54  1.466894  3.8433  4.1549  0.7757  3.9663  2.9015  2.7185  2.7344  2.8175
  55  1.478366  3.8444  4.1464  0.7921  3.9215  2.8574  2.6785  2.6963  2.7807
  56  1.488427  3.8454  4.1387  0.8065  3.8828  2.8189  2.6431  2.6625  2.7481
  57  1.496257  3.8459  4.1318  0.8180  3.8527  2.7883  2.6147  2.6352  2.7214
  58  1.503760  3.8466  4.1248  0.8300  3.8224  2.7570  2.5854  2.6071  2.6940
  59  1.509168  3.8467  4.1187  0.8383  3.8018  2.7356  2.5645  2.5865  2.6736
  60  1.515497  3.8472  4.1119  0.8486  3.7766  2.7088  2.5391  2.5619  2.6495
  61  1.520390  3.8473  4.1056  0.8565  3.7578  2.6889  2.5194  2.5422  2.6298
  62  1.525272  3.8472  4.0991  0.8644  3.7393  2.6693  2.4997  2.5225  2.6101
  63  1.530667  3.8472  4.0923  0.8727  3.7194  2.6482  2.4787  2.5016  2.5891
  64  1.536816  3.8473  4.0850  0.8820  3.6970  2.6247  2.4554  2.4785  2.5660
  65  1.544102  3.8475  4.0770  0.8926  3.6706  2.5974  2.4287  2.4523  2.5399
  66  1.552460  3.8477  4.0685  0.9046  3.6408  2.5665  2.3989  2.4230  2.5109
  67  1.561617  3.8480  4.0596  0.9175  3.6084  2.5331  2.3668  2.3915  2.4799
  68  1.571001  3.8484  4.0503  0.9308  3.5753  2.4991  2.3340  2.3594  2.4480
  69  1.580215  3.8486  4.0408  0.9437  3.5431  2.4658  2.3016  2.3275  2.4163
  70  1.589446  3.8486  4.0309  0.9565  3.5116  2.4333  2.2697  2.2958  2.3846
  71  1.597950  3.8486  4.0210  0.9684  3.4829  2.4033  2.2396  2.2658  2.3545
  72  1.606218  3.8484  4.0109  0.9800  3.4551  2.3742  2.2102  2.2362  2.3247
  73  1.614239  3.8481  4.0006  0.9913  3.4286  2.3462  2.1814  2.2071  2.2951
  74  1.622362  3.8477  3.9899  1.0026  3.4022  2.3184  2.1526  2.1777  2.2653
  75  1.630517  3.8472  3.9786  1.0139  3.3764  2.2910  2.1237  2.1481  2.2350
  76  1.638707  3.8466  3.9671  1.0252  3.3509  2.2638  2.0948  2.1184  2.2045
  77  1.646993  3.8459  3.9552  1.0365  3.3254  2.2364  2.0655  2.0882  2.1735
  78  1.655434  3.8452  3.9429  1.0479  3.2999  2.2092  2.0361  2.0575  2.1419
  79  1.663936  3.8443  3.9301  1.0593  3.2752  2.1824  2.0066  2.0267  2.1101
  80  1.672333  3.8433  3.9171  1.0705  3.2513  2.1565  1.9776  1.9961  2.0783
  81  1.680548  3.8422  3.9040  1.0813  3.2287  2.1315  1.9493  1.9662  2.0471
  82  1.685322  3.8415  3.8963  1.0875  3.2160  2.1174  1.9330  1.9489  2.0289
  83  1.689998  3.8407  3.8883  1.0936  3.2039  2.1038  1.9170  1.9317  2.0109
  84  1.694608  3.8398  3.8803  1.0996  3.1922  2.0906  1.9013  1.9148  1.9929
  85  1.699193  3.8390  3.8722  1.1054  3.1810  2.0777  1.8857  1.8979  1.9751
  86  1.703805  3.8381  3.8639  1.1113  3.1699  2.0650  1.8702  1.8811  1.9571
  87  1.708450  3.8372  3.8556  1.1172  3.1590  2.0524  1.8546  1.8641  1.9392
  88  1.713061  3.8362  3.8470  1.1230  3.1485  2.0399  1.8391  1.8471  1.9211
  89  1.717736  3.8352  3.8382  1.1288  3.1382  2.0276  1.8236  1.8300  1.9029
  90  1.722457  3.8341  3.8291  1.1346  3.1283  2.0154  1.8083  1.8131  1.8847
  91  1.727155  3.8330  3.8198  1.1405  3.1189  2.0036  1.7928  1.7959  1.8662
  92  1.731856  3.8316  3.8103  1.1461  3.1100  1.9920  1.7775  1.7789  1.8478
  93  1.736575  3.8304  3.8008  1.1518  3.1015  1.9809  1.7625  1.7620  1.8293
  94  1.741252  3.8291  3.7911  1.1574  3.0936  1.9700  1.7476  1.7451  1.8110
  95  1.745844  3.8276  3.7815  1.1627  3.0866  1.9599  1.7330  1.7285  1.7930
  96  1.750362  3.8263  3.7719  1.1679  3.0802  1.9503  1.7189  1.7123  1.7752
  97  1.754789  3.8249  3.7623  1.1730  3.0745  1.9413  1.7053  1.6965  1.7578
  98  1.759132  3.8235  3.7528  1.1779  3.0694  1.9327  1.6919  1.6808  1.7405
  99  1.763436  3.8221  3.7433  1.1827  3.0646  1.9244  1.6787  1.6654  1.7235
 100  1.767737  3.8207  3.7338  1.1875  3.0598  1.9162  1.6656  1.6501  1.7064
 101  1.772049  3.8193  3.7244  1.1926  3.0546  1.9078  1.6525  1.6346  1.6893
 102  1.776373  3.8178  3.7148  1.1975  3.0494  1.8992  1.6389  1.6189  1.6719
 103  1.780784  3.8166  3.7053  1.2030  3.0430  1.8895  1.6245  1.6025  1.6540
 104  1.785248  3.8153  3.6957  1.2087  3.0361  1.8789  1.6094  1.5852  1.6352
 105  1.789644  3.8143  3.6863  1.2149  3.0273  1.8664  1.5931  1.5673  1.6161
 106  1.793648  3.8135  3.6781  1.2213  3.0161  1.8525  1.5766  1.5497  1.5975
 107  1.796830  3.8134  3.6717  1.2275  3.0027  1.8377  1.5611  1.5339  1.5815
 108  1.799307  3.8135  3.6670  1.2332  2.9885  1.8231  1.5469  1.5198  1.5675
 109  1.801245  3.8137  3.6637  1.2384  2.9736  1.8086  1.5340  1.5076  1.5557
 110  1.802781  3.8144  3.6615  1.2433  2.9584  1.7944  1.5220  1.4966  1.5454
 111  1.804030  3.8151  3.6599  1.2479  2.9432  1.7806  1.5109  1.4866  1.5362
 112  1.804303  3.8152  3.6596  1.2490  2.9395  1.7772  1.5082  1.4842  1.5341
 113  1.804576  3.8155  3.6593  1.2503  2.9352  1.7732  1.5052  1.4816  1.5318
 114  1.804849  3.8157  3.6592  1.2516  2.9311  1.7696  1.5024  1.4791  1.5296
 115  1.805123  3.8159  3.6589  1.2526  2.9270  1.7659  1.4994  1.4766  1.5273
 116  1.805395  3.8162  3.6586  1.2540  2.9225  1.7618  1.4963  1.4740  1.5249
 117  1.805668  3.8166  3.6586  1.2555  2.9167  1.7568  1.4926  1.4709  1.5222
 118  1.805940  3.8169  3.6585  1.2570  2.9115  1.7522  1.4892  1.4679  1.5197
 119  1.806212  3.8172  3.6583  1.2584  2.9062  1.7474  1.4857  1.4651  1.5171
 120  1.806484  3.8176  3.6584  1.2602  2.8996  1.7416  1.4814  1.4616  1.5141
 121  1.806756  3.8180  3.6584  1.2620  2.8929  1.7359  1.4774  1.4582  1.5113
 122  1.807026  3.8185  3.6585  1.2637  2.8867  1.7303  1.4733  1.4548  1.5084
 123  1.807295  3.8190  3.6588  1.2658  2.8787  1.7234  1.4685  1.4510  1.5051
 124  1.807565  3.8196  3.6591  1.2679  2.8704  1.7162  1.4635  1.4470  1.5018
 125  1.807832  3.8203  3.6595  1.2700  2.8621  1.7092  1.4585  1.4429  1.4985
 126  1.808095  3.8210  3.6600  1.2727  2.8514  1.7001  1.4521  1.4380  1.4945
 127  1.808358  3.8219  3.6606  1.2753  2.8407  1.6909  1.4460  1.4331  1.4905
 128  1.808617  3.8229  3.6617  1.2783  2.8286  1.6808  1.4391  1.4278  1.4864
 129  1.808874  3.8238  3.6628  1.2814  2.8158  1.6699  1.4320  1.4225  1.4821
 130  1.809126  3.8250  3.6642  1.2849  2.8013  1.6576  1.4240  1.4165  1.4776
 131  1.809372  3.8264  3.6661  1.2886  2.7856  1.6445  1.4157  1.4105  1.4730
 132  1.809611  3.8281  3.6684  1.2927  2.7682  1.6298  1.4065  1.4039  1.4682
 133  1.809839  3.8298  3.6712  1.2972  2.7489  1.6134  1.3964  1.3969  1.4631
 134  1.810053  3.8319  3.6746  1.3023  2.7274  1.5952  1.3851  1.3887  1.4574
 135  1.810250  3.8343  3.6784  1.3078  2.7044  1.5754  1.3729  1.3802  1.4515
 136  1.810424  3.8368  3.6825  1.3139  2.6797  1.5537  1.3595  1.3708  1.4448
 137  1.810578  3.8395  3.6869  1.3203  2.6534  1.5305  1.3453  1.3612  1.4382
 138  1.810713  3.8424  3.6916  1.3271  2.6266  1.5061  1.3307  1.3514  1.4316
 139  1.810830  3.8454  3.6964  1.3342  2.5995  1.4811  1.3155  1.3413  1.4247
 140  1.810931  3.8484  3.7014  1.3413  2.5722  1.4555  1.3000  1.3311  1.4180
 141  1.811019  3.8514  3.7063  1.3486  2.5453  1.4298  1.2844  1.3207  1.4109
 142  1.811092  3.8543  3.7106  1.3561  2.5188  1.4042  1.2683  1.3096  1.4031
 143  1.811153  3.8572  3.7146  1.3638  2.4929  1.3787  1.2521  1.2982  1.3947
 144  1.811210  3.8601  3.7181  1.3714  2.4673  1.3535  1.2356  1.2865  1.3859
 145  1.811263  3.8628  3.7215  1.3791  2.4423  1.3284  1.2192  1.2747  1.3770
 146  1.811311  3.8655  3.7243  1.3871  2.4169  1.3026  1.2020  1.2624  1.3674
 147  1.811416  3.8677  3.7295  1.3909  2.4027  1.2882  1.1947  1.2590  1.3665
 148  1.811463  3.8670  3.7334  1.3843  2.4211  1.3068  1.2107  1.2738  1.3806
 149  1.811488  3.8650  3.7351  1.3743  2.4510  1.3365  1.2336  1.2929  1.3976
 150  1.811508  3.8626  3.7358  1.3641  2.4832  1.3681  1.2573  1.3122  1.4143
 151  1.811523  3.8599  3.7353  1.3535  2.5173  1.4010  1.2810  1.3313  1.4304
 152  1.811540  3.8568  3.7333  1.3431  2.5521  1.4343  1.3041  1.3491  1.4450
 153  1.811560  3.8531  3.7291  1.3328  2.5886  1.4684  1.3264  1.3652  1.4574
 154  1.811599  3.8474  3.7166  1.3226  2.6321  1.5076  1.3470  1.3763  1.4621
 155  1.811655  3.8408  3.6882  1.3247  2.6503  1.5182  1.3360  1.3543  1.4327
 156  1.811717  3.8362  3.6630  1.3313  2.6526  1.5133  1.3156  1.3262  1.3993
 157  1.811798  3.8316  3.6351  1.3407  2.6489  1.5012  1.2883  1.2914  1.3592
 158  1.811903  3.8267  3.6066  1.3499  2.6476  1.4905  1.2617  1.2572  1.3196
 159  1.812060  3.8212  3.5768  1.3575  2.6557  1.4866  1.2392  1.2258  1.2818
 160  1.812273  3.8156  3.5491  1.3630  2.6719  1.4891  1.2220  1.1995  1.2491
 161  1.812530  3.8108  3.5263  1.3664  2.6921  1.4951  1.2108  1.1805  1.2246
 162  1.813095  3.8033  3.4951  1.3681  2.7358  1.5146  1.2031  1.1608  1.1964
 163  1.813685  3.7976  3.4740  1.3661  2.7811  1.5392  1.2059  1.1540  1.1830
 164  1.814281  3.7926  3.4588  1.3619  2.8313  1.5657  1.2149  1.1555  1.1791
 165  1.814877  3.7881  3.4463  1.3564  2.8878  1.5918  1.2274  1.1618  1.1808
 166  1.815461  3.7838  3.4357  1.3498  2.9452  1.6225  1.2429  1.1710  1.1852
 167  1.816029  3.7796  3.4265  1.3421  3.0035  1.6585  1.2616  1.1826  1.1918
 168  1.816575  3.7754  3.4188  1.3333  3.0654  1.6977  1.2836  1.1976  1.2018
 169  1.817097  3.7710  3.4121  1.3227  3.1348  1.7419  1.3104  1.2174  1.2163
 170  1.817588  3.7667  3.4071  1.3104  3.2115  1.7904  1.3411  1.2409  1.2348
 171  1.818043  3.7623  3.4033  1.2968  3.2949  1.8433  1.3756  1.2683  1.2570
 172  1.818460  3.7580  3.4011  1.2820  3.3819  1.8991  1.4133  1.2989  1.2826
 173  1.818841  3.7539  3.4005  1.2664  3.4700  1.9568  1.4536  1.3324  1.3111
 174  1.819182  3.7500  3.4001  1.2513  3.5572  2.0128  1.4928  1.3651  1.3390
 175  1.819500  3.7463  3.4007  1.2361  3.6429  2.0680  1.5323  1.3984  1.3679
 176  1.819794  3.7428  3.4024  1.2207  3.7296  2.1241  1.5731  1.4335  1.3987
 177  1.820070  3.7397  3.4054  1.2047  3.8160  2.1807  1.6152  1.4703  1.4315
 178  1.820326  3.7365  3.4095  1.1880  3.9045  2.2391  1.6593  1.5092  1.4664
 179  1.820574  3.7334  3.4143  1.1708  3.9954  2.2989  1.7051  1.5497  1.5029
 180  1.820816  3.7302  3.4191  1.1533  4.0891  2.3601  1.7518  1.5911  1.5402
 181  1.821057  3.7269  3.4234  1.1357  4.1860  2.4224  1.7990  1.6328  1.5778
 182  1.821329  3.7219  3.4293  1.1101  4.3262  2.5133  1.8676  1.6931  1.6317
 183  1.821595  3.7180  3.4334  1.0904  4.4492  2.5872  1.9231  1.7420  1.6754
 184  1.821967  3.7117  3.4345  1.0639  4.6130  2.6880  1.9954  1.8035  1.7288
 185  1.822356  3.7051  3.4110  1.0611  4.7256  2.7318  2.0100  1.8069  1.7236
 186  1.822708  3.7019  3.3912  1.0684  4.7831  2.7377  2.0005  1.7921  1.7040
 187  1.823006  3.6984  3.3722  1.0738  4.8421  2.7480  1.9949  1.7804  1.6874
 188  1.823270  3.6965  3.3487  1.0894  4.8559  2.7267  1.9634  1.7449  1.6487
 189  1.823505  3.6955  3.3276  1.1069  4.8490  2.6953  1.9263  1.7058  1.6075
 190  1.823722  3.6944  3.3028  1.1271  4.8346  2.6566  1.8818  1.6589  1.5587
 191  1.823924  3.6933  3.2762  1.1495  4.8096  2.6107  1.8309  1.6059  1.5036
 192  1.824115  3.6924  3.2483  1.1739  4.7758  2.5583  1.7746  1.5478  1.4439
 193  1.824302  3.6918  3.2196  1.1999  4.7328  2.5004  1.7137  1.4854  1.3802
 194  1.824487  3.6913  3.1901  1.2276  4.6804  2.4367  1.6482  1.4186  1.3123
 195  1.824674  3.6909  3.1595  1.2568  4.6211  2.3685  1.5785  1.3480  1.2408
 196  1.824868  3.6906  3.1287  1.2864  4.5582  2.2985  1.5073  1.2759  1.1679
 197  1.825068  3.6904  3.0971  1.3172  4.4903  2.2255  1.4333  1.2012  1.0924
 198  1.825269  3.6902  3.0654  1.3483  4.4170  2.1504  1.3577  1.1249  1.0156
 199  1.825469  3.6901  3.0339  1.3794  4.3408  2.0746  1.2817  1.0485  0.9385
 200  1.825654  3.6903  3.0040  1.4097  4.2618  1.9995  1.2071  0.9737  0.8636
 201  1.825816  3.6906  2.9782  1.4370  4.1846  1.9296  1.1392  0.9063  0.7963
 202  1.825977  3.6906  2.9574  1.4581  4.1272  1.8766  1.0866  0.8538  0.7438
 203  1.826162  3.6902  2.9378  1.4761  4.0884  1.8349  1.0432  0.8095  0.6986
 204  1.826360  3.6896  2.9181  1.4932  4.0580  1.7975  1.0028  0.7678  0.6557
 205  1.826565  3.6888  2.8983  1.5097  4.0327  1.7622  0.9638  0.7273  0.6138
 206  1.826773  3.6879  2.8786  1.5260  4.0109  1.7282  0.9257  0.6873  0.5724
 207  1.826985  3.6870  2.8586  1.5422  3.9906  1.6950  0.8882  0.6478  0.5314
 208  1.827198  3.6860  2.8387  1.5582  3.9715  1.6623  0.8509  0.6086  0.4906
 209  1.827411  3.6850  2.8190  1.5744  3.9526  1.6298  0.8137  0.5694  0.4500
 210  1.827624  3.6841  2.7992  1.5903  3.9342  1.5972  0.7768  0.5304  0.4094
 211  1.827839  3.6831  2.7794  1.6063  3.9166  1.5652  0.7399  0.4915  0.3689
 212  1.828053  3.6821  2.7596  1.6224  3.8989  1.5330  0.7030  0.4527  0.3285
 213  1.828268  3.6811  2.7398  1.6383  3.8810  1.5009  0.6662  0.4138  0.2881
 214  1.828482  3.6802  2.7200  1.6544  3.8635  1.4687  0.6292  0.3747  0.2476
 215  1.828694  3.6792  2.6999  1.6705  3.8458  1.4362  0.5918  0.3354  0.2066
 216  1.828908  3.6782  2.6801  1.6865  3.8288  1.4043  0.5551  0.2965  0.1661
 217  1.828960  3.6780  2.6749  1.6907  3.8248  1.3962  0.5457  0.2866  0.1558
 218  1.829014  3.6778  2.6698  1.6947  3.8207  1.3883  0.5365  0.2768  0.1455
 219  1.829066  3.6775  2.6646  1.6988  3.8171  1.3804  0.5272  0.2669  0.1352
 220  1.829118  3.6772  2.6595  1.7030  3.8129  1.3722  0.5177  0.2567  0.1247
 221  1.829171  3.6769  2.6543  1.7071  3.8089  1.3641  0.5084  0.2468  0.1142
 222  1.829224  3.6767  2.6492  1.7112  3.8050  1.3563  0.4992  0.2371  0.1041
 223  1.829276  3.6765  2.6442  1.7152  3.8010  1.3482  0.4899  0.2271  0.0938
 224  1.829327  3.6761  2.6389  1.7194  3.7970  1.3402  0.4805  0.2172  0.0833
 225  1.829380  3.6759  2.6337  1.7236  3.7931  1.3320  0.4710  0.2072  0.0729
 226  1.829432  3.6756  2.6287  1.7277  3.7895  1.3242  0.4619  0.1974  0.0627
 227  1.829924  3.6732  2.5802  1.7663  3.7535  1.2494  0.3744  0.1043 -0.0347
 228  1.830401  3.6707  2.5326  1.8041  3.7202  1.1768  0.2895  0.0135 -0.1297
 229  1.830895  3.6681  2.4829  1.8435  3.6873  1.1020  0.2014 -0.0806 -0.2284
 230  1.831343  3.6655  2.4362  1.8803  3.6592  1.0331  0.1197 -0.1685 -0.3207
 231  1.831794  3.6630  2.3898  1.9165  3.6338  0.9661  0.0397 -0.2547 -0.4115
 232  1.832213  3.6606  2.3460  1.9508  3.6117  0.9040 -0.0355 -0.3359 -0.4971
 233  1.832647  3.6581  2.3009  1.9860  3.5905  0.8409 -0.1122 -0.4191 -0.5848
 234  1.833046  3.6559  2.2597  2.0184  3.5708  0.7830 -0.1825 -0.4953 -0.6652
 235  1.833449  3.6536  2.2184  2.0506  3.5518  0.7257 -0.2523 -0.5712 -0.7453
 236  1.833828  3.6516  2.1809  2.0801  3.5333  0.6731 -0.3163 -0.6407 -0.8186
 237  1.834190  3.6499  2.1467  2.1077  3.5121  0.6225 -0.3765 -0.7058 -0.8869
 238  1.834564  3.6483  2.1145  2.1337  3.4903  0.5740 -0.4338 -0.7674 -0.9515
 239  1.834925  3.6471  2.0899  2.1536  3.4753  0.5378 -0.4769 -0.8141 -1.0006
 240  1.835282  3.6467  2.0827  2.1593  3.4723  0.5278 -0.4890 -0.8273 -1.0147
 241  1.835653  3.6487  2.1172  2.1327  3.4837  0.5726 -0.4330 -0.7656 -0.9491
 242  1.836092  3.6564  2.2758  2.0052  3.5861  0.8090 -0.1531 -0.4641 -0.6326
 243  1.836849  3.6554  2.2573  2.0195  3.5812  0.7852 -0.1832 -0.4971 -0.6678
 244  1.837676  3.6539  2.2290  2.0420  3.5656  0.7444 -0.2323 -0.5503 -0.7238
 245  1.838449  3.6556  2.2485  2.0298  3.5490  0.7561 -0.2107 -0.5237 -0.6939
 246  1.839223  3.6617  2.3570  1.9459  3.5930  0.9031 -0.0297 -0.3266 -0.4854
 247  1.840170  3.6606  2.3333  1.9653  3.5757  0.8662 -0.0729 -0.3725 -0.5334
 248  1.841268  3.6551  2.2307  2.0461  3.5232  0.7203 -0.2492 -0.5635 -0.7347
 249  1.842220  3.6504  2.1404  2.1178  3.4752  0.5912 -0.4049 -0.7323 -0.9124
 250  1.843061  3.6454  2.0541  2.1841  3.4495  0.4805 -0.5442 -0.8864 -1.0764
 251  1.843776  3.6401  1.9591  2.2583  3.4152  0.3553 -0.6996 -1.0581 -1.2589
 252  1.844248  3.6369  1.9033  2.3015  3.3984  0.2839 -0.7890 -1.1580 -1.3656
 253  1.844816  3.6334  1.8428  2.3480  3.3855  0.2104 -0.8825 -1.2639 -1.4793
 254  1.845330  3.6299  1.7856  2.3916  3.3757  0.1427 -0.9692 -1.3630 -1.5864
 255  1.845802  3.6266  1.7295  2.4344  3.3667  0.0773 -1.0526 -1.4594 -1.6911
 256  1.846234  3.6234  1.6750  2.4760  3.3586  0.0152 -1.1320 -1.5523 -1.7924
 257  1.846627  3.6201  1.6231  2.5154  3.3514 -0.0426 -1.2061 -1.6399 -1.8887
 258  1.846991  3.6171  1.5721  2.5541  3.3444 -0.0982 -1.2770 -1.7253 -1.9830
 259  1.847329  3.6140  1.5220  2.5920  3.3381 -0.1510 -1.3446 -1.8080 -2.0751
 260  1.847634  3.6111  1.4743  2.6281  3.3321 -0.2000 -1.4072 -1.8861 -2.1628
 261  1.847926  3.6081  1.4263  2.6641  3.3261 -0.2477 -1.4680 -1.9637 -2.2506
 262  1.848194  3.6052  1.3797  2.6992  3.3194 -0.2932 -1.5254 -2.0382 -2.3358
 263  1.848440  3.6024  1.3346  2.7330  3.3134 -0.3353 -1.5785 -2.1095 -2.4178
 264  1.848670  3.5995  1.2899  2.7665  3.3073 -0.3757 -1.6289 -2.1794 -2.4991
 265  1.848887  3.5968  1.2459  2.7994  3.3018 -0.4134 -1.6761 -2.2472 -2.5790
 266  1.849087  3.5940  1.2023  2.8318  3.2968 -0.4487 -1.7198 -2.3131 -2.6577
 267  1.849274  3.5912  1.1593  2.8638  3.2911 -0.4823 -1.7612 -2.3776 -2.7353
 268  1.849450  3.5885  1.1168  2.8955  3.2841 -0.5146 -1.8009 -2.4410 -2.8117
 269  1.849613  3.5858  1.0742  2.9271  3.2753 -0.5463 -1.8394 -2.5040 -2.8881
 270  1.849766  3.5830  1.0311  2.9592  3.2648 -0.5777 -1.8777 -2.5675 -2.9654
 271  1.849907  3.5802  0.9874  2.9917  3.2528 -0.6091 -1.9157 -2.6317 -3.0436
 272  1.850041  3.5773  0.9436  3.0244  3.2402 -0.6397 -1.9519 -2.6958 -3.1223
 273  1.850161  3.5744  0.8967  3.0594  3.2265 -0.6729 -1.9905 -2.7645 -3.2066
 274  1.850271  3.5713  0.8468  3.0968  3.2109 -0.7093 -2.0321 -2.8384 -3.2966
 275  1.850371  3.5682  0.7987  3.1327  3.1962 -0.7424 -2.0689 -2.9087 -3.3833
 276  1.850458  3.5652  0.7519  3.1676  3.1819 -0.7730 -2.1019 -2.9761 -3.4673
