#NUMBER OF AGES= 1
#----------------------------------------------------       
#MIX-LEN  Y      Z          Zeff        [Fe/H] [a/Fe]
# 1.9380  0.2714 1.7313E-02 1.7313E-02   0.03   0.00 
#----------------------------------------------------       
#**PHOTOMETRIC SYSTEM**: SDSS (AB)                          
#----------------------------------------------------       
#AGE= 1.750 EEPS=265
#EEP   M/Mo    LogTeff  LogG   LogL/Lo sdss_u  sdss_g  sdss_r  sdss_i  sdss_z
   4  0.108684  3.5060  5.2766 -2.8252 18.0172 14.8480 13.3355 12.0837 11.3712
   5  0.124770  3.5060  5.2148 -2.7035 17.6683 14.5374 13.0323 11.7816 11.0684
   6  0.149129  3.5066  5.1423 -2.5509 17.2167 14.1367 12.6425 11.3988 10.6879
   7  0.199046  3.5140  5.0679 -2.3214 16.4072 13.4282 11.9673 10.7854 10.1073
   8  0.253597  3.5222  5.0158 -2.1313 15.7228 12.8200 11.3913 10.2700  9.6267
   9  0.297810  3.5282  4.9829 -2.0052 15.2776 12.4163 11.0097  9.9281  9.3083
  10  0.309099  3.5296  4.9726 -1.9726 15.1660 12.3143 10.9132  9.8408  9.2265
  11  0.313534  3.5301  4.9672 -1.9588 15.1193 12.2716 10.8725  9.8039  9.1917
  12  0.317511  3.5306  4.9600 -1.9445 15.0741 12.2305 10.8333  9.7669  9.1560
  13  0.320327  3.5310  4.9540 -1.9327 15.0351 12.1951 10.8002  9.7359  9.1267
  14  0.322474  3.5311  4.9477 -1.9234 15.0091 12.1713 10.7771  9.7130  9.1036
  15  0.322780  3.5312  4.9460 -1.9208 15.0000 12.1630 10.7691  9.7058  9.0968
  16  0.323568  3.5312  4.9442 -1.9173 14.9894 12.1534 10.7595  9.6970  9.0883
  17  0.323975  3.5312  4.9422 -1.9143 14.9811 12.1462 10.7519  9.6898  9.0808
  18  0.326454  3.5312  4.9389 -1.9062 14.9552 12.1235 10.7295  9.6690  9.0604
  19  0.441794  3.5507  4.8482 -1.6091 13.9210 11.1441  9.8016  8.8537  8.3187
  20  0.459723  3.5545  4.8303 -1.5586 13.7485 10.9747  9.6387  8.7126  8.1935
  21  0.475996  3.5582  4.8139 -1.5119 13.5893 10.8159  9.4855  8.5823  8.0788
  22  0.490766  3.5620  4.7993 -1.4691 13.4419 10.6661  9.3407  8.4630  7.9744
  23  0.503932  3.5656  4.7868 -1.4306 13.3085 10.5287  9.2072  8.3551  7.8810
  24  0.514594  3.5688  4.7772 -1.3990 13.1984 10.4137  9.0952  8.2658  7.8047
  25  0.524408  3.5721  4.7687 -1.3695 13.0959 10.3049  8.9890  8.1813  7.7335
  26  0.534901  3.5755  4.7597 -1.3380 12.9863 10.1870  8.8733  8.0905  7.6575
  27  0.547748  3.5798  4.7487 -1.2997 12.8529 10.0437  8.7320  7.9803  7.5658
  28  0.563897  3.5853  4.7348 -1.2507 12.6799  9.8584  8.5486  7.8391  7.4497
  29  0.581870  3.5920  4.7196 -1.1954 12.4869  9.6492  8.3453  7.6808  7.3191
  30  0.609465  3.6035  4.7025 -1.1130 12.1772  9.3131  8.0278  7.4379  7.1215
  31  0.593371  3.5966  4.7034 -1.1480 12.4471  9.4940  8.1649  7.5450  7.2137
  32  0.621017  3.6090  4.6871 -1.0635 12.1457  9.1458  7.8382  7.2975  7.0164
  33  0.660236  3.6272  4.6682 -0.9457 11.6334  8.6352  7.3943  6.9547  6.7366
  34  0.877868  3.7213  4.5845 -0.3650  8.2200  6.2424  5.5613  5.3873  5.3273
  35  0.892844  3.7269  4.5769 -0.3279  8.0153  6.1129  5.4593  5.2950  5.2425
  36  0.908706  3.7324  4.5687 -0.2893  7.8066  5.9827  5.3550  5.1997  5.1544
  37  0.924334  3.7379  4.5602 -0.2517  7.6098  5.8575  5.2546  5.1080  5.0692
  38  0.940747  3.7433  4.5506 -0.2125  7.4149  5.7298  5.1519  5.0141  4.9820
  39  0.954960  3.7478  4.5418 -0.1794  7.2562  5.6242  5.0664  4.9353  4.9087
  40  0.968651  3.7519  4.5330 -0.1478  7.1095  5.5245  4.9854  4.8608  4.8390
  41  0.982423  3.7559  4.5237 -0.1164  6.9671  5.4264  4.9052  4.7869  4.7698
  42  0.996795  3.7599  4.5136 -0.0839  6.8238  5.3264  4.8229  4.7106  4.6983
  43  1.012431  3.7641  4.5023 -0.0490  6.6733  5.2200  4.7348  4.6290  4.6217
  44  1.028125  3.7682  4.4904 -0.0143  6.5283  5.1155  4.6478  4.5481  4.5454
  45  1.034562  3.7699  4.4849  0.0005  6.4766  5.0744  4.6125  4.5150  4.5141
  46  1.049764  3.7735  4.4725  0.0343  6.3402  4.9739  4.5280  4.4363  4.4395
  47  1.068398  3.7778  4.4573  0.0740  6.1845  4.8572  4.4292  4.3438  4.3521
  48  1.058899  3.7769  4.4639  0.0613  6.2216  4.8899  4.4614  4.3756  4.3834
  49  1.072561  3.7803  4.4525  0.0921  6.0972  4.7984  4.3864  4.3058  4.3175
  50  1.081732  3.7828  4.4444  0.1143  6.0121  4.7361  4.3324  4.2538  4.2675
  51  1.092514  3.7861  4.4342  0.1421  5.9161  4.6652  4.2629  4.1845  4.1992
  52  1.196600  3.8059  4.3431  0.3510  5.2232  4.0821  3.7497  3.6992  3.7348
  53  1.356397  3.8282  4.2110  0.6255  4.3994  3.3236  3.0808  3.0683  3.1312
  54  1.376977  3.8303  4.1924  0.6592  4.3061  3.2300  2.9985  2.9912  3.0579
  55  1.391417  3.8318  4.1802  0.6817  4.2437  3.1677  2.9434  2.9396  3.0087
  56  1.401648  3.8327  4.1712  0.6975  4.2008  3.1246  2.9048  2.9031  2.9737
  57  1.410102  3.8334  4.1635  0.7106  4.1657  3.0895  2.8728  2.8725  2.9442
  58  1.417725  3.8339  4.1563  0.7223  4.1341  3.0579  2.8437  2.8447  2.9171
  59  1.425173  3.8345  4.1492  0.7339  4.1032  3.0271  2.8151  2.8172  2.8902
  60  1.433459  3.8351  4.1415  0.7465  4.0698  2.9939  2.7842  2.7873  2.8611
  61  1.442895  3.8357  4.1329  0.7605  4.0326  2.9568  2.7495  2.7537  2.8282
  62  1.453155  3.8364  4.1235  0.7756  3.9927  2.9171  2.7123  2.7176  2.7929
  63  1.463703  3.8371  4.1139  0.7909  3.9521  2.8766  2.6742  2.6806  2.7566
  64  1.474040  3.8376  4.1042  0.8060  3.9123  2.8371  2.6368  2.6443  2.7210
  65  1.483766  3.8382  4.0949  0.8201  3.8757  2.8004  2.6020  2.6103  2.6874
  66  1.492940  3.8386  4.0854  0.8342  3.8399  2.7636  2.5668  2.5759  2.6535
  67  1.499547  3.8386  4.0772  0.8443  3.8157  2.7384  2.5415  2.5509  2.6283
  68  1.504900  3.8384  4.0695  0.8529  3.7955  2.7170  2.5198  2.5289  2.6061
  69  1.511208  3.8383  4.0608  0.8633  3.7717  2.6913  2.4937  2.5027  2.5799
  70  1.516399  3.8380  4.0524  0.8715  3.7535  2.6713  2.4726  2.4810  2.5578
  71  1.521411  3.8375  4.0440  0.8797  3.7361  2.6522  2.4519  2.4596  2.5358
  72  1.526572  3.8370  4.0352  0.8878  3.7185  2.6327  2.4308  2.4378  2.5134
  73  1.532209  3.8365  4.0261  0.8965  3.6995  2.6120  2.4084  2.4147  2.4897
  74  1.538551  3.8360  4.0164  0.9060  3.6784  2.5890  2.3841  2.3897  2.4639
  75  1.545708  3.8356  4.0061  0.9165  3.6547  2.5636  2.3572  2.3622  2.4360
  76  1.553457  3.8351  3.9951  0.9277  3.6295  2.5366  2.3288  2.3331  2.4062
  77  1.561658  3.8346  3.9838  0.9393  3.6033  2.5086  2.2993  2.3029  2.3753
  78  1.570017  3.8340  3.9720  0.9510  3.5771  2.4804  2.2693  2.2722  2.3439
  79  1.578466  3.8333  3.9598  0.9627  3.5514  2.4525  2.2395  2.2412  2.3122
  80  1.586634  3.8324  3.9474  0.9741  3.5271  2.4258  2.2103  2.2110  2.2810
  81  1.594485  3.8315  3.9348  0.9849  3.5046  2.4006  2.1823  2.1816  2.2504
  82  1.599080  3.8308  3.9270  0.9913  3.4918  2.3860  2.1658  2.1642  2.2323
  83  1.603613  3.8301  3.9192  0.9975  3.4793  2.3718  2.1495  2.1469  2.2142
  84  1.608078  3.8294  3.9113  1.0038  3.4674  2.3578  2.1333  2.1298  2.1961
  85  1.612529  3.8286  3.9033  1.0099  3.4559  2.3443  2.1174  2.1126  2.1782
  86  1.616969  3.8278  3.8951  1.0159  3.4449  2.3310  2.1016  2.0956  2.1603
  87  1.621381  3.8269  3.8868  1.0219  3.4344  2.3181  2.0860  2.0788  2.1424
  88  1.625817  3.8260  3.8785  1.0278  3.4244  2.3055  2.0705  2.0619  2.1246
  89  1.630273  3.8250  3.8701  1.0336  3.4145  2.2931  2.0550  2.0450  2.1066
  90  1.634750  3.8240  3.8616  1.0395  3.4049  2.2808  2.0395  2.0281  2.0887
  91  1.639271  3.8231  3.8530  1.0454  3.3954  2.2685  2.0240  2.0111  2.0705
  92  1.643861  3.8220  3.8441  1.0514  3.3861  2.2564  2.0084  1.9940  2.0523
  93  1.648499  3.8210  3.8351  1.0572  3.3773  2.2446  1.9930  1.9769  2.0339
  94  1.653165  3.8199  3.8259  1.0631  3.3689  2.2329  1.9775  1.9598  2.0154
  95  1.657878  3.8187  3.8166  1.0689  3.3605  2.2213  1.9620  1.9423  1.9966
  96  1.662616  3.8174  3.8073  1.0749  3.3524  2.2100  1.9466  1.9250  1.9779
  97  1.667367  3.8162  3.7976  1.0807  3.3447  2.1989  1.9311  1.9077  1.9591
  98  1.672110  3.8150  3.7880  1.0865  3.3378  2.1882  1.9157  1.8902  1.9402
  99  1.676861  3.8137  3.7782  1.0923  3.3313  2.1776  1.9004  1.8729  1.9212
 100  1.681607  3.8124  3.7685  1.0980  3.3252  2.1671  1.8850  1.8553  1.9021
 101  1.686345  3.8110  3.7586  1.1040  3.3191  2.1565  1.8694  1.8377  1.8829
 102  1.691054  3.8098  3.7487  1.1099  3.3132  2.1455  1.8535  1.8198  1.8636
 103  1.695804  3.8085  3.7388  1.1162  3.3065  2.1338  1.8372  1.8015  1.8440
 104  1.700450  3.8074  3.7291  1.1226  3.2981  2.1211  1.8202  1.7830  1.8240
 105  1.704624  3.8067  3.7203  1.1292  3.2875  2.1072  1.8034  1.7648  1.8050
 106  1.708085  3.8062  3.7130  1.1355  3.2752  2.0928  1.7875  1.7482  1.7878
 107  1.710723  3.8061  3.7078  1.1412  3.2617  2.0786  1.7731  1.7338  1.7732
 108  1.712754  3.8063  3.7035  1.1463  3.2479  2.0650  1.7602  1.7211  1.7607
 109  1.714323  3.8065  3.7004  1.1512  3.2341  2.0520  1.7484  1.7098  1.7497
 110  1.715544  3.8070  3.6981  1.1556  3.2200  2.0392  1.7375  1.6997  1.7401
 111  1.716555  3.8075  3.6964  1.1598  3.2060  2.0267  1.7273  1.6903  1.7314
 112  1.716812  3.8077  3.6960  1.1610  3.2019  2.0232  1.7244  1.6878  1.7289
 113  1.717067  3.8079  3.6956  1.1623  3.1972  2.0191  1.7211  1.6848  1.7264
 114  1.717323  3.8081  3.6952  1.1636  3.1928  2.0153  1.7181  1.6822  1.7238
 115  1.717577  3.8083  3.6948  1.1649  3.1885  2.0115  1.7150  1.6794  1.7214
 116  1.717830  3.8086  3.6943  1.1662  3.1835  2.0072  1.7117  1.6765  1.7186
 117  1.718084  3.8089  3.6941  1.1678  3.1776  2.0023  1.7079  1.6731  1.7157
 118  1.718336  3.8092  3.6937  1.1693  3.1721  1.9975  1.7043  1.6700  1.7129
 119  1.718587  3.8094  3.6934  1.1709  3.1664  1.9927  1.7007  1.6667  1.7100
 120  1.718838  3.8098  3.6932  1.1728  3.1592  1.9867  1.6960  1.6629  1.7066
 121  1.719086  3.8102  3.6928  1.1746  3.1526  1.9810  1.6918  1.6593  1.7033
 122  1.719333  3.8106  3.6926  1.1765  3.1456  1.9750  1.6874  1.6555  1.6999
 123  1.719581  3.8111  3.6924  1.1786  3.1372  1.9679  1.6822  1.6511  1.6962
 124  1.719825  3.8116  3.6923  1.1807  3.1291  1.9610  1.6772  1.6469  1.6925
 125  1.720067  3.8122  3.6922  1.1832  3.1196  1.9529  1.6713  1.6421  1.6883
 126  1.720306  3.8128  3.6922  1.1859  3.1092  1.9441  1.6651  1.6368  1.6838
 127  1.720542  3.8135  3.6922  1.1888  3.0981  1.9347  1.6584  1.6312  1.6792
 128  1.720774  3.8142  3.6924  1.1918  3.0860  1.9243  1.6512  1.6253  1.6742
 129  1.721004  3.8152  3.6927  1.1954  3.0721  1.9125  1.6429  1.6187  1.6687
 130  1.721223  3.8162  3.6931  1.1989  3.0579  1.9004  1.6345  1.6118  1.6630
 131  1.721434  3.8174  3.6935  1.2032  3.0414  1.8862  1.6244  1.6038  1.6562
 132  1.721634  3.8187  3.6941  1.2079  3.0230  1.8703  1.6134  1.5950  1.6490
 133  1.721824  3.8201  3.6951  1.2128  3.0033  1.8536  1.6018  1.5859  1.6415
 134  1.722001  3.8218  3.6964  1.2181  2.9823  1.8356  1.5896  1.5763  1.6337
 135  1.722165  3.8235  3.6979  1.2239  2.9595  1.8162  1.5766  1.5662  1.6257
 136  1.722305  3.8255  3.6998  1.2299  2.9350  1.7953  1.5625  1.5554  1.6171
 137  1.722427  3.8277  3.7018  1.2363  2.9098  1.7735  1.5479  1.5442  1.6082
 138  1.722534  3.8299  3.7043  1.2428  2.8839  1.7509  1.5329  1.5329  1.5994
 139  1.722630  3.8323  3.7071  1.2496  2.8578  1.7280  1.5177  1.5214  1.5906
 140  1.722711  3.8347  3.7097  1.2564  2.8319  1.7049  1.5022  1.5097  1.5814
 141  1.722779  3.8370  3.7123  1.2634  2.8060  1.6814  1.4865  1.4977  1.5721
 142  1.722839  3.8394  3.7147  1.2705  2.7804  1.6577  1.4707  1.4860  1.5629
 143  1.722894  3.8418  3.7173  1.2775  2.7550  1.6340  1.4551  1.4743  1.5539
 144  1.722944  3.8441  3.7199  1.2844  2.7302  1.6104  1.4396  1.4629  1.5452
 145  1.722995  3.8466  3.7224  1.2914  2.7060  1.5872  1.4243  1.4517  1.5367
 146  1.723082  3.8489  3.7270  1.2964  2.6867  1.5687  1.4137  1.4454  1.5331
 147  1.723134  3.8477  3.7307  1.2876  2.7128  1.5942  1.4348  1.4641  1.5503
 148  1.723145  3.8460  3.7316  1.2798  2.7375  1.6184  1.4530  1.4792  1.5636
 149  1.723167  3.8443  3.7324  1.2727  2.7591  1.6399  1.4692  1.4927  1.5755
 150  1.723186  3.8426  3.7323  1.2656  2.7821  1.6624  1.4857  1.5060  1.5866
 151  1.723207  3.8405  3.7313  1.2585  2.8060  1.6853  1.5017  1.5185  1.5968
 152  1.723229  3.8381  3.7283  1.2516  2.8316  1.7088  1.5170  1.5297  1.6052
 153  1.723268  3.8343  3.7197  1.2453  2.8613  1.7341  1.5299  1.5365  1.6079
 154  1.723347  3.8283  3.6918  1.2489  2.8780  1.7400  1.5165  1.5138  1.5784
 155  1.723399  3.8254  3.6727  1.2567  2.8714  1.7280  1.4949  1.4878  1.5491
 156  1.723466  3.8223  3.6537  1.2634  2.8700  1.7197  1.4762  1.4641  1.5220
 157  1.723568  3.8186  3.6331  1.2692  2.8748  1.7154  1.4592  1.4412  1.4949
 158  1.723724  3.8145  3.6125  1.2735  2.8874  1.7166  1.4460  1.4215  1.4704
 159  1.723927  3.8108  3.5951  1.2758  2.9038  1.7226  1.4380  1.4073  1.4517
 160  1.724154  3.8078  3.5821  1.2767  2.9201  1.7310  1.4344  1.3986  1.4393
 161  1.724387  3.8052  3.5720  1.2767  2.9360  1.7396  1.4333  1.3931  1.4311
 162  1.724927  3.8007  3.5552  1.2754  2.9735  1.7567  1.4345  1.3876  1.4205
 163  1.725467  3.7968  3.5424  1.2732  3.0127  1.7714  1.4385  1.3866  1.4158
 164  1.726001  3.7934  3.5316  1.2702  3.0499  1.7886  1.4453  1.3884  1.4138
 165  1.726527  3.7899  3.5220  1.2664  3.0874  1.8105  1.4546  1.3922  1.4136
 166  1.727040  3.7865  3.5133  1.2614  3.1303  1.8363  1.4665  1.3984  1.4157
 167  1.727532  3.7829  3.5055  1.2550  3.1803  1.8660  1.4817  1.4079  1.4210
 168  1.728000  3.7794  3.4990  1.2473  3.2360  1.8998  1.5008  1.4211  1.4299
 169  1.728436  3.7756  3.4936  1.2380  3.2987  1.9380  1.5238  1.4382  1.4428
 170  1.728834  3.7719  3.4897  1.2273  3.3667  1.9800  1.5506  1.4591  1.4594
 171  1.729197  3.7683  3.4869  1.2155  3.4384  2.0256  1.5809  1.4833  1.4792
 172  1.729524  3.7648  3.4858  1.2027  3.5127  2.0733  1.6139  1.5105  1.5022
 173  1.729821  3.7615  3.4860  1.1891  3.5886  2.1227  1.6490  1.5402  1.5278
 174  1.730093  3.7582  3.4871  1.1750  3.6664  2.1733  1.6857  1.5715  1.5551
 175  1.730346  3.7550  3.4889  1.1605  3.7457  2.2251  1.7235  1.6041  1.5839
 176  1.730584  3.7520  3.4916  1.1457  3.8248  2.2770  1.7622  1.6378  1.6138
 177  1.730813  3.7488  3.4940  1.1308  3.9069  2.3301  1.8016  1.6719  1.6441
 178  1.731035  3.7456  3.4964  1.1159  3.9912  2.3841  1.8414  1.7066  1.6747
 179  1.731260  3.7424  3.4983  1.1010  4.0782  2.4385  1.8814  1.7412  1.7053
 180  1.731497  3.7391  3.4996  1.0863  4.1681  2.4934  1.9214  1.7755  1.7353
 181  1.731756  3.7352  3.4986  1.0721  4.2653  2.5499  1.9608  1.8086  1.7634
 182  1.732090  3.7305  3.4934  1.0583  4.3798  2.6118  2.0011  1.8410  1.7897
 183  1.732461  3.7256  3.4811  1.0511  4.4832  2.6592  2.0259  1.8575  1.7997
 184  1.732848  3.7207  3.4603  1.0526  4.5671  2.6852  2.0301  1.8533  1.7889
 185  1.733208  3.7169  3.4349  1.0630  4.6102  2.6824  2.0105  1.8272  1.7576
 186  1.733534  3.7139  3.4086  1.0775  4.6303  2.6655  1.9800  1.7915  1.7176
 187  1.733835  3.7116  3.3824  1.0942  4.6324  2.6387  1.9426  1.7499  1.6727
 188  1.734126  3.7094  3.3556  1.1123  4.6299  2.6083  1.9023  1.7055  1.6250
 189  1.734400  3.7077  3.3296  1.1317  4.6149  2.5712  1.8577  1.6578  1.5749
 190  1.734672  3.7059  3.3030  1.1513  4.6008  2.5336  1.8124  1.6093  1.5239
 191  1.734935  3.7044  3.2768  1.1716  4.5806  2.4933  1.7655  1.5596  1.4719
 192  1.735194  3.7030  3.2508  1.1920  4.5568  2.4514  1.7175  1.5091  1.4193
 193  1.735451  3.7017  3.2249  1.2127  4.5322  2.4093  1.6694  1.4583  1.3665
 194  1.735706  3.7004  3.1990  1.2335  4.5051  2.3661  1.6206  1.4072  1.3133
 195  1.735961  3.6992  3.1732  1.2544  4.4755  2.3227  1.5717  1.3559  1.2601
 196  1.736214  3.6980  3.1474  1.2754  4.4440  2.2788  1.5224  1.3042  1.2064
 197  1.736467  3.6968  3.1219  1.2966  4.4108  2.2341  1.4726  1.2523  1.1526
 198  1.736720  3.6956  3.0962  1.3175  4.3795  2.1904  1.4236  1.2010  1.0993
 199  1.736973  3.6945  3.0707  1.3385  4.3469  2.1461  1.3742  1.1494  1.0458
 200  1.737224  3.6934  3.0452  1.3596  4.3143  2.1018  1.3247  1.0978  0.9922
 201  1.737475  3.6923  3.0199  1.3804  4.2821  2.0577  1.2756  1.0465  0.9390
 202  1.737726  3.6911  2.9948  1.4011  4.2515  2.0144  1.2273  0.9959  0.8867
 203  1.737978  3.6899  2.9697  1.4216  4.2245  1.9721  1.1795  0.9459  0.8346
 204  1.738230  3.6888  2.9446  1.4420  4.1985  1.9302  1.1321  0.8960  0.7829
 205  1.738484  3.6876  2.9198  1.4623  4.1730  1.8887  1.0849  0.8465  0.7313
 206  1.738738  3.6864  2.8949  1.4825  4.1484  1.8473  1.0381  0.7971  0.6801
 207  1.738992  3.6852  2.8701  1.5027  4.1241  1.8063  0.9914  0.7479  0.6291
 208  1.739247  3.6842  2.8455  1.5228  4.1000  1.7652  0.9448  0.6988  0.5782
 209  1.739502  3.6830  2.8208  1.5429  4.0764  1.7245  0.8984  0.6500  0.5275
 210  1.739758  3.6818  2.7962  1.5629  4.0536  1.6843  0.8524  0.6015  0.4771
 211  1.740012  3.6806  2.7716  1.5829  4.0311  1.6442  0.8065  0.5530  0.4266
 212  1.740267  3.6795  2.7470  1.6028  4.0085  1.6040  0.7605  0.5045  0.3762
 213  1.740519  3.6783  2.7225  1.6227  3.9867  1.5642  0.7147  0.4560  0.3258
 214  1.740772  3.6771  2.6978  1.6427  3.9656  1.5246  0.6691  0.4078  0.2756
 215  1.741025  3.6759  2.6731  1.6627  3.9448  1.4851  0.6235  0.3595  0.2254
 216  1.741276  3.6747  2.6484  1.6826  3.9241  1.4458  0.5781  0.3113  0.1751
 217  1.741328  3.6744  2.6432  1.6868  3.9199  1.4376  0.5686  0.3012  0.1646
 218  1.741381  3.6742  2.6380  1.6909  3.9154  1.4292  0.5590  0.2912  0.1541
 219  1.741434  3.6739  2.6330  1.6950  3.9116  1.4213  0.5498  0.2814  0.1438
 220  1.741486  3.6737  2.6277  1.6992  3.9071  1.4130  0.5403  0.2712  0.1333
 221  1.741538  3.6734  2.6225  1.7034  3.9029  1.4047  0.5308  0.2611  0.1228
 222  1.741590  3.6731  2.6174  1.7075  3.8987  1.3965  0.5212  0.2511  0.1122
 223  1.741643  3.6729  2.6123  1.7116  3.8945  1.3885  0.5120  0.2413  0.1020
 224  1.741696  3.6726  2.6072  1.7158  3.8904  1.3804  0.5026  0.2313  0.0916
 225  1.741748  3.6724  2.6019  1.7200  3.8863  1.3722  0.4931  0.2211  0.0810
 226  1.741800  3.6721  2.5968  1.7241  3.8821  1.3640  0.4837  0.2111  0.0705
 227  1.742288  3.6697  2.5485  1.7629  3.8440  1.2881  0.3959  0.1179 -0.0268
 228  1.742793  3.6672  2.4984  1.8031  3.8066  1.2103  0.3056  0.0215 -0.1277
 229  1.743294  3.6647  2.4484  1.8428  3.7734  1.1349  0.2169 -0.0734 -0.2272
 230  1.743735  3.6623  2.4046  1.8774  3.7461  1.0698  0.1397 -0.1561 -0.3139
 231  1.744191  3.6600  2.3600  1.9129  3.7198  1.0042  0.0613 -0.2403 -0.4022
 232  1.744605  3.6579  2.3200  1.9444  3.6975  0.9462 -0.0081 -0.3152 -0.4809
 233  1.745030  3.6559  2.2813  1.9750  3.6767  0.8908 -0.0751 -0.3873 -0.5569
 234  1.745449  3.6541  2.2479  2.0014  3.6598  0.8436 -0.1325 -0.4496 -0.6224
 235  1.745847  3.6527  2.2256  2.0188  3.6499  0.8131 -0.1699 -0.4904 -0.6658
 236  1.746272  3.6528  2.2270  2.0178  3.6496  0.8148 -0.1675 -0.4880 -0.6631
 237  1.746714  3.6568  2.2963  1.9645  3.6750  0.9077 -0.0519 -0.3625 -0.5308
 238  1.747306  3.6663  2.4750  1.8241  3.7724  1.1673  0.2601 -0.0285 -0.1805
 239  1.748265  3.6648  2.4383  1.8548  3.7383  1.1069  0.1912 -0.1018 -0.2570
 240  1.749278  3.6623  2.3871  1.8965  3.6984  1.0236  0.0948 -0.2027 -0.3615
 241  1.750207  3.6586  2.3162  1.9525  3.6609  0.9188 -0.0318 -0.3366 -0.5011
 242  1.751049  3.6542  2.2364  2.0150  3.6234  0.8071 -0.1683 -0.4843 -0.6566
 243  1.751788  3.6492  2.1505  2.0814  3.5931  0.6942 -0.3091 -0.6390 -0.8209
 244  1.752421  3.6455  2.0824  2.1345  3.5664  0.6028 -0.4221 -0.7630 -0.9522
 245  1.752979  3.6420  2.0186  2.1843  3.5436  0.5179 -0.5278 -0.8790 -1.0749
 246  1.753485  3.6385  1.9584  2.2308  3.5279  0.4411 -0.6252 -0.9866 -1.1892
 247  1.753941  3.6350  1.8988  2.2767  3.5152  0.3675 -0.7190 -1.0917 -1.3016
 248  1.754353  3.6316  1.8409  2.3211  3.5047  0.2976 -0.8083 -1.1928 -1.4104
 249  1.754727  3.6284  1.7848  2.3639  3.4964  0.2317 -0.8929 -1.2898 -1.5152
 250  1.755066  3.6251  1.7300  2.4059  3.4887  0.1683 -0.9743 -1.3837 -1.6173
 251  1.755375  3.6218  1.6763  2.4465  3.4820  0.1081 -1.0515 -1.4744 -1.7166
 252  1.755658  3.6187  1.6241  2.4864  3.4755  0.0506 -1.1253 -1.5623 -1.8135
 253  1.755919  3.6156  1.5732  2.5248  3.4691 -0.0037 -1.1949 -1.6467 -1.9071
 254  1.756155  3.6126  1.5240  2.5621  3.4620 -0.0551 -1.2607 -1.7276 -1.9977
 255  1.756376  3.6095  1.4754  2.5988  3.4560 -0.1038 -1.3229 -1.8062 -2.0867
 256  1.756575  3.6066  1.4284  2.6340  3.4513 -0.1486 -1.3798 -1.8810 -2.1722
 257  1.756761  3.6038  1.3825  2.6684  3.4473 -0.1904 -1.4327 -1.9531 -2.2559
 258  1.756934  3.6009  1.3374  2.7022  3.4435 -0.2295 -1.4816 -2.0228 -2.3380
 259  1.757094  3.5981  1.2936  2.7350  3.4385 -0.2661 -1.5274 -2.0899 -2.4176
 260  1.757242  3.5954  1.2506  2.7671  3.4323 -0.3003 -1.5704 -2.1548 -2.4952
 261  1.757380  3.5927  1.2087  2.7983  3.4237 -0.3328 -1.6113 -2.2177 -2.5707
 262  1.757507  3.5901  1.1678  2.8287  3.4135 -0.3631 -1.6495 -2.2782 -2.6438
 263  1.757627  3.5875  1.1278  2.8586  3.4031 -0.3908 -1.6838 -2.3367 -2.7154
 264  1.757739  3.5849  1.0886  2.8875  3.3928 -0.4162 -1.7138 -2.3927 -2.7851
 265  1.757844  3.5825  1.0501  2.9160  3.3827 -0.4390 -1.7399 -2.4466 -2.8535
 266  1.757943  3.5799  1.0126  2.9437  3.3729 -0.4601 -1.7627 -2.4986 -2.9201
 267  1.758035  3.5776  0.9759  2.9707  3.3632 -0.4789 -1.7819 -2.5487 -2.9851
 268  1.758122  3.5751  0.9394  2.9973  3.3538 -0.4945 -1.7963 -2.5967 -3.0489
