#NUMBER OF AGES= 1
#----------------------------------------------------       
#MIX-LEN  Y      Z          Zeff        [Fe/H] [a/Fe]
# 1.9380  0.2714 1.7313E-02 1.7313E-02   0.03   0.00 
#----------------------------------------------------       
#**PHOTOMETRIC SYSTEM**: SDSS (AB)                          
#----------------------------------------------------       
#AGE= 2.000 EEPS=274
#EEP   M/Mo    LogTeff  LogG   LogL/Lo sdss_u  sdss_g  sdss_r  sdss_i  sdss_z
   5  0.115135  3.5060  5.2506 -2.7742 17.8710 14.7179 13.2085 11.9572 11.2444
   6  0.133379  3.5060  5.1859 -2.6454 17.4999 14.3877 12.8863 11.6368 10.9237
   7  0.167507  3.5086  5.1070 -2.4572 16.9039 13.8625 12.3792 11.1534 10.4515
   8  0.219956  3.5173  5.0454 -2.2425 16.1233 13.1774 11.7295 10.5721  9.9079
   9  0.274267  3.5250  4.9997 -2.0701 15.5056 12.6241 11.2061 10.1041  9.4721
  10  0.301188  3.5286  4.9783 -1.9938 15.2395 12.3817 10.9769  9.8979  9.2798
  11  0.309503  3.5296  4.9700 -1.9693 15.1558 12.3053 10.9044  9.8324  9.2182
  12  0.314799  3.5303  4.9622 -1.9518 15.0987 12.2532 10.8550  9.7864  9.1743
  13  0.318332  3.5308  4.9558 -1.9384 15.0542 12.2127 10.8170  9.7511  9.1408
  14  0.320836  3.5309  4.9496 -1.9282 15.0247 12.1858 10.7911  9.7257  9.1156
  15  0.321720  3.5310  4.9468 -1.9236 15.0093 12.1718 10.7776  9.7133  9.1039
  16  0.322810  3.5312  4.9442 -1.9189 14.9949 12.1586 10.7649  9.7014  9.0924
  17  0.322782  3.5311  4.9427 -1.9172 14.9902 12.1544 10.7604  9.6973  9.0882
  18  0.322927  3.5310  4.9407 -1.9147 14.9839 12.1490 10.7546  9.6915  9.0820
  19  0.324857  3.5309  4.9382 -1.9083 14.9639 12.1318 10.7372  9.6753  9.0660
  20  0.442317  3.5507  4.8463 -1.6065 13.9134 11.1368  9.7946  8.8470  8.3122
  21  0.460719  3.5546  4.8280 -1.5547 13.7366 10.9630  9.6275  8.7021  8.1838
  22  0.477083  3.5585  4.8115 -1.5077 13.5759 10.8025  9.4727  8.5710  8.0684
  23  0.491916  3.5623  4.7970 -1.4646 13.4277 10.6519  9.3268  8.4511  7.9635
  24  0.505003  3.5659  4.7847 -1.4264 13.2950 10.5147  9.1936  8.3436  7.8707
  25  0.515589  3.5691  4.7751 -1.3949 13.1856 10.4003  9.0821  8.2546  7.7948
  26  0.525497  3.5724  4.7665 -1.3651 13.0819 10.2902  8.9746  8.1693  7.7227
  27  0.536202  3.5759  4.7574 -1.3328 12.9698 10.1695  8.8561  8.0764  7.6451
  28  0.549592  3.5803  4.7459 -1.2929 12.8307 10.0200  8.7087  7.9614  7.5495
  29  0.566164  3.5863  4.7315 -1.2424 12.6521  9.8285  8.5192  7.8158  7.4301
  30  0.584289  3.5929  4.7165 -1.1865 12.4584  9.6173  8.3149  7.6560  7.2979
  31  0.611530  3.6045  4.6996 -1.1049 12.1525  9.2838  8.0003  7.4154  7.1023
  32  0.597232  3.5983  4.7000 -1.1354 12.3972  9.4434  8.1186  7.5088  7.1837
  33  0.625460  3.6110  4.6836 -1.0490 12.0880  9.0879  7.7870  7.2568  6.9823
  34  0.666946  3.6305  4.6639 -0.9245 11.5266  8.5441  7.3187  6.8941  6.6851
  35  0.869436  3.7186  4.5857 -0.3812  8.3152  6.3013  5.6064  5.4275  5.3639
  36  0.883771  3.7241  4.5784 -0.3450  8.1139  6.1733  5.5063  5.3373  5.2812
  37  0.898679  3.7294  4.5706 -0.3080  7.9115  6.0466  5.4056  5.2456  5.1965
  38  0.913898  3.7349  4.5622 -0.2708  7.7133  5.9223  5.3055  5.1539  5.1115
  39  0.929717  3.7403  4.5530 -0.2324  7.5183  5.7961  5.2041  5.0613  5.0256
  40  0.943833  3.7448  4.5443 -0.1989  7.3550  5.6881  5.1171  4.9814  4.9511
  41  0.957410  3.7491  4.5355 -0.1670  7.2045  5.5869  5.0348  4.9058  4.8805
  42  0.970668  3.7530  4.5265 -0.1362  7.0629  5.4900  4.9559  4.8329  4.8124
  43  0.984057  3.7569  4.5170 -0.1053  6.9246  5.3941  4.8771  4.7602  4.7442
  44  0.998250  3.7608  4.5067 -0.0729  6.7826  5.2947  4.7950  4.6842  4.6729
  45  1.013445  3.7649  4.4951 -0.0385  6.6362  5.1907  4.7086  4.6039  4.5974
  46  1.027618  3.7685  4.4837 -0.0066  6.5052  5.0953  4.6288  4.5296  4.5273
  47  1.031001  3.7695  4.4804  0.0023  6.4776  5.0717  4.6083  4.5103  4.5089
  48  1.050832  3.7742  4.4640  0.0456  6.3017  4.9423  4.4993  4.4087  4.4128
  49  1.039358  3.7730  4.4731  0.0284  6.3591  4.9901  4.5427  4.4506  4.4535
  50  1.055002  3.7769  4.4596  0.0643  6.2115  4.8821  4.4540  4.3681  4.3759
  51  1.068043  3.7804  4.4486  0.0945  6.0892  4.7922  4.3806  4.2999  4.3116
  52  1.072865  3.7815  4.4442  0.1055  6.0472  4.7606  4.3541  4.2748  4.2876
  53  1.077137  3.7826  4.4402  0.1153  6.0111  4.7333  4.3299  4.2516  4.2653
  54  1.080936  3.7835  4.4365  0.1245  5.9794  4.7089  4.3074  4.2294  4.2437
  55  1.084885  3.7845  4.4327  0.1339  5.9471  4.6842  4.2842  4.2066  4.2213
  56  1.089676  3.7857  4.4284  0.1449  5.9100  4.6555  4.2568  4.1797  4.1949
  57  1.097646  3.7875  4.4220  0.1619  5.8538  4.6113  4.2143  4.1380  4.1540
  58  1.200208  3.8066  4.3281  0.3693  5.1725  4.0335  3.7043  3.6551  3.6916
  59  1.207924  3.8077  4.3200  0.3848  5.1255  3.9911  3.6666  3.6193  3.6572
  60  1.348381  3.8251  4.1951  0.6266  4.4115  3.3299  3.0753  3.0574  3.1161
  61  1.366659  3.8264  4.1735  0.6587  4.3265  3.2445  2.9957  2.9805  3.0409
  62  1.380139  3.8271  4.1579  0.6818  4.2657  3.1834  2.9387  2.9252  2.9870
  63  1.392164  3.8278  4.1454  0.7010  4.2151  3.1325  2.8914  2.8797  2.9425
  64  1.401652  3.8284  4.1355  0.7156  4.1765  3.0935  2.8551  2.8445  2.9081
  65  1.409646  3.8287  4.1268  0.7280  4.1446  3.0611  2.8244  2.8146  2.8788
  66  1.417087  3.8289  4.1185  0.7394  4.1152  3.0312  2.7958  2.7867  2.8512
  67  1.424338  3.8290  4.1103  0.7506  4.0867  3.0023  2.7680  2.7594  2.8244
  68  1.431936  3.8292  4.1016  0.7622  4.0573  2.9723  2.7392  2.7310  2.7962
  69  1.440450  3.8294  4.0922  0.7750  4.0247  2.9390  2.7072  2.6997  2.7652
  70  1.449520  3.8295  4.0819  0.7886  3.9903  2.9038  2.6732  2.6663  2.7322
  71  1.459000  3.8297  4.0713  0.8026  3.9549  2.8676  2.6382  2.6317  2.6979
  72  1.468445  3.8297  4.0604  0.8166  3.9201  2.8319  2.6032  2.5972  2.6635
  73  1.477522  3.8297  4.0494  0.8299  3.8875  2.7980  2.5697  2.5638  2.6301
  74  1.486729  3.8297  4.0380  0.8441  3.8534  2.7619  2.5340  2.5285  2.5948
  75  1.494032  3.8293  4.0277  0.8549  3.8290  2.7355  2.5067  2.5007  2.5667
  76  1.500147  3.8286  4.0177  0.8643  3.8090  2.7130  2.4828  2.4761  2.5415
  77  1.506488  3.8281  4.0071  0.8744  3.7875  2.6885  2.4568  2.4495  2.5144
  78  1.511953  3.8273  3.9969  0.8831  3.7706  2.6685  2.4345  2.4262  2.4902
  79  1.517028  3.8263  3.9865  0.8913  3.7555  2.6503  2.4133  2.4038  2.4668
  80  1.522005  3.8254  3.9758  0.8993  3.7413  2.6325  2.3924  2.3814  2.4433
  81  1.527353  3.8242  3.9646  0.9076  3.7269  2.6144  2.3708  2.3582  2.4188
  82  1.530696  3.8235  3.9578  0.9126  3.7182  2.6035  2.3576  2.3440  2.4039
  83  1.534242  3.8228  3.9507  0.9179  3.7091  2.5920  2.3439  2.3293  2.3884
  84  1.538031  3.8221  3.9434  0.9233  3.6993  2.5799  2.3296  2.3140  2.3722
  85  1.542116  3.8214  3.9360  0.9291  3.6889  2.5672  2.3145  2.2979  2.3554
  86  1.546367  3.8207  3.9282  0.9352  3.6779  2.5539  2.2989  2.2812  2.3379
  87  1.550808  3.8200  3.9203  0.9414  3.6667  2.5403  2.2829  2.2641  2.3199
  88  1.555438  3.8192  3.9122  0.9477  3.6554  2.5265  2.2666  2.2466  2.3016
  89  1.560193  3.8183  3.9038  0.9541  3.6442  2.5127  2.2500  2.2289  2.2829
  90  1.565024  3.8175  3.8952  0.9604  3.6331  2.4990  2.2334  2.2109  2.2640
  91  1.569892  3.8166  3.8866  0.9668  3.6224  2.4854  2.2168  2.1930  2.2449
  92  1.574763  3.8156  3.8777  0.9732  3.6122  2.4722  2.2003  2.1750  2.2259
  93  1.579572  3.8145  3.8688  0.9794  3.6026  2.4594  2.1841  2.1572  2.2068
  94  1.584300  3.8135  3.8600  0.9855  3.5939  2.4472  2.1680  2.1396  2.1880
  95  1.588890  3.8125  3.8510  0.9914  3.5861  2.4356  2.1525  2.1225  2.1696
  96  1.593345  3.8114  3.8422  0.9970  3.5791  2.4247  2.1375  2.1058  2.1515
  97  1.597687  3.8102  3.8332  1.0026  3.5736  2.4144  2.1226  2.0892  2.1338
  98  1.601944  3.8091  3.8244  1.0080  3.5688  2.4046  2.1082  2.0730  2.1162
  99  1.606136  3.8079  3.8155  1.0133  3.5640  2.3949  2.0941  2.0571  2.0989
 100  1.610265  3.8068  3.8068  1.0185  3.5592  2.3854  2.0802  2.0413  2.0818
 101  1.614335  3.8057  3.7980  1.0239  3.5544  2.3757  2.0662  2.0256  2.0648
 102  1.618347  3.8045  3.7893  1.0293  3.5487  2.3655  2.0520  2.0099  2.0478
 103  1.622165  3.8036  3.7808  1.0347  3.5424  2.3547  2.0378  1.9941  2.0310
 104  1.625732  3.8027  3.7731  1.0404  3.5345  2.3430  2.0235  1.9785  2.0145
 105  1.628834  3.8022  3.7662  1.0459  3.5251  2.3309  2.0095  1.9638  1.9991
 106  1.631383  3.8020  3.7605  1.0511  3.5142  2.3186  1.9965  1.9503  1.9853
 107  1.633513  3.8018  3.7557  1.0559  3.5032  2.3069  1.9843  1.9379  1.9728
 108  1.635162  3.8019  3.7521  1.0603  3.4918  2.2954  1.9732  1.9271  1.9620
 109  1.636426  3.8021  3.7492  1.0644  3.4803  2.2846  1.9632  1.9173  1.9525
 110  1.637455  3.8024  3.7470  1.0683  3.4683  2.2740  1.9537  1.9084  1.9439
 111  1.638336  3.8028  3.7451  1.0718  3.4564  2.2634  1.9448  1.9001  1.9359
 112  1.638602  3.8030  3.7445  1.0731  3.4524  2.2600  1.9418  1.8973  1.9334
 113  1.638867  3.8031  3.7440  1.0744  3.4476  2.2559  1.9384  1.8942  1.9305
 114  1.639133  3.8033  3.7434  1.0757  3.4432  2.2522  1.9353  1.8913  1.9278
 115  1.639397  3.8035  3.7428  1.0770  3.4388  2.2484  1.9321  1.8884  1.9250
 116  1.639663  3.8037  3.7423  1.0786  3.4333  2.2437  1.9283  1.8849  1.9219
 117  1.639928  3.8039  3.7417  1.0801  3.4279  2.2392  1.9246  1.8816  1.9188
 118  1.640192  3.8041  3.7411  1.0817  3.4224  2.2346  1.9210  1.8783  1.9158
 119  1.640457  3.8044  3.7406  1.0833  3.4165  2.2296  1.9169  1.8748  1.9124
 120  1.640720  3.8048  3.7400  1.0852  3.4095  2.2237  1.9124  1.8706  1.9087
 121  1.640983  3.8051  3.7395  1.0870  3.4028  2.2182  1.9079  1.8667  1.9051
 122  1.641245  3.8054  3.7390  1.0890  3.3954  2.2121  1.9031  1.8625  1.9013
 123  1.641506  3.8058  3.7385  1.0913  3.3868  2.2051  1.8977  1.8578  1.8970
 124  1.641764  3.8062  3.7380  1.0935  3.3784  2.1980  1.8923  1.8531  1.8928
 125  1.642021  3.8068  3.7376  1.0961  3.3683  2.1897  1.8861  1.8477  1.8880
 126  1.642276  3.8073  3.7372  1.0987  3.3584  2.1815  1.8799  1.8423  1.8832
 127  1.642526  3.8079  3.7368  1.1019  3.3464  2.1716  1.8726  1.8361  1.8777
 128  1.642771  3.8086  3.7364  1.1049  3.3341  2.1613  1.8651  1.8296  1.8720
 129  1.643009  3.8094  3.7360  1.1087  3.3197  2.1496  1.8565  1.8223  1.8657
 130  1.643242  3.8103  3.7358  1.1126  3.3038  2.1367  1.8472  1.8146  1.8589
 131  1.643465  3.8113  3.7356  1.1168  3.2874  2.1231  1.8374  1.8063  1.8518
 132  1.643673  3.8124  3.7354  1.1215  3.2689  2.1075  1.8262  1.7969  1.8437
 133  1.643863  3.8136  3.7352  1.1268  3.2485  2.0902  1.8137  1.7866  1.8349
 134  1.644036  3.8150  3.7350  1.1324  3.2269  2.0717  1.8005  1.7756  1.8255
 135  1.644193  3.8166  3.7350  1.1383  3.2042  2.0522  1.7866  1.7642  1.8157
 136  1.644333  3.8181  3.7351  1.1446  3.1808  2.0318  1.7719  1.7521  1.8056
 137  1.644452  3.8198  3.7352  1.1510  3.1566  2.0107  1.7567  1.7396  1.7948
 138  1.644554  3.8214  3.7352  1.1577  3.1320  1.9891  1.7409  1.7266  1.7837
 139  1.644644  3.8230  3.7353  1.1645  3.1070  1.9673  1.7251  1.7135  1.7726
 140  1.644723  3.8248  3.7356  1.1713  3.0817  1.9451  1.7092  1.7005  1.7615
 141  1.644789  3.8266  3.7357  1.1782  3.0565  1.9228  1.6931  1.6872  1.7502
 142  1.644847  3.8284  3.7359  1.1851  3.0315  1.9005  1.6769  1.6740  1.7390
 143  1.644899  3.8301  3.7362  1.1920  3.0069  1.8784  1.6608  1.6609  1.7279
 144  1.644948  3.8321  3.7369  1.1988  2.9827  1.8566  1.6449  1.6478  1.7168
 145  1.644997  3.8339  3.7376  1.2056  2.9585  1.8347  1.6292  1.6351  1.7061
 146  1.645091  3.8358  3.7409  1.2098  2.9411  1.8195  1.6199  1.6287  1.7017
 147  1.645133  3.8345  3.7447  1.2011  2.9680  1.8449  1.6411  1.6478  1.7196
 148  1.645144  3.8331  3.7462  1.1937  2.9916  1.8670  1.6584  1.6628  1.7330
 149  1.645165  3.8317  3.7474  1.1868  3.0135  1.8877  1.6745  1.6768  1.7453
 150  1.645184  3.8301  3.7482  1.1800  3.0366  1.9091  1.6909  1.6906  1.7576
 151  1.645206  3.8284  3.7480  1.1730  3.0610  1.9311  1.7070  1.7040  1.7689
 152  1.645233  3.8261  3.7461  1.1662  3.0876  1.9542  1.7227  1.7160  1.7786
 153  1.645309  3.8212  3.7285  1.1641  3.1177  1.9734  1.7246  1.7100  1.7670
 154  1.645373  3.8182  3.7080  1.1721  3.1147  1.9621  1.7027  1.6832  1.7365
 155  1.645434  3.8159  3.6922  1.1789  3.1102  1.9513  1.6843  1.6612  1.7120
 156  1.645535  3.8128  3.6740  1.1850  3.1134  1.9450  1.6671  1.6392  1.6863
 157  1.645702  3.8092  3.6549  1.1897  3.1247  1.9449  1.6532  1.6196  1.6624
 158  1.645927  3.8058  3.6389  1.1921  3.1395  1.9503  1.6456  1.6062  1.6451
 159  1.646176  3.8031  3.6273  1.1930  3.1561  1.9571  1.6422  1.5984  1.6343
 160  1.646435  3.8010  3.6186  1.1930  3.1734  1.9636  1.6410  1.5939  1.6275
 161  1.646695  3.7991  3.6116  1.1927  3.1909  1.9691  1.6409  1.5915  1.6231
 162  1.647355  3.7955  3.5992  1.1911  3.2262  1.9820  1.6439  1.5898  1.6178
 163  1.648006  3.7921  3.5882  1.1884  3.2577  1.9985  1.6508  1.5914  1.6154
 164  1.648651  3.7888  3.5786  1.1849  3.2915  2.0189  1.6599  1.5949  1.6150
 165  1.649282  3.7853  3.5698  1.1802  3.3356  2.0439  1.6706  1.6001  1.6162
 166  1.649891  3.7818  3.5618  1.1743  3.3892  2.0737  1.6842  1.6080  1.6199
 167  1.650471  3.7782  3.5552  1.1667  3.4474  2.1075  1.7024  1.6205  1.6282
 168  1.651010  3.7745  3.5496  1.1573  3.5120  2.1460  1.7254  1.6377  1.6410
 169  1.651504  3.7707  3.5454  1.1466  3.5820  2.1889  1.7529  1.6590  1.6578
 170  1.651951  3.7669  3.5428  1.1344  3.6561  2.2355  1.7840  1.6841  1.6783
 171  1.652354  3.7634  3.5417  1.1212  3.7332  2.2846  1.8180  1.7122  1.7022
 172  1.652720  3.7598  3.5418  1.1072  3.8131  2.3359  1.8543  1.7427  1.7284
 173  1.653056  3.7565  3.5427  1.0927  3.8953  2.3885  1.8922  1.7751  1.7567
 174  1.653367  3.7531  3.5444  1.0778  3.9793  2.4421  1.9315  1.8088  1.7862
 175  1.653665  3.7498  3.5463  1.0625  4.0652  2.4966  1.9715  1.8434  1.8168
 176  1.653953  3.7463  3.5482  1.0473  4.1532  2.5521  2.0121  1.8786  1.8478
 177  1.654242  3.7429  3.5498  1.0321  4.2438  2.6083  2.0531  1.9139  1.8787
 178  1.654543  3.7393  3.5503  1.0169  4.3390  2.6657  2.0942  1.9489  1.9092
 179  1.654868  3.7353  3.5489  1.0025  4.4407  2.7243  2.1348  1.9830  1.9380
 180  1.655259  3.7307  3.5435  0.9893  4.5518  2.7837  2.1732  2.0136  1.9626
 181  1.655786  3.7250  3.5288  0.9813  4.6724  2.8383  2.2014  2.0321  1.9734
 182  1.656269  3.7203  3.5071  0.9843  4.7493  2.8595  2.2014  2.0239  1.9589
 183  1.656720  3.7166  3.4810  0.9958  4.7885  2.8539  2.1791  1.9951  1.9250
 184  1.657128  3.7137  3.4534  1.0118  4.8022  2.8323  2.1444  1.9554  1.8812
 185  1.657508  3.7112  3.4256  1.0299  4.8035  2.8032  2.1042  1.9108  1.8331
 186  1.657867  3.7092  3.3984  1.0493  4.7918  2.7672  2.0596  1.8625  1.7820
 187  1.658213  3.7075  3.3715  1.0695  4.7759  2.7283  2.0132  1.8129  1.7299
 188  1.658553  3.7059  3.3446  1.0900  4.7570  2.6875  1.9655  1.7623  1.6770
 189  1.658884  3.7045  3.3181  1.1111  4.7315  2.6439  1.9161  1.7104  1.6231
 190  1.659214  3.7030  3.2912  1.1320  4.7092  2.6018  1.8673  1.6589  1.5693
 191  1.659538  3.7017  3.2651  1.1533  4.6810  2.5574  1.8174  1.6066  1.5149
 192  1.659861  3.7004  3.2388  1.1746  4.6520  2.5128  1.7674  1.5542  1.4607
 193  1.660184  3.6993  3.2128  1.1958  4.6208  2.4685  1.7176  1.5021  1.4065
 194  1.660506  3.6982  3.1872  1.2171  4.5864  2.4229  1.6672  1.4496  1.3522
 195  1.660828  3.6969  3.1612  1.2383  4.5550  2.3789  1.6177  1.3977  1.2982
 196  1.661149  3.6957  3.1354  1.2594  4.5230  2.3347  1.5681  1.3458  1.2444
 197  1.661470  3.6946  3.1099  1.2807  4.4882  2.2893  1.5179  1.2936  1.1904
 198  1.661793  3.6935  3.0841  1.3017  4.4573  2.2456  1.4688  1.2422  1.1368
 199  1.662115  3.6924  3.0587  1.3228  4.4249  2.2013  1.4194  1.1905  1.0834
 200  1.662436  3.6913  3.0334  1.3438  4.3931  2.1569  1.3701  1.1390  1.0300
 201  1.662758  3.6901  3.0080  1.3648  4.3645  2.1134  1.3212  1.0878  0.9769
 202  1.663079  3.6891  2.9830  1.3857  4.3335  2.0689  1.2719  1.0364  0.9239
 203  1.663404  3.6878  2.9573  1.4065  4.3086  2.0270  1.2240  0.9859  0.8713
 204  1.663726  3.6867  2.9320  1.4272  4.2820  1.9841  1.1756  0.9352  0.8186
 205  1.664050  3.6856  2.9068  1.4480  4.2560  1.9417  1.1276  0.8846  0.7663
 206  1.664372  3.6844  2.8816  1.4687  4.2291  1.8987  1.0794  0.8340  0.7139
 207  1.664697  3.6832  2.8564  1.4892  4.2054  1.8572  1.0320  0.7840  0.6619
 208  1.665020  3.6820  2.8312  1.5098  4.1806  1.8153  0.9844  0.7339  0.6100
 209  1.665343  3.6810  2.8063  1.5303  4.1549  1.7731  0.9368  0.6839  0.5581
 210  1.665664  3.6797  2.7809  1.5509  4.1326  1.7322  0.8897  0.6341  0.5063
 211  1.665987  3.6785  2.7559  1.5714  4.1091  1.6909  0.8426  0.5844  0.4546
 212  1.666306  3.6773  2.7306  1.5919  4.0860  1.6496  0.7952  0.5344  0.4027
 213  1.666626  3.6761  2.7053  1.6124  4.0645  1.6092  0.7485  0.4849  0.3511
 214  1.666945  3.6750  2.6800  1.6329  4.0421  1.5682  0.7015  0.4352  0.2994
 215  1.667262  3.6737  2.6547  1.6534  4.0202  1.5276  0.6546  0.3856  0.2477
 216  1.667579  3.6725  2.6292  1.6740  3.9989  1.4870  0.6080  0.3360  0.1960
 217  1.667642  3.6722  2.6241  1.6782  3.9945  1.4787  0.5985  0.3261  0.1855
 218  1.667705  3.6720  2.6190  1.6823  3.9897  1.4703  0.5889  0.3159  0.1750
 219  1.667770  3.6717  2.6139  1.6864  3.9853  1.4621  0.5797  0.3061  0.1648
 220  1.667834  3.6714  2.6088  1.6906  3.9817  1.4542  0.5703  0.2961  0.1543
 221  1.667897  3.6712  2.6035  1.6948  3.9777  1.4461  0.5609  0.2861  0.1439
 222  1.667961  3.6709  2.5985  1.6989  3.9735  1.4380  0.5516  0.2762  0.1335
 223  1.668025  3.6707  2.5934  1.7030  3.9690  1.4297  0.5422  0.2661  0.1231
 224  1.668090  3.6704  2.5882  1.7071  3.9652  1.4219  0.5329  0.2564  0.1128
 225  1.668153  3.6702  2.5832  1.7113  3.9609  1.4136  0.5235  0.2464  0.1025
 226  1.668217  3.6699  2.5780  1.7154  3.9567  1.4055  0.5141  0.2363  0.0920
 227  1.668785  3.6677  2.5323  1.7523  3.9201  1.3333  0.4308  0.1478 -0.0005
 228  1.669370  3.6654  2.4856  1.7898  3.8850  1.2608  0.3466  0.0580 -0.0944
 229  1.669906  3.6632  2.4434  1.8235  3.8559  1.1965  0.2711 -0.0227 -0.1790
 230  1.670444  3.6611  2.4019  1.8567  3.8286  1.1341  0.1973 -0.1017 -0.2617
 231  1.670953  3.6592  2.3648  1.8862  3.8055  1.0791  0.1319 -0.1719 -0.3354
 232  1.671468  3.6575  2.3324  1.9119  3.7867  1.0319  0.0754 -0.2329 -0.3995
 233  1.671969  3.6565  2.3145  1.9265  3.7749  1.0049  0.0434 -0.2673 -0.4356
 234  1.672491  3.6579  2.3363  1.9100  3.7801  1.0324  0.0785 -0.2288 -0.3948
 235  1.673116  3.6627  2.4264  1.8390  3.8303  1.1629  0.2351 -0.0604 -0.2180
 236  1.673938  3.6674  2.5052  1.7798  3.8559  1.2671  0.3647  0.0799 -0.0696
 237  1.675021  3.6655  2.4715  1.8061  3.8411  1.2203  0.3074  0.0178 -0.1351
 238  1.676088  3.6607  2.3779  1.8805  3.7821  1.0789  0.1399 -0.1603 -0.3212
 239  1.676988  3.6567  2.3038  1.9390  3.7413  0.9714  0.0106 -0.2992 -0.4671
 240  1.677796  3.6526  2.2274  1.9992  3.7029  0.8639 -0.1200 -0.4410 -0.6164
 241  1.678489  3.6488  2.1579  2.0537  3.6712  0.7681 -0.2373 -0.5688 -0.7514
 242  1.679117  3.6451  2.0908  2.1063  3.6436  0.6773 -0.3494 -0.6915 -0.8813
 243  1.679674  3.6416  2.0266  2.1563  3.6206  0.5926 -0.4549 -0.8076 -1.0045
 244  1.680176  3.6381  1.9643  2.2047  3.6021  0.5128 -0.5553 -0.9193 -1.1234
 245  1.680619  3.6346  1.9050  2.2502  3.5886  0.4396 -0.6483 -1.0238 -1.2353
 246  1.681026  3.6312  1.8465  2.2953  3.5770  0.3687 -0.7387 -1.1262 -1.3454
 247  1.681390  3.6278  1.7894  2.3389  3.5673  0.3012 -0.8250 -1.2251 -1.4523
 248  1.681721  3.6246  1.7336  2.3816  3.5586  0.2367 -0.9073 -1.3205 -1.5561
 249  1.682027  3.6212  1.6786  2.4235  3.5507  0.1747 -0.9867 -1.4140 -1.6584
 250  1.682301  3.6180  1.6255  2.4638  3.5433  0.1162 -1.0613 -1.5030 -1.7567
 251  1.682553  3.6149  1.5737  2.5032  3.5361  0.0610 -1.1319 -1.5890 -1.8523
 252  1.682784  3.6118  1.5232  2.5415  3.5281  0.0084 -1.1989 -1.6719 -1.9453
 253  1.682995  3.6087  1.4736  2.5788  3.5211 -0.0411 -1.2616 -1.7520 -2.0360
 254  1.683189  3.6057  1.4253  2.6151  3.5159 -0.0868 -1.3193 -1.8286 -2.1241
 255  1.683368  3.6027  1.3779  2.6507  3.5114 -0.1293 -1.3726 -1.9026 -2.2106
 256  1.683534  3.5999  1.3318  2.6852  3.5070 -0.1687 -1.4217 -1.9738 -2.2944
 257  1.683686  3.5970  1.2869  2.7189  3.5013 -0.2057 -1.4678 -2.0423 -2.3761
 258  1.683827  3.5942  1.2429  2.7517  3.4939 -0.2402 -1.5111 -2.1084 -2.4553
 259  1.683959  3.5915  1.1996  2.7840  3.4836 -0.2732 -1.5527 -2.1731 -2.5331
 260  1.684082  3.5888  1.1575  2.8154  3.4727 -0.3032 -1.5904 -2.2350 -2.6084
 261  1.684196  3.5861  1.1163  2.8460  3.4616 -0.3309 -1.6240 -2.2945 -2.6819
 262  1.684302  3.5835  1.0758  2.8760  3.4506 -0.3558 -1.6534 -2.3518 -2.7538
 263  1.684402  3.5810  1.0363  2.9052  3.4402 -0.3783 -1.6786 -2.4067 -2.8240
 264  1.684495  3.5784  0.9976  2.9338  3.4300 -0.3984 -1.7004 -2.4596 -2.8922
 265  1.684581  3.5759  0.9596  2.9617  3.4201 -0.4157 -1.7177 -2.5102 -2.9590
 266  1.684663  3.5733  0.9221  2.9891  3.4098 -0.4299 -1.7301 -2.5589 -3.0243
 267  1.684740  3.5708  0.8854  3.0159  3.3989 -0.4404 -1.7357 -2.6047 -3.0877
 268  1.684812  3.5684  0.8494  3.0421  3.3874 -0.4479 -1.7349 -2.6488 -3.1502
 269  1.684881  3.5660  0.8144  3.0677  3.3762 -0.4513 -1.7277 -2.6900 -3.2107
 270  1.684943  3.5637  0.7799  3.0925  3.3654 -0.4518 -1.7168 -2.7290 -3.2694
 271  1.685004  3.5613  0.7462  3.1171  3.3555 -0.4507 -1.7046 -2.7660 -3.3263
 272  1.685062  3.5589  0.7131  3.1410  3.3485 -0.4463 -1.6923 -2.8007 -3.3813
 273  1.685116  3.5568  0.6807  3.1642  3.3462 -0.4388 -1.6799 -2.8328 -3.4340
 274  1.685167  3.5545  0.6490  3.1870  3.3451 -0.4267 -1.6633 -2.8615 -3.4843
 275  1.685216  3.5523  0.6179  3.2092  3.3435 -0.4093 -1.6385 -2.8868 -3.5323
 276  1.685263  3.5501  0.5878  3.2310  3.3399 -0.3884 -1.6067 -2.9097 -3.5785
 277  1.685307  3.5480  0.5581  3.2520  3.3340 -0.3631 -1.5633 -2.9300 -3.6231
 278  1.685360  3.5460  0.5301  3.2721  3.3245 -0.3303 -1.5018 -2.9456 -3.6644
