#NUMBER OF AGES= 1
#----------------------------------------------------       
#MIX-LEN  Y      Z          Zeff        [Fe/H] [a/Fe]
# 1.9380  0.2714 1.7313E-02 1.7313E-02   0.03   0.00 
#----------------------------------------------------       
#**PHOTOMETRIC SYSTEM**: SDSS (AB)                          
#----------------------------------------------------       
#AGE= 2.250 EEPS=274
#EEP   M/Mo    LogTeff  LogG   LogL/Lo sdss_u  sdss_g  sdss_r  sdss_i  sdss_z
   6  0.123333  3.5060  5.2197 -2.7135 17.6972 14.5631 13.0575 11.8065 11.0934
   7  0.146536  3.5064  5.1485 -2.5655 17.2611 14.1760 12.6805 11.4356 10.7240
   8  0.193699  3.5132  5.0739 -2.3426 16.4838 13.4957 12.0313 10.8427 10.1610
   9  0.242472  3.5206  5.0239 -2.1654 15.8455 12.9302 11.4955 10.3629  9.7130
  10  0.287993  3.5269  4.9880 -2.0300 15.3657 12.4970 11.0860  9.9958  9.3708
  11  0.303874  3.5289  4.9739 -1.9841 15.2074 12.3526 10.9493  9.8725  9.2556
  12  0.311192  3.5298  4.9651 -1.9614 15.1317 12.2835 10.8838  9.8124  9.1986
  13  0.315819  3.5304  4.9580 -1.9453 15.0780 12.2345 10.8376  9.7697  9.1583
  14  0.318958  3.5307  4.9515 -1.9336 15.0424 12.2021 10.8065  9.7397  9.1289
  15  0.320488  3.5310  4.9480 -1.9271 15.0210 12.1826 10.7881  9.7227  9.1128
  16  0.321928  3.5311  4.9450 -1.9213 15.0028 12.1659 10.7721  9.7078  9.0983
  17  0.322563  3.5312  4.9427 -1.9177 14.9916 12.1557 10.7623  9.6985  9.0894
  18  0.322179  3.5311  4.9412 -1.9167 14.9897 12.1541 10.7602  9.6965  9.0870
  19  0.322691  3.5310  4.9388 -1.9132 14.9803 12.1459 10.7514  9.6881  9.0783
  20  0.324270  3.5308  4.9370 -1.9083 14.9646 12.1327 10.7379  9.6755  9.0656
  21  0.330794  3.5313  4.9310 -1.8907 14.9056 12.0804 10.6877  9.6296  9.0217
  22  0.463501  3.5553  4.8241 -1.5456 13.7071 10.9339  9.5993  8.6775  8.1616
  23  0.479750  3.5591  4.8077 -1.4989 13.5471 10.7734  9.4445  8.5471  8.0470
  24  0.494527  3.5630  4.7934 -1.4559 13.3988 10.6223  9.2981  8.4273  7.9424
  25  0.507178  3.5666  4.7816 -1.4188 13.2700 10.4889  9.1684  8.3228  7.8525
  26  0.517609  3.5697  4.7722 -1.3878 13.1621 10.3757  9.0582  8.2349  7.7775
  27  0.527551  3.5731  4.7637 -1.3577 13.0575 10.2641  8.9490  8.1485  7.7050
  28  0.538730  3.5768  4.7540 -1.3241 12.9406 10.1383  8.8253  8.0517  7.6241
  29  0.553017  3.5815  4.7418 -1.2813 12.7913  9.9779  8.6670  7.9286  7.5220
  30  0.570097  3.5877  4.7271 -1.2289 12.6058  9.7787  8.4702  7.7774  7.3982
  31  0.588610  3.5947  4.7119 -1.1718 12.4104  9.5634  8.2638  7.6150  7.2632
  32  0.615228  3.6061  4.6956 -1.0917 12.1086  9.2345  7.9539  7.3784  7.0713
  33  0.603400  3.6011  4.6952 -1.1154 12.3212  9.3628  8.0437  7.4512  7.1370
  34  0.632584  3.6142  4.6787 -1.0263 11.9960  8.9942  7.7045  7.1920  6.9286
  35  0.681684  3.6376  4.6567 -0.8797 11.2875  8.3471  7.1583  6.7654  6.5754
  36  0.861821  3.7160  4.5864 -0.3955  8.4006  6.3541  5.6468  5.4634  5.3965
  37  0.876379  3.7218  4.5792 -0.3584  8.1922  6.2216  5.5435  5.3705  5.3114
  38  0.890296  3.7270  4.5718 -0.3232  7.9987  6.0993  5.4471  5.2831  5.2308
  39  0.904964  3.7323  4.5637 -0.2867  7.8024  5.9768  5.3485  5.1930  5.1474
  40  0.919940  3.7376  4.5550 -0.2498  7.6112  5.8551  5.2505  5.1032  5.0641
  41  0.933873  3.7422  4.5463 -0.2162  7.4450  5.7459  5.1625  5.0226  4.9891
  42  0.947270  3.7464  4.5376 -0.1842  7.2915  5.6435  5.0795  4.9464  4.9179
  43  0.960220  3.7503  4.5287 -0.1535  7.1487  5.5465  5.0007  4.8736  4.8500
  44  0.973045  3.7541  4.5195 -0.1234  7.0120  5.4524  4.9236  4.8025  4.7834
  45  0.986127  3.7579  4.5099 -0.0929  6.8769  5.3583  4.8460  4.7307  4.7159
  46  1.000253  3.7618  4.4991 -0.0604  6.7358  5.2588  4.7637  4.6543  4.6442
  47  1.014598  3.7656  4.4875 -0.0276  6.5978  5.1599  4.6812  4.5775  4.5719
  48  1.022562  3.7677  4.4805 -0.0086  6.5261  5.1054  4.6351  4.5345  4.5311
  49  1.034736  3.7708  4.4701  0.0194  6.4124  5.0218  4.5646  4.4688  4.4689
  50  1.050361  3.7744  4.4565  0.0542  6.2765  4.9199  4.4781  4.3878  4.3922
  51  1.037683  3.7736  4.4677  0.0358  6.3276  4.9678  4.5236  4.4323  4.4360
  52  1.044577  3.7751  4.4613  0.0515  6.2670  4.9219  4.4851  4.3963  4.4019
  53  1.051402  3.7767  4.4551  0.0669  6.2071  4.8765  4.4476  4.3614  4.3689
  54  1.057908  3.7783  4.4490  0.0816  6.1494  4.8329  4.4116  4.3279  4.3373
  55  1.064153  3.7797  4.4434  0.0957  6.0947  4.7916  4.3775  4.2960  4.3071
  56  1.069380  3.7810  4.4386  0.1077  6.0484  4.7568  4.3486  4.2688  4.2812
  57  1.073710  3.7821  4.4344  0.1179  6.0093  4.7275  4.3238  4.2453  4.2589
  58  1.077553  3.7831  4.4307  0.1271  5.9756  4.7018  4.3011  4.2235  4.2377
  59  1.081139  3.7840  4.4271  0.1360  5.9450  4.6785  4.2795  4.2023  4.2171
  60  1.084719  3.7850  4.4235  0.1447  5.9151  4.6552  4.2578  4.1810  4.1963
  61  1.088867  3.7861  4.4196  0.1544  5.8825  4.6296  4.2335  4.1572  4.1730
  62  1.094530  3.7874  4.4148  0.1670  5.8410  4.5969  4.2023  4.1266  4.1431
  63  1.106062  3.7899  4.4057  0.1907  5.7639  4.5349  4.1430  4.0686  4.0864
  64  1.204308  3.8068  4.3098  0.3903  5.1177  3.9791  3.6521  3.6041  3.6411
  65  1.213449  3.8080  4.3006  0.4074  5.0658  3.9322  3.6101  3.5639  3.6024
  66  1.319184  3.8194  4.1970  0.5925  4.5264  3.4298  3.1564  3.1300  3.1826
  67  1.346332  3.8215  4.1674  0.6390  4.4001  3.3059  3.0413  3.0189  3.0742
  68  1.364391  3.8221  4.1434  0.6712  4.3179  3.2224  2.9613  2.9404  2.9967
  69  1.378635  3.8224  4.1248  0.6956  4.2563  3.1593  2.9005  2.8808  2.9375
  70  1.390425  3.8227  4.1106  0.7146  4.2078  3.1100  2.8531  2.8343  2.8916
  71  1.399792  3.8228  4.0994  0.7292  4.1712  3.0724  2.8167  2.7983  2.8559
  72  1.407545  3.8228  4.0895  0.7413  4.1416  3.0416  2.7864  2.7684  2.8261
  73  1.414653  3.8226  4.0803  0.7522  4.1151  3.0140  2.7589  2.7409  2.7986
  74  1.421425  3.8225  4.0710  0.7626  4.0900  2.9875  2.7325  2.7145  2.7721
  75  1.428166  3.8222  4.0617  0.7731  4.0652  2.9613  2.7061  2.6880  2.7455
  76  1.435621  3.8220  4.0516  0.7845  4.0386  2.9330  2.6775  2.6593  2.7167
  77  1.443843  3.8217  4.0405  0.7967  4.0098  2.9023  2.6464  2.6280  2.6852
  78  1.452626  3.8212  4.0285  0.8097  3.9799  2.8702  2.6136  2.5950  2.6519
  79  1.461657  3.8208  4.0162  0.8229  3.9497  2.8378  2.5803  2.5613  2.6178
  80  1.470443  3.8202  4.0037  0.8356  3.9213  2.8066  2.5479  2.5284  2.5843
  81  1.479870  3.8197  3.9902  0.8499  3.8897  2.7718  2.5118  2.4915  2.5470
  82  1.484501  3.8191  3.9827  0.8567  3.8760  2.7563  2.4946  2.4737  2.5285
  83  1.488831  3.8185  3.9753  0.8630  3.8636  2.7419  2.4783  2.4565  2.5107
  84  1.492879  3.8179  3.9680  0.8690  3.8525  2.7285  2.4630  2.4403  2.4938
  85  1.496631  3.8172  3.9608  0.8745  3.8428  2.7164  2.4487  2.4250  2.4777
  86  1.500165  3.8165  3.9536  0.8797  3.8342  2.7052  2.4350  2.4102  2.4621
  87  1.503578  3.8157  3.9463  0.8849  3.8263  2.6944  2.4215  2.3955  2.4465
  88  1.507371  3.8149  3.9380  0.8908  3.8171  2.6818  2.4060  2.3788  2.4288
  89  1.510565  3.8140  3.9306  0.8957  3.8111  2.6725  2.3933  2.3648  2.4138
  90  1.513657  3.8129  3.9231  0.9003  3.8060  2.6638  2.3812  2.3513  2.3991
  91  1.516708  3.8120  3.9155  0.9048  3.8014  2.6555  2.3692  2.3378  2.3845
  92  1.519810  3.8110  3.9079  0.9091  3.7978  2.6474  2.3572  2.3243  2.3698
  93  1.522989  3.8100  3.9002  0.9137  3.7946  2.6395  2.3451  2.3106  2.3549
  94  1.526266  3.8088  3.8922  0.9182  3.7914  2.6314  2.3328  2.2967  2.3398
  95  1.529700  3.8078  3.8842  0.9229  3.7876  2.6229  2.3201  2.2824  2.3242
  96  1.533333  3.8067  3.8759  0.9279  3.7837  2.6141  2.3071  2.2678  2.3082
  97  1.537174  3.8056  3.8675  0.9329  3.7792  2.6048  2.2936  2.2526  2.2919
  98  1.541230  3.8045  3.8588  0.9382  3.7746  2.5951  2.2797  2.2369  2.2750
  99  1.545470  3.8033  3.8499  0.9438  3.7693  2.5847  2.2654  2.2209  2.2577
 100  1.549856  3.8021  3.8409  0.9495  3.7626  2.5735  2.2506  2.2045  2.2399
 101  1.554313  3.8011  3.8319  0.9555  3.7562  2.5616  2.2351  2.1874  2.2216
 102  1.558758  3.8001  3.8228  0.9617  3.7496  2.5487  2.2190  2.1698  2.2031
 103  1.563004  3.7992  3.8140  0.9680  3.7416  2.5353  2.2028  2.1524  2.1846
 104  1.566832  3.7984  3.8061  0.9743  3.7321  2.5214  2.1869  2.1355  2.1670
 105  1.569824  3.7981  3.7996  0.9800  3.7210  2.5080  2.1723  2.1206  2.1517
 106  1.572164  3.7980  3.7945  0.9851  3.7095  2.4954  2.1593  2.1074  2.1383
 107  1.573946  3.7981  3.7906  0.9898  3.6974  2.4833  2.1477  2.0958  2.1268
 108  1.575380  3.7982  3.7874  0.9941  3.6856  2.4722  2.1370  2.0854  2.1166
 109  1.576559  3.7985  3.7846  0.9981  3.6738  2.4613  2.1270  2.0758  2.1072
 110  1.577538  3.7988  3.7823  1.0020  3.6615  2.4508  2.1176  2.0669  2.0987
 111  1.578360  3.7991  3.7805  1.0057  3.6495  2.4407  2.1087  2.0585  2.0906
 112  1.578620  3.7992  3.7798  1.0069  3.6453  2.4371  2.1056  2.0557  2.0879
 113  1.578879  3.7994  3.7792  1.0082  3.6405  2.4332  2.1023  2.0525  2.0850
 114  1.579138  3.7997  3.7787  1.0095  3.6359  2.4295  2.0991  2.0496  2.0822
 115  1.579395  3.7997  3.7780  1.0109  3.6313  2.4257  2.0958  2.0465  2.0793
 116  1.579651  3.7999  3.7775  1.0125  3.6252  2.4209  2.0918  2.0429  2.0759
 117  1.579906  3.8003  3.7768  1.0141  3.6194  2.4161  2.0879  2.0393  2.0725
 118  1.580161  3.8005  3.7761  1.0157  3.6134  2.4114  2.0840  2.0356  2.0691
 119  1.580414  3.8007  3.7754  1.0176  3.6066  2.4060  2.0795  2.0316  2.0654
 120  1.580665  3.8011  3.7748  1.0196  3.5990  2.4000  2.0746  2.0273  2.0613
 121  1.580915  3.8013  3.7742  1.0215  3.5916  2.3943  2.0699  2.0229  2.0574
 122  1.581161  3.8017  3.7734  1.0240  3.5819  2.3868  2.0640  2.0175  2.0525
 123  1.581405  3.8022  3.7728  1.0264  3.5732  2.3796  2.0581  2.0123  2.0477
 124  1.581646  3.8027  3.7720  1.0291  3.5631  2.3714  2.0514  2.0065  2.0423
 125  1.581884  3.8032  3.7713  1.0321  3.5520  2.3624  2.0444  2.0003  2.0367
 126  1.582118  3.8038  3.7707  1.0352  3.5398  2.3525  2.0369  1.9937  2.0308
 127  1.582345  3.8045  3.7700  1.0385  3.5267  2.3420  2.0288  1.9866  2.0245
 128  1.582567  3.8052  3.7693  1.0423  3.5119  2.3301  2.0197  1.9788  2.0175
 129  1.582780  3.8061  3.7686  1.0462  3.4964  2.3175  2.0103  1.9706  2.0102
 130  1.582983  3.8069  3.7680  1.0507  3.4793  2.3035  1.9999  1.9616  2.0022
 131  1.583175  3.8080  3.7673  1.0553  3.4607  2.2883  1.9887  1.9520  1.9937
 132  1.583353  3.8090  3.7666  1.0605  3.4408  2.2720  1.9766  1.9417  1.9848
 133  1.583511  3.8101  3.7657  1.0660  3.4190  2.2542  1.9635  1.9305  1.9747
 134  1.583651  3.8114  3.7649  1.0719  3.3961  2.2354  1.9498  1.9187  1.9645
 135  1.583778  3.8127  3.7641  1.0780  3.3731  2.2160  1.9354  1.9064  1.9537
 136  1.583884  3.8141  3.7631  1.0844  3.3496  2.1958  1.9204  1.8936  1.9424
 137  1.583975  3.8154  3.7620  1.0908  3.3259  2.1751  1.9050  1.8805  1.9309
 138  1.584056  3.8168  3.7610  1.0975  3.3022  2.1542  1.8893  1.8670  1.9191
 139  1.584124  3.8182  3.7598  1.1041  3.2787  2.1332  1.8734  1.8535  1.9071
 140  1.584184  3.8196  3.7586  1.1108  3.2554  2.1122  1.8573  1.8397  1.8949
 141  1.584237  3.8209  3.7573  1.1176  3.2319  2.0912  1.8411  1.8258  1.8826
 142  1.584287  3.8222  3.7560  1.1242  3.2089  2.0706  1.8253  1.8121  1.8705
 143  1.584333  3.8236  3.7547  1.1309  3.1859  2.0501  1.8095  1.7986  1.8584
 144  1.584380  3.8250  3.7535  1.1376  3.1630  2.0295  1.7938  1.7850  1.8463
 145  1.584442  3.8263  3.7530  1.1435  3.1417  2.0105  1.7796  1.7732  1.8360
 146  1.584516  3.8258  3.7584  1.1361  3.1625  2.0308  1.7979  1.7905  1.8527
 147  1.584530  3.8246  3.7620  1.1277  3.1896  2.0558  1.8185  1.8090  1.8699
 148  1.584547  3.8236  3.7647  1.1208  3.2113  2.0759  1.8349  1.8237  1.8833
 149  1.584565  3.8224  3.7668  1.1141  3.2334  2.0961  1.8509  1.8378  1.8963
 150  1.584586  3.8210  3.7681  1.1073  3.2566  2.1169  1.8669  1.8516  1.9085
 151  1.584617  3.8191  3.7668  1.1010  3.2820  2.1382  1.8815  1.8631  1.9179
 152  1.584688  3.8150  3.7535  1.0980  3.3133  2.1579  1.8867  1.8618  1.9118
 153  1.584760  3.8119  3.7323  1.1070  3.3109  2.1445  1.8623  1.8327  1.8791
 154  1.584821  3.8102  3.7174  1.1147  3.3022  2.1308  1.8419  1.8093  1.8535
 155  1.584928  3.8076  3.7010  1.1205  3.3046  2.1247  1.8258  1.7890  1.8300
 156  1.585104  3.8044  3.6842  1.1247  3.3153  2.1248  1.8140  1.7719  1.8094
 157  1.585332  3.8017  3.6712  1.1267  3.3309  2.1288  1.8076  1.7613  1.7956
 158  1.585575  3.7995  3.6625  1.1272  3.3477  2.1329  1.8047  1.7556  1.7879
 159  1.585819  3.7980  3.6560  1.1274  3.3615  2.1365  1.8037  1.7525  1.7832
 160  1.586064  3.7966  3.6507  1.1272  3.3734  2.1401  1.8036  1.7506  1.7797
 161  1.586309  3.7953  3.6460  1.1271  3.3841  2.1437  1.8041  1.7494  1.7773
 162  1.586988  3.7924  3.6354  1.1260  3.4057  2.1544  1.8075  1.7482  1.7727
 163  1.587652  3.7894  3.6256  1.1239  3.4310  2.1693  1.8137  1.7494  1.7703
 164  1.588303  3.7863  3.6165  1.1207  3.4669  2.1889  1.8210  1.7516  1.7687
 165  1.588934  3.7829  3.6081  1.1163  3.5162  2.2142  1.8301  1.7554  1.7687
 166  1.589537  3.7796  3.6006  1.1101  3.5717  2.2442  1.8435  1.7635  1.7727
 167  1.590098  3.7758  3.5937  1.1023  3.6319  2.2788  1.8628  1.7770  1.7819
 168  1.590612  3.7721  3.5884  1.0928  3.6982  2.3182  1.8871  1.7952  1.7958
 169  1.591076  3.7683  3.5847  1.0816  3.7692  2.3618  1.9153  1.8175  1.8136
 170  1.591491  3.7647  3.5825  1.0694  3.8441  2.4087  1.9469  1.8432  1.8348
 171  1.591863  3.7611  3.5816  1.0563  3.9223  2.4579  1.9810  1.8715  1.8587
 172  1.592202  3.7576  3.5816  1.0425  4.0027  2.5087  2.0171  1.9018  1.8849
 173  1.592512  3.7543  3.5824  1.0282  4.0855  2.5604  2.0543  1.9336  1.9126
 174  1.592804  3.7510  3.5836  1.0137  4.1701  2.6129  2.0926  1.9665  1.9414
 175  1.593086  3.7475  3.5849  0.9990  4.2563  2.6666  2.1315  2.0000  1.9708
 176  1.593363  3.7442  3.5861  0.9844  4.3446  2.7211  2.1710  2.0339  2.0004
 177  1.593646  3.7406  3.5866  0.9697  4.4366  2.7766  2.2107  2.0677  2.0297
 178  1.593945  3.7369  3.5857  0.9554  4.5339  2.8331  2.2502  2.1009  2.0580
 179  1.594285  3.7325  3.5822  0.9419  4.6391  2.8911  2.2889  2.1324  2.0841
 180  1.594717  3.7273  3.5728  0.9307  4.7564  2.9497  2.3238  2.1586  2.1033
 181  1.595296  3.7212  3.5505  0.9287  4.8708  2.9920  2.3380  2.1624  2.0990
 182  1.595782  3.7169  3.5240  0.9380  4.9270  2.9959  2.3224  2.1392  2.0699
 183  1.596220  3.7137  3.4957  0.9534  4.9495  2.9787  2.2901  2.1012  2.0271
 184  1.596622  3.7111  3.4671  0.9717  4.9532  2.9501  2.2497  2.0560  1.9783
 185  1.597000  3.7089  3.4387  0.9916  4.9448  2.9145  2.2045  2.0070  1.9261
 186  1.597364  3.7071  3.4107  1.0124  4.9300  2.8746  2.1567  1.9557  1.8722
 187  1.597717  3.7055  3.3829  1.0338  4.9083  2.8315  2.1069  1.9030  1.8171
 188  1.598069  3.7038  3.3551  1.0553  4.8871  2.7886  2.0570  1.8502  1.7619
 189  1.598411  3.7025  3.3280  1.0772  4.8584  2.7429  2.0055  1.7963  1.7060
 190  1.598751  3.7014  3.3012  1.0991  4.8269  2.6962  1.9537  1.7421  1.6499
 191  1.599094  3.6999  3.2741  1.1210  4.7975  2.6511  1.9026  1.6886  1.5942
 192  1.599434  3.6988  3.2475  1.1428  4.7632  2.6046  1.8511  1.6347  1.5384
 193  1.599775  3.6976  3.2213  1.1648  4.7283  2.5581  1.7995  1.5809  1.4827
 194  1.600116  3.6965  3.1949  1.1866  4.6938  2.5119  1.7482  1.5275  1.4274
 195  1.600457  3.6954  3.1690  1.2083  4.6578  2.4653  1.6969  1.4740  1.3721
 196  1.600800  3.6944  3.1431  1.2299  4.6228  2.4192  1.6458  1.4209  1.3171
 197  1.601143  3.6932  3.1171  1.2515  4.5891  2.3736  1.5952  1.3680  1.2623
 198  1.601488  3.6921  3.0911  1.2729  4.5562  2.3285  1.5449  1.3155  1.2079
 199  1.601834  3.6909  3.0654  1.2943  4.5249  2.2836  1.4947  1.2631  1.1536
 200  1.602179  3.6898  3.0397  1.3157  4.4937  2.2385  1.4446  1.2107  1.0994
 201  1.602523  3.6887  3.0143  1.3370  4.4624  2.1933  1.3945  1.1583  1.0454
 202  1.602869  3.6878  2.9889  1.3584  4.4317  2.1483  1.3445  1.1063  0.9916
 203  1.603215  3.6866  2.9631  1.3795  4.4046  2.1048  1.2954  1.0545  0.9380
 204  1.603562  3.6854  2.9375  1.4007  4.3765  2.0607  1.2460  1.0029  0.8844
 205  1.603907  3.6842  2.9116  1.4218  4.3508  2.0176  1.1970  0.9511  0.8308
 206  1.604252  3.6831  2.8861  1.4430  4.3236  1.9739  1.1479  0.8997  0.7775
 207  1.604597  3.6819  2.8602  1.4641  4.2982  1.9310  1.0991  0.8483  0.7242
 208  1.604941  3.6808  2.8346  1.4852  4.2723  1.8878  1.0501  0.7969  0.6708
 209  1.605285  3.6796  2.8089  1.5064  4.2467  1.8449  1.0014  0.7456  0.6176
 210  1.605626  3.6784  2.7830  1.5275  4.2221  1.8021  0.9527  0.6942  0.5642
 211  1.605968  3.6771  2.7572  1.5487  4.1977  1.7595  0.9040  0.6429  0.5109
 212  1.606309  3.6760  2.7313  1.5698  4.1737  1.7170  0.8554  0.5916  0.4576
 213  1.606649  3.6748  2.7057  1.5910  4.1477  1.6738  0.8065  0.5402  0.4043
 214  1.606989  3.6735  2.6794  1.6122  4.1256  1.6319  0.7583  0.4890  0.3510
 215  1.607329  3.6724  2.6535  1.6334  4.1020  1.5895  0.7099  0.4378  0.2977
 216  1.607668  3.6711  2.6275  1.6546  4.0786  1.5472  0.6616  0.3866  0.2445
 217  1.607731  3.6709  2.6227  1.6585  4.0744  1.5395  0.6527  0.3774  0.2347
 218  1.607793  3.6707  2.6180  1.6622  4.0702  1.5318  0.6439  0.3680  0.2250
 219  1.607855  3.6705  2.6133  1.6661  4.0659  1.5241  0.6352  0.3586  0.2153
 220  1.607917  3.6702  2.6085  1.6700  4.0615  1.5163  0.6262  0.3492  0.2055
 221  1.607980  3.6700  2.6038  1.6739  4.0575  1.5087  0.6176  0.3400  0.1959
 222  1.608042  3.6698  2.5990  1.6778  4.0535  1.5011  0.6088  0.3307  0.1862
 223  1.608105  3.6696  2.5943  1.6815  4.0492  1.4934  0.6001  0.3216  0.1766
 224  1.608167  3.6693  2.5896  1.6854  4.0452  1.4858  0.5913  0.3122  0.1669
 225  1.608230  3.6691  2.5848  1.6893  4.0411  1.4781  0.5825  0.3029  0.1571
 226  1.608292  3.6689  2.5800  1.6932  4.0369  1.4704  0.5737  0.2935  0.1474
 227  1.608887  3.6667  2.5348  1.7300  3.9988  1.3978  0.4904  0.2051  0.0551
 228  1.609455  3.6646  2.4920  1.7646  3.9652  1.3305  0.4124  0.1221 -0.0317
 229  1.610009  3.6625  2.4511  1.7973  3.9368  1.2684  0.3394  0.0440 -0.1133
 230  1.610550  3.6607  2.4158  1.8255  3.9138  1.2155  0.2767 -0.0231 -0.1837
 231  1.611081  3.6596  2.3914  1.8451  3.8974  1.1788  0.2333 -0.0697 -0.2325
 232  1.611626  3.6598  2.3946  1.8431  3.8953  1.1812  0.2372 -0.0652 -0.2277
 233  1.612207  3.6640  2.4755  1.7789  3.9467  1.3019  0.3805  0.0878 -0.0673
 234  1.613007  3.6668  2.5271  1.7390  3.9752  1.3759  0.4690  0.1830  0.0327
 235  1.613960  3.6663  2.5120  1.7523  3.9554  1.3472  0.4375  0.1503 -0.0008
 236  1.614949  3.6616  2.4181  1.8279  3.8867  1.2010  0.2669 -0.0308 -0.1899
 237  1.615774  3.6576  2.3404  1.8895  3.8411  1.0874  0.1310 -0.1769 -0.3433
 238  1.616507  3.6535  2.2654  1.9488  3.8006  0.9804  0.0017 -0.3169 -0.4907
 239  1.617152  3.6498  2.1948  2.0044  3.7659  0.8819 -0.1184 -0.4474 -0.6283
 240  1.617722  3.6461  2.1274  2.0573  3.7356  0.7894 -0.2318 -0.5712 -0.7592
 241  1.618228  3.6425  2.0626  2.1080  3.7097  0.7024 -0.3394 -0.6894 -0.8844
 242  1.618684  3.6391  1.9994  2.1572  3.6880  0.6198 -0.4425 -0.8034 -1.0055
 243  1.619090  3.6356  1.9385  2.2043  3.6716  0.5433 -0.5392 -0.9116 -1.1209
 244  1.619458  3.6321  1.8787  2.2505  3.6579  0.4697 -0.6325 -1.0169 -1.2340
 245  1.619788  3.6287  1.8204  2.2952  3.6465  0.4000 -0.7213 -1.1182 -1.3434
 246  1.620089  3.6253  1.7627  2.3393  3.6364  0.3324 -0.8073 -1.2176 -1.4511
 247  1.620360  3.6219  1.7067  2.3822  3.6270  0.2682 -0.8890 -1.3132 -1.5556
 248  1.620608  3.6187  1.6517  2.4240  3.6185  0.2072 -0.9668 -1.4058 -1.6575
 249  1.620834  3.6155  1.5982  2.4647  3.6101  0.1493 -1.0403 -1.4950 -1.7565
 250  1.621038  3.6123  1.5463  2.5041  3.6012  0.0946 -1.1099 -1.5807 -1.8524
 251  1.621226  3.6092  1.4956  2.5426  3.5925  0.0426 -1.1752 -1.6632 -1.9457
 252  1.621400  3.6061  1.4451  2.5806  3.5863 -0.0056 -1.2361 -1.7436 -2.0379
 253  1.621558  3.6030  1.3962  2.6173  3.5811 -0.0501 -1.2917 -1.8204 -2.1272
 254  1.621704  3.6000  1.3486  2.6529  3.5762 -0.0912 -1.3428 -1.8939 -2.2141
 255  1.621838  3.5972  1.3017  2.6881  3.5698 -0.1299 -1.3910 -1.9656 -2.2993
 256  1.621964  3.5943  1.2558  2.7224  3.5614 -0.1661 -1.4366 -2.0347 -2.3821
 257  1.622078  3.5914  1.2115  2.7556  3.5503 -0.2001 -1.4794 -2.1011 -2.4618
 258  1.622185  3.5886  1.1677  2.7881  3.5385 -0.2317 -1.5188 -2.1655 -2.5401
 259  1.622284  3.5859  1.1249  2.8200  3.5265 -0.2602 -1.5535 -2.2272 -2.6163
 260  1.622377  3.5831  1.0832  2.8510  3.5150 -0.2858 -1.5840 -2.2862 -2.6905
 261  1.622463  3.5805  1.0423  2.8813  3.5038 -0.3091 -1.6104 -2.3431 -2.7631
 262  1.622543  3.5778  1.0022  2.9108  3.4928 -0.3300 -1.6326 -2.3978 -2.8339
 263  1.622619  3.5753  0.9626  2.9399  3.4820 -0.3474 -1.6495 -2.4502 -2.9031
 264  1.622690  3.5727  0.9239  2.9683  3.4702 -0.3616 -1.6600 -2.5000 -2.9707
 265  1.622756  3.5701  0.8861  2.9959  3.4580 -0.3715 -1.6630 -2.5472 -3.0363
 266  1.622818  3.5676  0.8490  3.0230  3.4456 -0.3779 -1.6591 -2.5921 -3.1008
 267  1.622876  3.5651  0.8123  3.0496  3.4339 -0.3805 -1.6504 -2.6346 -3.1636
 268  1.622931  3.5626  0.7769  3.0753  3.4227 -0.3821 -1.6410 -2.6748 -3.2239
 269  1.622983  3.5602  0.7419  3.1006  3.4150 -0.3797 -1.6310 -2.7123 -3.2825
 270  1.623032  3.5578  0.7077  3.1252  3.4103 -0.3737 -1.6198 -2.7470 -3.3386
 271  1.623079  3.5555  0.6739  3.1496  3.4090 -0.3636 -1.6064 -2.7788 -3.3925
 272  1.623122  3.5532  0.6412  3.1731  3.4074 -0.3486 -1.5856 -2.8074 -3.4441
 273  1.623163  3.5509  0.6087  3.1963  3.4046 -0.3277 -1.5544 -2.8324 -3.4936
 274  1.623204  3.5486  0.5774  3.2187  3.3989 -0.3043 -1.5124 -2.8561 -3.5419
 275  1.623240  3.5464  0.5467  3.2408  3.3900 -0.2735 -1.4544 -2.8759 -3.5886
 276  1.623277  3.5442  0.5163  3.2623  3.3699 -0.2318 -1.3632 -2.8895 -3.6323
 277  1.623313  3.5421  0.4871  3.2830  3.3469 -0.1824 -1.2574 -2.8982 -3.6733
 278  1.623569  3.5402  0.4594  3.3029  3.3231 -0.1216 -1.1355 -2.8993 -3.7094
 279  1.623600  3.5384  0.4348  3.3203  3.3015 -0.0575 -1.0133 -2.8945 -3.7383
