#NUMBER OF AGES= 1
#----------------------------------------------------       
#MIX-LEN  Y      Z          Zeff        [Fe/H] [a/Fe]
# 1.9380  0.2925 2.9511E-02 2.9511E-02   0.28   0.00 
#----------------------------------------------------       
#**PHOTOMETRIC SYSTEM**: SkyMapper (AB)                     
#----------------------------------------------------       
#AGE= 2.500 EEPS=274
#EEP   M/Mo    LogTeff  LogG   LogL/Lo u       v       g       r       i       z
   6  0.113908  3.4976  5.2275 -2.7891 17.5879 17.1173 14.3744 13.4570 11.8284 11.2506
   7  0.136588  3.4976  5.1561 -2.6389 17.1846 16.6899 13.9980 13.0819 11.4573 10.8772
   8  0.176660  3.5011  5.0785 -2.4357 16.5807 16.0468 13.4344 12.5265 10.9370 10.3655
   9  0.232701  3.5092  5.0172 -2.2225 15.8853 15.3072 12.7842 11.8948 10.3726  9.8227
  10  0.274543  3.5145  4.9823 -2.0942 15.4683 14.8666 12.3916 11.5150 10.0325  9.4971
  11  0.299682  3.5175  4.9609 -2.0227 15.2395 14.6257 12.1755 11.3064  9.8441  9.3165
  12  0.312656  3.5190  4.9471 -1.9846 15.1202 14.5001 12.0631 11.1978  9.7446  9.2207
  13  0.319019  3.5194  4.9424 -1.9693 15.0744 14.4521 12.0194 11.1552  9.7049  9.1822
  14  0.323051  3.5204  4.9428 -1.9608 15.0407 14.4168 11.9870 11.1250  9.6804  9.1604
  15  0.328359  3.5208  4.9367 -1.9457 14.9961 14.3699 11.9449 11.0841  9.6419  9.1227
  16  0.332783  3.5212  4.9296 -1.9312 14.9525 14.3239 11.9040 11.0445  9.6044  9.0861
  17  0.339496  3.5219  4.9210 -1.9111 14.8913 14.2594 11.8465 10.9889  9.5524  9.0358
  18  0.350966  3.5234  4.9090 -1.8793 14.7920 14.1550 11.7527 10.8987  9.4694  8.9560
  19  0.365987  3.5253  4.8978 -1.8422 14.6718 14.0292 11.6382 10.7895  9.3709  8.8628
  20  0.392663  3.5293  4.8773 -1.7759 14.4555 13.8029 11.4312 10.5927  9.1943  8.6966
  21  0.427518  3.5354  4.8489 -1.6877 14.1682 13.5040 11.1519 10.3280  8.9591  8.4770
  22  0.474840  3.5448  4.8116 -1.5645 13.7612 13.0826 10.7498  9.9436  8.6286  8.1721
  23  0.495536  3.5502  4.7945 -1.5074 13.5729 12.8896 10.5572  9.7601  8.4727  8.0314
  24  0.510934  3.5545  4.7815 -1.4638 13.4297 12.7440 10.4076  9.6167  8.3534  7.9247
  25  0.523291  3.5582  4.7709 -1.4283 13.3132 12.6263 10.2834  9.4970  8.2560  7.8382
  26  0.533728  3.5613  4.7619 -1.3980 13.2131 12.5258 10.1748  9.3918  8.1733  7.7648
  27  0.543157  3.5643  4.7537 -1.3703 13.1220 12.4345 10.0747  9.2942  8.0980  7.6983
  28  0.553417  3.5674  4.7449 -1.3406 13.0242 12.3369  9.9665  9.1884  8.0171  7.6269
  29  0.566834  3.5720  4.7341 -1.3012 12.8938 12.2078  9.8188  9.0440  7.9085  7.5325
  30  0.585837  3.5789  4.7201 -1.2453 12.7056 12.0234  9.5995  8.8282  7.7523  7.3988
  31  0.610941  3.5884  4.7025 -1.1719 12.4467 11.7730  9.2920  8.5216  7.5432  7.2242
  32  0.623779  3.5922  4.6897 -1.1333 12.3527 11.6802  9.1515  8.3804  7.4379  7.1332
  33  0.651712  3.6042  4.6741 -1.0513 12.0520 11.3899  8.7874  8.0170  7.2024  6.9411
  34  0.797536  3.6668  4.6126 -0.6545 10.1578  9.4979  7.1261  6.4954  6.1040  5.9815
  35  0.814056  3.6740  4.6049 -0.6090  9.9313  9.2724  6.9504  6.3424  5.9833  5.8722
  36  0.836463  3.6837  4.5953 -0.5474  9.6087  8.9505  6.7091  6.1348  5.8192  5.7236
  37  0.874933  3.7000  4.5793 -0.4461  9.0346  8.3934  6.3365  5.8237  5.5562  5.4802
  38  0.887644  3.7047  4.5731 -0.4144  8.8629  8.2291  6.2269  5.7314  5.4761  5.4060
  39  0.900409  3.7094  4.5666 -0.3829  8.6927  8.0661  6.1193  5.6402  5.3970  5.3326
  40  0.913773  3.7142  4.5594 -0.3503  8.5179  7.8990  6.0099  5.5471  5.3157  5.2573
  41  0.927338  3.7189  4.5518 -0.3177  8.3441  7.7337  5.9020  5.4550  5.2348  5.1823
  42  0.941250  3.7236  4.5437 -0.2842  8.1696  7.5678  5.7935  5.3620  5.1528  5.1061
  43  0.955273  3.7282  4.5352 -0.2509  7.9987  7.4054  5.6872  5.2700  5.0710  5.0303
  44  0.969333  3.7327  4.5262 -0.2177  7.8310  7.2466  5.5838  5.1799  4.9902  4.9549
  45  0.983477  3.7370  4.5168 -0.1847  7.6670  7.0913  5.4823  5.0908  4.9099  4.8800
  46  0.997884  3.7413  4.5067 -0.1512  7.5070  6.9386  5.3807  5.0020  4.8298  4.8049
  47  1.011193  3.7450  4.4969 -0.1204  7.3637  6.8016  5.2883  4.9207  4.7564  4.7360
  48  1.023155  3.7484  4.4874 -0.0924  7.2377  6.6811  5.2058  4.8476  4.6898  4.6734
  49  1.039833  3.7528  4.4744 -0.0548  7.0711  6.5214  5.0957  4.7498  4.6006  4.5894
  50  1.104105  3.7679  4.4199  0.0861  6.4781  5.9471  4.6908  4.3881  4.2686  4.2747
  51  1.110861  3.7694  4.4120  0.1023  6.4214  5.8899  4.6475  4.3484  4.2317  4.2392
  52  1.115748  3.7704  4.4068  0.1137  6.3783  5.8475  4.6160  4.3199  4.2052  4.2138
  53  1.123180  3.7719  4.3997  0.1296  6.3173  5.7874  4.5716  4.2796  4.1678  4.1781
  54  1.239444  3.7903  4.2901  0.3547  5.5355  5.0064  3.9629  3.7177  3.6389  3.6675
  55  1.254626  3.7919  4.2742  0.3822  5.4515  4.9204  3.8901  3.6489  3.5732  3.6033
  56  1.264599  3.7929  4.2638  0.4000  5.3970  4.8647  3.8432  3.6046  3.5311  3.5623
  57  1.272171  3.7937  4.2558  0.4135  5.3555  4.8224  3.8075  3.5711  3.4993  3.5312
  58  1.278277  3.7942  4.2488  0.4247  5.3217  4.7878  3.7780  3.5432  3.4725  3.5051
  59  1.283845  3.7946  4.2421  0.4351  5.2906  4.7561  3.7509  3.5175  3.4479  3.4808
  60  1.289163  3.7950  4.2356  0.4449  5.2618  4.7265  3.7252  3.4930  3.4242  3.4576
  61  1.294405  3.7953  4.2290  0.4546  5.2342  4.6982  3.7002  3.4692  3.4011  3.4348
  62  1.299528  3.7956  4.2225  0.4640  5.2074  4.6708  3.6758  3.4457  3.3784  3.4123
  63  1.305343  3.7959  4.2154  0.4741  5.1794  4.6420  3.6498  3.4204  3.3536  3.3878
  64  1.310967  3.7961  4.2083  0.4839  5.1532  4.6149  3.6249  3.3961  3.3296  3.3641
  65  1.316254  3.7963  4.2015  0.4931  5.1291  4.5900  3.6016  3.3731  3.3069  3.3414
  66  1.321481  3.7964  4.1948  0.5021  5.1057  4.5658  3.5787  3.3505  3.2844  3.3190
  67  1.326988  3.7966  4.1878  0.5116  5.0814  4.5406  3.5549  3.3269  3.2609  3.2956
  68  1.333452  3.7969  4.1802  0.5225  5.0523  4.5107  3.5272  3.2994  3.2338  3.2687
  69  1.357967  3.7999  4.1541  0.5696  4.9104  4.3643  3.4031  3.1828  3.1232  3.1610
  70  1.365924  3.8002  4.1451  0.5820  4.8778  4.3303  3.3713  3.1518  3.0928  3.1309
  71  1.377740  3.8007  4.1329  0.6003  4.8271  4.2779  3.3239  3.1063  3.0489  3.0875
  72  1.404405  3.8027  4.1058  0.6436  4.7048  4.1508  3.2108  2.9989  2.9459  2.9865
  73  1.422406  3.8038  4.0887  0.6709  4.6276  4.0706  3.1396  2.9312  2.8809  2.9227
  74  1.436180  3.8042  4.0737  0.6918  4.5720  4.0126  3.0858  2.8791  2.8300  2.8723
  75  1.446224  3.8041  4.0610  0.7069  4.5361  3.9749  3.0478  2.8411  2.7921  2.8343
  76  1.453974  3.8037  4.0501  0.7185  4.5115  3.9488  3.0193  2.8119  2.7623  2.8041
  77  1.460390  3.8031  4.0402  0.7281  4.4937  3.9297  2.9965  2.7878  2.7374  2.7786
  78  1.465850  3.8023  4.0309  0.7362  4.4804  3.9155  2.9774  2.7673  2.7158  2.7562
  79  1.470850  3.8016  4.0218  0.7436  4.4699  3.9039  2.9604  2.7485  2.6956  2.7353
  80  1.475751  3.8008  4.0126  0.7507  4.4603  3.8934  2.9440  2.7303  2.6759  2.7148
  81  1.480787  3.7998  4.0032  0.7579  4.4512  3.8832  2.9278  2.7120  2.6561  2.6941
  82  1.484002  3.7993  3.9973  0.7625  4.4454  3.8769  2.9175  2.7006  2.6436  2.6811
  83  1.487408  3.7987  3.9912  0.7672  4.4392  3.8701  2.9068  2.6887  2.6306  2.6675
  84  1.491046  3.7980  3.9847  0.7722  4.4328  3.8631  2.8957  2.6763  2.6170  2.6532
  85  1.494933  3.7973  3.9780  0.7775  4.4258  3.8556  2.8840  2.6633  2.6029  2.6384
  86  1.498876  3.7966  3.9710  0.7827  4.4180  3.8475  2.8724  2.6504  2.5888  2.6236
  87  1.502867  3.7959  3.9640  0.7879  4.4095  3.8389  2.8607  2.6379  2.5748  2.6089
  88  1.506944  3.7951  3.9569  0.7933  4.4009  3.8302  2.8489  2.6251  2.5606  2.5939
  89  1.511123  3.7943  3.9496  0.7987  4.3921  3.8214  2.8370  2.6122  2.5462  2.5788
  90  1.514812  3.7935  3.9429  0.8030  4.3864  3.8160  2.8282  2.6021  2.5345  2.5662
  91  1.519292  3.7927  3.9352  0.8086  4.3777  3.8072  2.8157  2.5885  2.5193  2.5502
  92  1.523889  3.7918  3.9275  0.8144  4.3692  3.7988  2.8033  2.5748  2.5040  2.5340
  93  1.528573  3.7910  3.9196  0.8201  4.3612  3.7908  2.7908  2.5609  2.4883  2.5175
  94  1.533272  3.7901  3.9115  0.8259  4.3542  3.7837  2.7786  2.5469  2.4726  2.5007
  95  1.537971  3.7891  3.9035  0.8316  4.3493  3.7784  2.7666  2.5328  2.4566  2.4838
  96  1.542662  3.7882  3.8955  0.8372  4.3475  3.7757  2.7548  2.5181  2.4400  2.4662
  97  1.547375  3.7873  3.8873  0.8429  4.3463  3.7734  2.7429  2.5031  2.4231  2.4483
  98  1.552102  3.7863  3.8790  0.8486  4.3456  3.7716  2.7309  2.4878  2.4060  2.4301
  99  1.556708  3.7853  3.8707  0.8543  4.3458  3.7705  2.7194  2.4728  2.3891  2.4122
 100  1.561105  3.7844  3.8628  0.8597  4.3461  3.7694  2.7081  2.4583  2.3728  2.3950
 101  1.565541  3.7835  3.8545  0.8657  4.3437  3.7658  2.6953  2.4426  2.3555  2.3767
 102  1.569590  3.7829  3.8469  0.8717  4.3388  3.7596  2.6821  2.4272  2.3387  2.3591
 103  1.572946  3.7824  3.8403  0.8773  4.3313  3.7511  2.6692  2.4128  2.3234  2.3433
 104  1.575675  3.7821  3.8348  0.8825  4.3221  3.7414  2.6570  2.3998  2.3099  2.3296
 105  1.577690  3.7820  3.8305  0.8870  4.3118  3.7305  2.6457  2.3884  2.2985  2.3181
 106  1.579286  3.7822  3.8272  0.8912  4.3002  3.7186  2.6349  2.3780  2.2884  2.3080
 107  1.580563  3.7822  3.8241  0.8949  4.2902  3.7080  2.6253  2.3687  2.2792  2.2989
 108  1.581621  3.7824  3.8217  0.8985  4.2786  3.6962  2.6157  2.3599  2.2708  2.2907
 109  1.582507  3.7827  3.8194  0.9019  4.2667  3.6842  2.6064  2.3515  2.2630  2.2832
 110  1.583275  3.7829  3.8175  0.9052  4.2555  3.6727  2.5977  2.3436  2.2556  2.2760
 111  1.583944  3.7832  3.8157  0.9083  4.2437  3.6608  2.5889  2.3359  2.2485  2.2693
 112  1.584213  3.7834  3.8149  0.9097  4.2385  3.6556  2.5851  2.3326  2.2455  2.2663
 113  1.584481  3.7835  3.8141  0.9112  4.2323  3.6493  2.5807  2.3288  2.2420  2.2631
 114  1.584749  3.7837  3.8133  0.9127  4.2266  3.6436  2.5767  2.3253  2.2389  2.2601
 115  1.585017  3.7839  3.8126  0.9142  4.2208  3.6376  2.5725  2.3216  2.2356  2.2570
 116  1.585284  3.7841  3.8118  0.9159  4.2135  3.6303  2.5676  2.3174  2.2318  2.2534
 117  1.585551  3.7843  3.8110  0.9176  4.2064  3.6232  2.5628  2.3133  2.2282  2.2500
 118  1.585817  3.7845  3.8102  0.9193  4.1992  3.6160  2.5579  2.3092  2.2245  2.2464
 119  1.586081  3.7848  3.8093  0.9214  4.1903  3.6069  2.5519  2.3042  2.2200  2.2423
 120  1.586345  3.7850  3.8084  0.9234  4.1816  3.5983  2.5461  2.2993  2.2157  2.2382
 121  1.586607  3.7853  3.8075  0.9255  4.1725  3.5891  2.5400  2.2942  2.2111  2.2340
 122  1.586869  3.7857  3.8065  0.9280  4.1617  3.5782  2.5329  2.2884  2.2060  2.2292
 123  1.587128  3.7860  3.8056  0.9304  4.1511  3.5675  2.5259  2.2825  2.2008  2.2245
 124  1.587383  3.7864  3.8045  0.9332  4.1385  3.5549  2.5178  2.2758  2.1950  2.2190
 125  1.587635  3.7869  3.8034  0.9362  4.1249  3.5411  2.5089  2.2685  2.1886  2.2131
 126  1.587884  3.7874  3.8023  0.9396  4.1102  3.5262  2.4993  2.2606  2.1818  2.2068
 127  1.588127  3.7880  3.8010  0.9431  4.0943  3.5101  2.4889  2.2521  2.1744  2.2000
 128  1.588363  3.7886  3.7998  0.9470  4.0770  3.4924  2.4774  2.2425  2.1662  2.1924
 129  1.588589  3.7893  3.7984  0.9512  4.0595  3.4743  2.4650  2.2320  2.1571  2.1841
 130  1.588804  3.7901  3.7969  0.9560  4.0418  3.4555  2.4512  2.2199  2.1468  2.1744
 131  1.589007  3.7910  3.7953  0.9610  4.0231  3.4354  2.4364  2.2070  2.1356  2.1641
 132  1.589193  3.7919  3.7935  0.9664  4.0030  3.4138  2.4203  2.1927  2.1232  2.1528
 133  1.589364  3.7928  3.7917  0.9722  3.9824  3.3915  2.4033  2.1775  2.1102  2.1407
 134  1.589513  3.7939  3.7897  0.9784  3.9607  3.3681  2.3851  2.1612  2.0962  2.1277
 135  1.589643  3.7949  3.7875  0.9849  3.9380  3.3435  2.3663  2.1444  2.0816  2.1142
 136  1.589758  3.7960  3.7852  0.9916  3.9145  3.3183  2.3469  2.1270  2.0665  2.1002
 137  1.589859  3.7971  3.7829  0.9984  3.8883  3.2911  2.3274  2.1099  2.0516  2.0863
 138  1.589944  3.7983  3.7804  1.0054  3.8617  3.2635  2.3077  2.0927  2.0364  2.0722
 139  1.590019  3.7994  3.7778  1.0124  3.8345  3.2356  2.2881  2.0754  2.0212  2.0579
 140  1.590083  3.8005  3.7751  1.0195  3.8073  3.2076  2.2683  2.0580  2.0058  2.0436
 141  1.590139  3.8015  3.7723  1.0266  3.7801  3.1797  2.2484  2.0406  1.9904  2.0290
 142  1.590189  3.8026  3.7694  1.0338  3.7531  3.1517  2.2283  2.0230  1.9748  2.0145
 143  1.590236  3.8036  3.7665  1.0409  3.7268  3.1242  2.2084  2.0056  1.9594  2.0000
 144  1.590282  3.8046  3.7637  1.0478  3.7021  3.0980  2.1888  1.9885  1.9445  1.9859
 145  1.590331  3.8054  3.7620  1.0524  3.6846  3.0797  2.1757  1.9772  1.9348  1.9769
 146  1.590408  3.8060  3.7628  1.0538  3.6764  3.0709  2.1708  1.9738  1.9323  1.9750
 147  1.590434  3.8053  3.7681  1.0458  3.7017  3.0977  2.1928  1.9939  1.9510  1.9930
 148  1.590451  3.8045  3.7725  1.0384  3.7249  3.1225  2.2127  2.0119  1.9675  2.0089
 149  1.590470  3.8036  3.7762  1.0312  3.7493  3.1484  2.2328  2.0299  1.9836  2.0242
 150  1.590488  3.8025  3.7788  1.0242  3.7745  3.1751  2.2524  2.0469  1.9984  2.0380
 151  1.590518  3.8009  3.7779  1.0185  3.8022  3.2040  2.2701  2.0606  2.0089  2.0470
 152  1.590561  3.7987  3.7736  1.0144  3.8328  3.2348  2.2848  2.0703  2.0147  2.0508
 153  1.590642  3.7956  3.7558  1.0197  3.8504  3.2507  2.2773  2.0564  1.9953  2.0284
 154  1.590720  3.7934  3.7405  1.0262  3.8518  3.2521  2.2657  2.0406  1.9754  2.0062
 155  1.590845  3.7909  3.7243  1.0320  3.8579  3.2591  2.2574  2.0275  1.9569  1.9851
 156  1.591046  3.7879  3.7089  1.0357  3.8748  3.2770  2.2556  2.0192  1.9425  1.9676
 157  1.591294  3.7854  3.6978  1.0370  3.9023  3.3037  2.2586  2.0147  1.9331  1.9556
 158  1.591555  3.7836  3.6901  1.0373  3.9266  3.3273  2.2634  2.0135  1.9280  1.9486
 159  1.591818  3.7820  3.6843  1.0369  3.9469  3.3473  2.2686  2.0140  1.9254  1.9443
 160  1.592081  3.7807  3.6796  1.0362  3.9636  3.3638  2.2737  2.0155  1.9241  1.9416
 161  1.592345  3.7794  3.6756  1.0356  3.9782  3.3784  2.2789  2.0175  1.9237  1.9399
 162  1.593054  3.7766  3.6667  1.0335  4.0131  3.4133  2.2919  2.0235  1.9240  1.9372
 163  1.593748  3.7738  3.6584  1.0304  4.0540  3.4537  2.3082  2.0320  1.9266  1.9366
 164  1.594427  3.7708  3.6508  1.0264  4.1023  3.5010  2.3274  2.0428  1.9315  1.9382
 165  1.595083  3.7677  3.6441  1.0210  4.1561  3.5537  2.3505  2.0573  1.9396  1.9429
 166  1.595706  3.7645  3.6383  1.0140  4.2152  3.6117  2.3782  2.0760  1.9517  1.9516
 167  1.596285  3.7612  3.6337  1.0056  4.2804  3.6757  2.4104  2.0991  1.9680  1.9642
 168  1.596816  3.7579  3.6304  0.9957  4.3518  3.7451  2.4467  2.1261  1.9881  1.9805
 169  1.597296  3.7546  3.6283  0.9845  4.4281  3.8188  2.4862  2.1564  2.0115  2.0001
 170  1.597731  3.7512  3.6272  0.9725  4.5076  3.8953  2.5285  2.1894  2.0377  2.0226
 171  1.598125  3.7479  3.6270  0.9597  4.5888  3.9736  2.5729  2.2245  2.0661  2.0470
 172  1.598489  3.7447  3.6275  0.9464  4.6718  4.0532  2.6187  2.2612  2.0962  2.0731
 173  1.598830  3.7415  3.6284  0.9327  4.7567  4.1346  2.6655  2.2989  2.1273  2.1004
 174  1.599154  3.7383  3.6295  0.9189  4.8437  4.2175  2.7133  2.3375  2.1593  2.1284
 175  1.599471  3.7351  3.6305  0.9049  4.9328  4.3023  2.7619  2.3767  2.1919  2.1567
 176  1.599788  3.7317  3.6310  0.8911  5.0249  4.3897  2.8114  2.4164  2.2244  2.1851
 177  1.600118  3.7281  3.6306  0.8773  5.1209  4.4805  2.8617  2.4563  2.2568  2.2129
 178  1.600476  3.7242  3.6283  0.8641  5.2232  4.5767  2.9125  2.4960  2.2882  2.2392
 179  1.600898  3.7197  3.6223  0.8522  5.3354  4.6812  2.9639  2.5342  2.3169  2.2617
 180  1.601463  3.7140  3.6070  0.8450  5.4593  4.7949  3.0103  2.5643  2.3345  2.2717
 181  1.602077  3.7086  3.5799  0.8503  5.5513  4.8764  3.0262  2.5639  2.3219  2.2513
 182  1.602542  3.7050  3.5529  0.8632  5.5882  4.9054  3.0130  2.5407  2.2905  2.2149
 183  1.602965  3.7022  3.5243  0.8806  5.5991  4.9098  2.9849  2.5047  2.2480  2.1683
 184  1.603360  3.6999  3.4955  0.9005  5.5938  4.8988  2.9482  2.4614  2.1995  2.1163
 185  1.603735  3.6979  3.4664  0.9217  5.5791  4.8794  2.9068  2.4143  2.1476  2.0615
 186  1.604096  3.6962  3.4378  0.9437  5.5571  4.8532  2.8618  2.3643  2.0935  2.0047
 187  1.604449  3.6946  3.4091  0.9662  5.5314  4.8239  2.8149  2.3127  2.0382  1.9469
 188  1.604796  3.6932  3.3805  0.9891  5.5028  4.7918  2.7665  2.2600  1.9820  1.8885
 189  1.605138  3.6918  3.3520  1.0121  5.4725  4.7583  2.7171  2.2067  1.9252  1.8296
 190  1.605479  3.6905  3.3238  1.0353  5.4410  4.7241  2.6674  2.1530  1.8682  1.7706
 191  1.605818  3.6892  3.2955  1.0585  5.4089  4.6892  2.6174  2.0991  1.8111  1.7115
 192  1.606157  3.6881  3.2675  1.0817  5.3756  4.6533  2.5671  2.0451  1.7540  1.6524
 193  1.606496  3.6868  3.2396  1.1049  5.3423  4.6175  2.5168  1.9911  1.6969  1.5935
 194  1.606835  3.6857  3.2117  1.1281  5.3089  4.5819  2.4666  1.9373  1.6400  1.5346
 195  1.607174  3.6844  3.1839  1.1512  5.2754  4.5461  2.4164  1.8836  1.5831  1.4760
 196  1.607512  3.6833  3.1562  1.1743  5.2423  4.5108  2.3665  1.8300  1.5265  1.4173
 197  1.607852  3.6821  3.1286  1.1974  5.2093  4.4755  2.3166  1.7765  1.4700  1.3590
 198  1.608194  3.6809  3.1009  1.2203  5.1771  4.4411  2.2671  1.7235  1.4137  1.3009
 199  1.608535  3.6798  3.0734  1.2432  5.1451  4.4070  2.2177  1.6704  1.3576  1.2429
 200  1.608877  3.6785  3.0459  1.2661  5.1140  4.3738  2.1687  1.6177  1.3017  1.1850
 201  1.609220  3.6774  3.0185  1.2889  5.0829  4.3407  2.1198  1.5652  1.2459  1.1274
 202  1.609564  3.6762  2.9912  1.3116  5.0525  4.3084  2.0714  1.5130  1.1905  1.0700
 203  1.609907  3.6750  2.9637  1.3343  5.0234  4.2775  2.0235  1.4611  1.1352  1.0128
 204  1.610252  3.6737  2.9363  1.3568  4.9938  4.2462  1.9757  1.4094  1.0801  0.9557
 205  1.610598  3.6725  2.9090  1.3794  4.9652  4.2160  1.9284  1.3581  1.0253  0.8989
 206  1.610943  3.6712  2.8817  1.4019  4.9365  4.1857  1.8811  1.3069  0.9706  0.8422
 207  1.611291  3.6700  2.8543  1.4242  4.9088  4.1565  1.8344  1.2562  0.9161  0.7857
 208  1.611637  3.6687  2.8269  1.4467  4.8813  4.1273  1.7878  1.2055  0.8618  0.7292
 209  1.611984  3.6675  2.7996  1.4689  4.8542  4.0988  1.7415  1.1551  0.8077  0.6730
 210  1.612332  3.6661  2.7723  1.4912  4.8270  4.0703  1.6952  1.1047  0.7536  0.6168
 211  1.612679  3.6649  2.7450  1.5135  4.8012  4.0432  1.6496  1.0548  0.6998  0.5609
 212  1.613027  3.6635  2.7176  1.5358  4.7755  4.0164  1.6042  1.0050  0.6460  0.5050
 213  1.613375  3.6623  2.6904  1.5579  4.7500  3.9898  1.5589  0.9555  0.5925  0.4493
 214  1.613723  3.6610  2.6631  1.5801  4.7251  3.9639  1.5140  0.9062  0.5390  0.3937
 215  1.614072  3.6597  2.6360  1.6021  4.7005  3.9384  1.4695  0.8572  0.4860  0.3383
 216  1.614423  3.6584  2.6088  1.6240  4.6764  3.9135  1.4254  0.8087  0.4332  0.2833
 217  1.614482  3.6581  2.6042  1.6277  4.6724  3.9094  1.4180  0.8006  0.4243  0.2741
 218  1.614541  3.6579  2.5996  1.6314  4.6682  3.9051  1.4106  0.7924  0.4154  0.2647
 219  1.614601  3.6577  2.5950  1.6351  4.6643  3.9010  1.4032  0.7843  0.4065  0.2555
 220  1.614660  3.6575  2.5905  1.6388  4.6603  3.8970  1.3959  0.7762  0.3977  0.2463
 221  1.614720  3.6573  2.5859  1.6425  4.6563  3.8929  1.3885  0.7680  0.3888  0.2370
 222  1.614780  3.6571  2.5814  1.6462  4.6524  3.8888  1.3812  0.7600  0.3800  0.2278
 223  1.614840  3.6568  2.5768  1.6499  4.6484  3.8846  1.3738  0.7520  0.3711  0.2186
 224  1.614901  3.6566  2.5722  1.6535  4.6445  3.8806  1.3664  0.7439  0.3623  0.2094
 225  1.614960  3.6564  2.5677  1.6572  4.6404  3.8765  1.3591  0.7358  0.3535  0.2002
 226  1.615021  3.6561  2.5632  1.6609  4.6366  3.8725  1.3518  0.7277  0.3448  0.1911
 227  1.615586  3.6541  2.5214  1.6945  4.6006  3.8360  1.2851  0.6541  0.2642  0.1070
 228  1.616153  3.6521  2.4817  1.7265  4.5676  3.8027  1.2226  0.5848  0.1879  0.0271
 229  1.616693  3.6504  2.4488  1.7528  4.5413  3.7767  1.1717  0.5283  0.1253 -0.0384
 230  1.617240  3.6495  2.4298  1.7682  4.5241  3.7595  1.1410  0.4945  0.0883 -0.0771
 231  1.617810  3.6510  2.4556  1.7486  4.5393  3.7740  1.1765  0.5349  0.1346 -0.0281
 232  1.618484  3.6547  2.5313  1.6881  4.6019  3.8370  1.2949  0.6662  0.2789  0.1229
 233  1.619328  3.6569  2.5623  1.6659  4.6089  3.8443  1.3323  0.7108  0.3309  0.1784
 234  1.620323  3.6536  2.4977  1.7177  4.5555  3.7903  1.2306  0.5983  0.2069  0.0488
 235  1.621222  3.6485  2.3979  1.7972  4.4775  3.7128  1.0775  0.4276  0.0179 -0.1494
 236  1.621991  3.6443  2.3189  1.8595  4.4190  3.6564  0.9596  0.2960 -0.1297 -0.3047
 237  1.622659  3.6402  2.2439  1.9186  4.3640  3.6051  0.8501  0.1734 -0.2690 -0.4515
 238  1.623248  3.6363  2.1731  1.9741  4.3126  3.5586  0.7491  0.0603 -0.3993 -0.5895
 239  1.623769  3.6327  2.1050  2.0273  4.2630  3.5157  0.6543 -0.0458 -0.5235 -0.7214
 240  1.624236  3.6289  2.0391  2.0787  4.2148  3.4752  0.5643 -0.1463 -0.6429 -0.8487
 241  1.624646  3.6254  1.9761  2.1276  4.1686  3.4375  0.4807 -0.2395 -0.7559 -0.9696
 242  1.625019  3.6218  1.9138  2.1755  4.1236  3.4017  0.4013 -0.3279 -0.8661 -1.0883
 243  1.625356  3.6181  1.8522  2.2228  4.0785  3.3668  0.3251 -0.4122 -0.9740 -1.2052
 244  1.625656  3.6147  1.7925  2.2683  4.0345  3.3335  0.2539 -0.4906 -1.0774 -1.3180
 245  1.625928  3.6111  1.7340  2.3129  3.9912  3.3012  0.1874 -0.5637 -1.1778 -1.4280
 246  1.626174  3.6077  1.6769  2.3564  3.9485  3.2695  0.1251 -0.6316 -1.2749 -1.5351
 247  1.626399  3.6042  1.6210  2.3987  3.9067  3.2385  0.0668 -0.6945 -1.3690 -1.6397
 248  1.626601  3.6010  1.5667  2.4397  3.8667  3.2089  0.0130 -0.7516 -1.4595 -1.7409
 249  1.626787  3.5977  1.5135  2.4799  3.8274  3.1797 -0.0368 -0.8038 -1.5474 -1.8399
 250  1.626956  3.5944  1.4613  2.5190  3.7890  3.1512 -0.0817 -0.8504 -1.6319 -1.9360
 251  1.627112  3.5912  1.4101  2.5572  3.7511  3.1226 -0.1224 -0.8920 -1.7135 -2.0296
 252  1.627253  3.5880  1.3605  2.5942  3.7151  3.0948 -0.1580 -0.9276 -1.7914 -2.1200
 253  1.627384  3.5848  1.3116  2.6306  3.6806  3.0672 -0.1891 -0.9572 -1.8671 -2.2087
 254  1.627505  3.5817  1.2641  2.6659  3.6486  3.0405 -0.2155 -0.9803 -1.9396 -2.2947
 255  1.627616  3.5788  1.2174  2.7005  3.6184  3.0143 -0.2373 -0.9977 -2.0094 -2.3786
 256  1.627719  3.5758  1.1718  2.7342  3.5900  2.9885 -0.2540 -1.0093 -2.0763 -2.4602
 257  1.627814  3.5728  1.1271  2.7672  3.5639  2.9635 -0.2651 -1.0146 -2.1400 -2.5393
 258  1.627902  3.5699  1.0836  2.7993  3.5408  2.9393 -0.2697 -1.0115 -2.2006 -2.6160
 259  1.627986  3.5672  1.0409  2.8307  3.5203  2.9157 -0.2687 -1.0021 -2.2580 -2.6903
 260  1.628062  3.5644  0.9991  2.8613  3.5029  2.8934 -0.2613 -0.9866 -2.3118 -2.7620
 261  1.628134  3.5616  0.9582  2.8912  3.4888  2.8731 -0.2471 -0.9654 -2.3614 -2.8306
 262  1.628201  3.5588  0.9178  2.9204  3.4788  2.8565 -0.2283 -0.9442 -2.4076 -2.8963
 263  1.628263  3.5561  0.8787  2.9488  3.4724  2.8424 -0.2033 -0.9195 -2.4493 -2.9584
 264  1.628321  3.5534  0.8401  2.9767  3.4684  2.8285 -0.1698 -0.8860 -2.4870 -3.0178
 265  1.628377  3.5508  0.8021  3.0041  3.4673  2.8141 -0.1265 -0.8413 -2.5201 -3.0745
 266  1.628429  3.5482  0.7650  3.0309  3.4699  2.8013 -0.0639 -0.7723 -2.5465 -3.1282
 267  1.628477  3.5456  0.7286  3.0570  3.4756  2.7783  0.0121 -0.6776 -2.5687 -3.1792
 268  1.628523  3.5431  0.6931  3.0824  3.4836  2.7541  0.0965 -0.5725 -2.5861 -3.2271
 269  1.628567  3.5406  0.6580  3.1074  3.4937  2.7293  0.1885 -0.4608 -2.5986 -3.2719
 270  1.628608  3.5381  0.6240  3.1317  3.5050  2.7045  0.2870 -0.3452 -2.6054 -3.3127
 271  1.628646  3.5357  0.5904  3.1555  3.5173  2.6800  0.3957 -0.2266 -2.6044 -3.3488
 272  1.628683  3.5333  0.5576  3.1788  3.5295  2.6570  0.5230 -0.1073 -2.5887 -3.3766
 273  1.628718  3.5309  0.5254  3.2016  3.5422  2.6346  0.6574  0.0128 -2.5671 -3.4005
 274  1.628752  3.5286  0.4937  3.2238  3.5576  2.6127  0.8018  0.1391 -2.5375 -3.4195
 275  1.628782  3.5263  0.4628  3.2454  3.5728  2.5930  0.9412  0.2556 -2.5059 -3.4355
 276  1.628813  3.5240  0.4328  3.2665  3.5866  2.5764  1.0671  0.3536 -2.4757 -3.4501
 277  1.628829  3.5218  0.4034  3.2871  3.5994  2.5674  1.1623  0.4172 -2.4516 -3.4643
 278  1.628910  3.5197  0.3753  3.3066  3.6116  2.5644  1.2340  0.4553 -2.4316 -3.4777
 279  1.628929  3.5179  0.3513  3.3234  3.6221  2.5646  1.2892  0.4787 -2.4145 -3.4880
