#NUMBER OF AGES= 1
#----------------------------------------------------       
#MIX-LEN  Y      Z          Zeff        [Fe/H] [a/Fe]
# 1.9380  0.2714 1.7313E-02 1.7313E-02   0.03   0.00 
#----------------------------------------------------       
#**PHOTOMETRIC SYSTEM**: SDSS (AB)                          
#----------------------------------------------------       
#AGE= 2.750 EEPS=274
#EEP   M/Mo    LogTeff  LogG   LogL/Lo sdss_u  sdss_g  sdss_r  sdss_i  sdss_z
   6  0.109247  3.5060  5.2741 -2.8204 18.0033 14.8357 13.3235 12.0718 11.3593
   7  0.125873  3.5060  5.2107 -2.6956 17.6453 14.5171 13.0124 11.7619 11.0486
   8  0.151179  3.5067  5.1374 -2.5395 17.1804 14.1048 12.6116 11.3695 10.6592
   9  0.199241  3.5141  5.0670 -2.3199 16.4019 13.4237 11.9630 10.7814 10.1036
  10  0.243216  3.5207  5.0220 -2.1617 15.8330 12.9191 11.4851 10.3533  9.7037
  11  0.283067  3.5262  4.9892 -2.0413 15.4065 12.5345 11.1214 10.0269  9.3993
  12  0.300850  3.5285  4.9733 -1.9894 15.2278 12.3716 10.9674  9.8877  9.2691
  13  0.308968  3.5296  4.9638 -1.9641 15.1423 12.2936 10.8936  9.8203  9.2055
  14  0.314123  3.5302  4.9560 -1.9470 15.0869 12.2431 10.8454  9.7753  9.1625
  15  0.317215  3.5306  4.9511 -1.9361 15.0513 12.2105 10.8146  9.7468  9.1354
  16  0.319545  3.5308  4.9470 -1.9278 15.0245 12.1860 10.7914  9.7250  9.1146
  17  0.321059  3.5310  4.9438 -1.9218 15.0050 12.1681 10.7743  9.7092  9.0994
  18  0.321829  3.5311  4.9413 -1.9177 14.9925 12.1567 10.7634  9.6989  9.0894
  19  0.322919  3.5313  4.9382 -1.9126 14.9770 12.1426 10.7497  9.6859  9.0768
  20  0.325795  3.5316  4.9328 -1.9014 14.9394 12.1084 10.7177  9.6562  9.0487
  21  0.319511  3.5304  4.9373 -1.9170 14.9960 12.1614 10.7654  9.6996  9.0881
  22  0.322994  3.5305  4.9343 -1.9075 14.9643 12.1341 10.7388  9.6751  9.0641
  23  0.455286  3.5533  4.8303 -1.5671 13.7819 11.0081  9.6707  8.7381  8.2145
  24  0.472846  3.5574  4.8128 -1.5168 13.6104 10.8375  9.5063  8.5977  8.0909
  25  0.488442  3.5613  4.7973 -1.4717 13.4549 10.6800  9.3541  8.4718  7.9805
  26  0.502534  3.5652  4.7839 -1.4306 13.3128 10.5336  9.2119  8.3567  7.8807
  27  0.513681  3.5686  4.7737 -1.3974 13.1976 10.4134  9.0948  8.2631  7.8007
  28  0.523655  3.5718  4.7649 -1.3674 13.0931 10.3027  8.9868  8.1773  7.7281
  29  0.534273  3.5753  4.7557 -1.3352 12.9812 10.1824  8.8688  8.0846  7.6506
  30  0.547408  3.5798  4.7444 -1.2958 12.8441 10.0350  8.7234  7.9711  7.5562
  31  0.563874  3.5855  4.7302 -1.2457 12.6670  9.8446  8.5349  7.8263  7.4373
  32  0.581980  3.5923  4.7149 -1.1895 12.4713  9.6315  8.3278  7.6653  7.3048
  33  0.608780  3.6036  4.6977 -1.1084 12.1721  9.3007  8.0128  7.4255  7.1106
  34  0.625726  3.6107  4.6856 -1.0555 11.9802  9.0945  7.8237  7.2758  6.9866
  35  0.622631  3.6098  4.6820 -1.0544 12.0948  9.1157  7.8172  7.2759  6.9940
  36  0.654491  3.6247  4.6656 -0.9573 11.6912  8.6979  7.4495  6.9930  6.7643
  37  0.828816  3.7042  4.5967 -0.4700  8.8349  6.6305  5.8588  5.6521  5.5689
  38  0.848490  3.7120  4.5874 -0.4200  8.5472  6.4451  5.7160  5.5246  5.4522
  39  0.864105  3.7181  4.5796 -0.3797  8.3193  6.2999  5.6031  5.4235  5.3593
  40  0.877394  3.7232  4.5725 -0.3452  8.1283  6.1783  5.5080  5.3376  5.2804
  41  0.890363  3.7281  4.5652 -0.3119  7.9472  6.0642  5.4172  5.2551  5.2042
  42  0.903754  3.7329  4.5571 -0.2780  7.7678  5.9517  5.3264  5.1716  5.1269
  43  0.916795  3.7375  4.5490 -0.2456  7.6016  5.8452  5.2403  5.0927  5.0534
  44  0.929499  3.7418  4.5406 -0.2142  7.4474  5.7434  5.1583  5.0176  4.9835
  45  0.941891  3.7457  4.5321 -0.1839  7.3025  5.6463  5.0795  4.9452  4.9159
  46  0.953998  3.7495  4.5232 -0.1545  7.1660  5.5534  5.0037  4.8753  4.8506
  47  0.965933  3.7530  4.5141 -0.1257  7.0356  5.4635  4.9299  4.8071  4.7866
  48  0.978067  3.7565  4.5045 -0.0966  6.9066  5.3739  4.8558  4.7384  4.7221
  49  0.990981  3.7602  4.4940 -0.0659  6.7738  5.2803  4.7781  4.6663  4.6542
  50  1.003897  3.7636  4.4830 -0.0354  6.6454  5.1883  4.7012  4.5948  4.5867
  51  1.010028  3.7654  4.4772 -0.0199  6.5868  5.1439  4.6637  4.5596  4.5535
  52  1.011560  3.7660  4.4759 -0.0155  6.5689  5.1307  4.6526  4.5494  4.5439
  53  1.022463  3.7686  4.4661  0.0094  6.4665  5.0559  4.5895  4.4904  4.4879
  54  1.029429  3.7703  4.4596  0.0257  6.4028  5.0083  4.5491  4.4525  4.4521
  55  1.036391  3.7719  4.4531  0.0417  6.3400  4.9612  4.5090  4.4149  4.4165
  56  1.043138  3.7735  4.4466  0.0573  6.2804  4.9159  4.4704  4.3787  4.3820
  57  1.049277  3.7749  4.4405  0.0716  6.2263  4.8744  4.4349  4.3452  4.3502
  58  1.038731  3.7736  4.4503  0.0529  6.2922  4.9275  4.4807  4.3890  4.3922
  59  1.041529  3.7746  4.4475  0.0611  6.2562  4.9019  4.4606  4.3706  4.3753
  60  1.044889  3.7757  4.4443  0.0705  6.2157  4.8731  4.4378  4.3498  4.3559
  61  1.049506  3.7770  4.4397  0.0822  6.1678  4.8376  4.4094  4.3235  4.3312
  62  1.054841  3.7783  4.4342  0.0951  6.1173  4.7996  4.3783  4.2945  4.3038
  63  1.060355  3.7796  4.4287  0.1081  6.0667  4.7614  4.3467  4.2650  4.2759
  64  1.065749  3.7810  4.4234  0.1208  6.0179  4.7245  4.3162  4.2365  4.2488
  65  1.070460  3.7821  4.4189  0.1318  5.9749  4.6922  4.2895  4.2112  4.2247
  66  1.074490  3.7831  4.4149  0.1416  5.9374  4.6640  4.2658  4.1888  4.2034
  67  1.077967  3.7840  4.4114  0.1503  5.9053  4.6396  4.2445  4.1684  4.1837
  68  1.080970  3.7850  4.4080  0.1583  5.8777  4.6184  4.2248  4.1492  4.1651
  69  1.083740  3.7858  4.4049  0.1658  5.8519  4.5982  4.2061  4.1309  4.1472
  70  1.086649  3.7866  4.4017  0.1737  5.8255  4.5776  4.1866  4.1120  4.1289
  71  1.090022  3.7876  4.3983  0.1822  5.7971  4.5551  4.1654  4.0912  4.1085
  72  1.094478  3.7887  4.3943  0.1926  5.7630  4.5278  4.1393  4.0658  4.0838
  73  1.101672  3.7903  4.3885  0.2078  5.7135  4.4877  4.1010  4.0284  4.0474
  74  1.205222  3.8054  4.2772  0.4173  5.0590  3.9134  3.5837  3.5343  3.5702
  75  1.212243  3.8059  4.2688  0.4304  5.0226  3.8788  3.5513  3.5029  3.5395
  76  1.226550  3.8067  4.2520  0.4555  4.9535  3.8123  3.4887  3.4420  3.4799
  77  1.283271  3.8089  4.1773  0.5581  4.6815  3.5450  3.2339  3.1923  3.2333
  78  1.319157  3.8112  4.1376  0.6187  4.5137  3.3838  3.0842  3.0469  3.0910
  79  1.341760  3.8116  4.1074  0.6578  4.4140  3.2831  2.9867  2.9510  2.9958
  80  1.358212  3.8109  4.0800  0.6879  4.3442  3.2084  2.9113  2.8753  2.9197
  81  1.371834  3.8101  4.0567  0.7121  4.2906  3.1490  2.8501  2.8133  2.8570
  82  1.378738  3.8095  4.0450  0.7239  4.2655  3.1208  2.8203  2.7830  2.8263
  83  1.385130  3.8090  4.0344  0.7342  4.2440  3.0960  2.7938  2.7560  2.7987
  84  1.390869  3.8084  4.0251  0.7432  4.2257  3.0746  2.7708  2.7325  2.7746
  85  1.396001  3.8079  4.0168  0.7510  4.2101  3.0563  2.7507  2.7117  2.7534
  86  1.400648  3.8073  4.0090  0.7580  4.1971  3.0401  2.7326  2.6930  2.7342
  87  1.404965  3.8068  4.0015  0.7645  4.1859  3.0258  2.7161  2.6757  2.7162
  88  1.409089  3.8061  3.9943  0.7705  4.1761  3.0126  2.7005  2.6592  2.6990
  89  1.413095  3.8055  3.9872  0.7762  4.1669  3.0002  2.6856  2.6434  2.6824
  90  1.417038  3.8048  3.9801  0.7819  4.1581  2.9881  2.6710  2.6278  2.6662
  91  1.420986  3.8042  3.9731  0.7875  4.1492  2.9761  2.6566  2.6125  2.6501
  92  1.425002  3.8034  3.9658  0.7931  4.1399  2.9639  2.6423  2.5971  2.6340
  93  1.429158  3.8027  3.9583  0.7987  4.1306  2.9517  2.6279  2.5816  2.6176
  94  1.433478  3.8019  3.9504  0.8047  4.1215  2.9392  2.6131  2.5656  2.6006
  95  1.438056  3.8010  3.9420  0.8109  4.1131  2.9262  2.5971  2.5482  2.5824
  96  1.442905  3.8001  3.9334  0.8174  4.1042  2.9122  2.5802  2.5302  2.5634
  97  1.447927  3.7992  3.9245  0.8242  4.0948  2.8977  2.5628  2.5115  2.5437
  98  1.453876  3.7983  3.9140  0.8329  4.0812  2.8785  2.5409  2.4884  2.5197
  99  1.458864  3.7973  3.9048  0.8397  4.0722  2.8641  2.5237  2.4699  2.5001
 100  1.463752  3.7963  3.8956  0.8465  4.0632  2.8496  2.5066  2.4514  2.4805
 101  1.468410  3.7954  3.8864  0.8532  4.0534  2.8349  2.4896  2.4331  2.4613
 102  1.472616  3.7946  3.8780  0.8598  4.0402  2.8199  2.4737  2.4161  2.4434
 103  1.476221  3.7940  3.8704  0.8662  4.0265  2.8051  2.4588  2.4003  2.4269
 104  1.479134  3.7936  3.8641  0.8719  4.0136  2.7913  2.4449  2.3859  2.4121
 105  1.481334  3.7935  3.8591  0.8770  4.0017  2.7788  2.4324  2.3732  2.3992
 106  1.482953  3.7935  3.8553  0.8814  3.9908  2.7675  2.4210  2.3619  2.3880
 107  1.484160  3.7938  3.8522  0.8855  3.9803  2.7568  2.4106  2.3518  2.3782
 108  1.485155  3.7940  3.8496  0.8893  3.9704  2.7467  2.4008  2.3424  2.3689
 109  1.485990  3.7943  3.8473  0.8930  3.9610  2.7371  2.3913  2.3334  2.3603
 110  1.486688  3.7946  3.8453  0.8964  3.9517  2.7276  2.3822  2.3248  2.3520
 111  1.487280  3.7949  3.8436  0.8997  3.9424  2.7184  2.3734  2.3165  2.3443
 112  1.487521  3.7951  3.8428  0.9013  3.9382  2.7142  2.3694  2.3129  2.3408
 113  1.487761  3.7953  3.8421  0.9030  3.9327  2.7095  2.3652  2.3091  2.3373
 114  1.487996  3.7956  3.8414  0.9045  3.9275  2.7050  2.3613  2.3054  2.3338
 115  1.488232  3.7958  3.8407  0.9063  3.9218  2.7001  2.3570  2.3015  2.3301
 116  1.488465  3.7960  3.8398  0.9082  3.9151  2.6945  2.3522  2.2972  2.3260
 117  1.488698  3.7962  3.8390  0.9101  3.9087  2.6891  2.3476  2.2929  2.3220
 118  1.488932  3.7965  3.8382  0.9120  3.9017  2.6832  2.3426  2.2882  2.3177
 119  1.489170  3.7968  3.8374  0.9144  3.8935  2.6767  2.3369  2.2831  2.3130
 120  1.489424  3.7972  3.8364  0.9166  3.8851  2.6699  2.3311  2.2778  2.3079
 121  1.489683  3.7976  3.8353  0.9196  3.8746  2.6614  2.3239  2.2712  2.3019
 122  1.489943  3.7980  3.8341  0.9225  3.8641  2.6530  2.3168  2.2647  2.2959
 123  1.490210  3.7985  3.8330  0.9257  3.8518  2.6434  2.3089  2.2575  2.2892
 124  1.490472  3.7991  3.8320  0.9289  3.8393  2.6336  2.3007  2.2502  2.2824
 125  1.490720  3.7997  3.8309  0.9327  3.8251  2.6225  2.2918  2.2421  2.2750
 126  1.490951  3.8004  3.8296  0.9367  3.8094  2.6105  2.2821  2.2334  2.2670
 127  1.491165  3.8012  3.8284  0.9409  3.7931  2.5979  2.2719  2.2243  2.2587
 128  1.491363  3.8019  3.8271  0.9455  3.7750  2.5839  2.2609  2.2145  2.2496
 129  1.491544  3.8028  3.8257  0.9504  3.7565  2.5690  2.2488  2.2037  2.2398
 130  1.491696  3.8037  3.8238  0.9559  3.7370  2.5527  2.2354  2.1917  2.2288
 131  1.491836  3.8046  3.8220  0.9615  3.7168  2.5356  2.2216  2.1794  2.2175
 132  1.491965  3.8056  3.8201  0.9672  3.6956  2.5178  2.2075  2.1668  2.2060
 133  1.492087  3.8066  3.8183  0.9733  3.6733  2.4995  2.1931  2.1540  2.1944
 134  1.492198  3.8077  3.8164  0.9793  3.6508  2.4807  2.1784  2.1410  2.1826
 135  1.492295  3.8087  3.8143  0.9857  3.6281  2.4616  2.1635  2.1278  2.1705
 136  1.492380  3.8097  3.8121  0.9920  3.6049  2.4422  2.1484  2.1143  2.1582
 137  1.492457  3.8107  3.8097  0.9983  3.5819  2.4228  2.1333  2.1007  2.1458
 138  1.492524  3.8117  3.8072  1.0048  3.5590  2.4034  2.1179  2.0869  2.1330
 139  1.492586  3.8127  3.8047  1.0112  3.5368  2.3840  2.1024  2.0730  2.1203
 140  1.492645  3.8136  3.8020  1.0177  3.5149  2.3646  2.0868  2.0590  2.1073
 141  1.492702  3.8146  3.7993  1.0242  3.4932  2.3452  2.0712  2.0449  2.0944
 142  1.492760  3.8156  3.7967  1.0307  3.4717  2.3259  2.0556  2.0310  2.0816
 143  1.492859  3.8162  3.7968  1.0333  3.4617  2.3172  2.0495  2.0260  2.0774
 144  1.492904  3.8155  3.8021  1.0251  3.4866  2.3399  2.0695  2.0447  2.0952
 145  1.492927  3.8146  3.8062  1.0175  3.5108  2.3616  2.0880  2.0618  2.1114
 146  1.492959  3.8139  3.8087  1.0121  3.5280  2.3775  2.1010  2.0737  2.1224
 147  1.492995  3.8130  3.8110  1.0062  3.5477  2.3953  2.1154  2.0866  2.1343
 148  1.493032  3.8117  3.8125  0.9998  3.5711  2.4153  2.1307  2.0999  2.1461
 149  1.493106  3.8085  3.8044  0.9951  3.6040  2.4371  2.1404  2.1045  2.1470
 150  1.493183  3.8060  3.7864  1.0028  3.6029  2.4261  2.1199  2.0800  2.1194
 151  1.493246  3.8044  3.7728  1.0101  3.5952  2.4126  2.1004  2.0579  2.0957
 152  1.493350  3.8021  3.7592  1.0149  3.6010  2.4080  2.0871  2.0413  2.0766
 153  1.493523  3.7994  3.7445  1.0189  3.6165  2.4064  2.0756  2.0260  2.0584
 154  1.493735  3.7972  3.7341  1.0206  3.6307  2.4071  2.0700  2.0175  2.0476
 155  1.493950  3.7957  3.7270  1.0216  3.6399  2.4085  2.0677  2.0132  2.0417
 156  1.494169  3.7944  3.7214  1.0221  3.6467  2.4103  2.0671  2.0105  2.0377
 157  1.494388  3.7933  3.7168  1.0222  3.6510  2.4124  2.0675  2.0093  2.0349
 158  1.494608  3.7922  3.7128  1.0222  3.6556  2.4150  2.0684  2.0084  2.0329
 159  1.494828  3.7914  3.7092  1.0221  3.6604  2.4178  2.0693  2.0077  2.0312
 160  1.495046  3.7905  3.7059  1.0221  3.6655  2.4207  2.0703  2.0073  2.0296
 161  1.495263  3.7896  3.7026  1.0219  3.6712  2.4238  2.0713  2.0068  2.0281
 162  1.495962  3.7871  3.6940  1.0209  3.6938  2.4349  2.0735  2.0051  2.0234
 163  1.496637  3.7843  3.6853  1.0187  3.7351  2.4531  2.0763  2.0034  2.0184
 164  1.497289  3.7812  3.6764  1.0150  3.7867  2.4767  2.0820  2.0042  2.0154
 165  1.497907  3.7777  3.6680  1.0098  3.8395  2.5041  2.0940  2.0109  2.0179
 166  1.498483  3.7741  3.6608  1.0028  3.8969  2.5361  2.1118  2.0229  2.0258
 167  1.499006  3.7704  3.6550  0.9939  3.9612  2.5735  2.1343  2.0395  2.0381
 168  1.499474  3.7668  3.6507  0.9835  4.0317  2.6157  2.1610  2.0602  2.0543
 169  1.499890  3.7631  3.6476  0.9718  4.1067  2.6613  2.1910  2.0843  2.0739
 170  1.500261  3.7594  3.6458  0.9594  4.1854  2.7092  2.2236  2.1111  2.0963
 171  1.500594  3.7559  3.6449  0.9463  4.2674  2.7585  2.2581  2.1399  2.1209
 172  1.500903  3.7524  3.6447  0.9326  4.3519  2.8088  2.2938  2.1702  2.1470
 173  1.501191  3.7490  3.6447  0.9188  4.4378  2.8604  2.3305  2.2014  2.1740
 174  1.501470  3.7454  3.6448  0.9048  4.5252  2.9131  2.3680  2.2331  2.2015
 175  1.501748  3.7419  3.6444  0.8909  4.6154  2.9670  2.4058  2.2652  2.2289
 176  1.502031  3.7381  3.6432  0.8772  4.7107  3.0219  2.4440  2.2970  2.2559
 177  1.502337  3.7340  3.6402  0.8639  4.8121  3.0781  2.4818  2.3280  2.2816
 178  1.502700  3.7293  3.6337  0.8515  4.9242  3.1366  2.5186  2.3567  2.3041
 179  1.503204  3.7235  3.6182  0.8440  5.0464  3.1906  2.5457  2.3742  2.3138
 180  1.503744  3.7181  3.5928  0.8478  5.1353  3.2145  2.5450  2.3641  2.2963
 181  1.504170  3.7144  3.5675  0.8588  5.1758  3.2107  2.5245  2.3370  2.2643
 182  1.504598  3.7114  3.5391  0.8753  5.1917  3.1894  2.4894  2.2963  2.2193
 183  1.504989  3.7090  3.5109  0.8942  5.1895  3.1576  2.4471  2.2500  2.1696
 184  1.505359  3.7071  3.4832  0.9143  5.1784  3.1203  2.4015  2.2007  2.1175
 185  1.505715  3.7054  3.4558  0.9349  5.1609  3.0799  2.3538  2.1499  2.0642
 186  1.506063  3.7039  3.4290  0.9561  5.1372  3.0368  2.3045  2.0979  2.0101
 187  1.506405  3.7026  3.4023  0.9773  5.1106  2.9927  2.2547  2.0456  1.9557
 188  1.506744  3.7013  3.3761  0.9987  5.0811  2.9477  2.2045  1.9931  1.9011
 189  1.507083  3.7001  3.3501  1.0201  5.0493  2.9026  2.1542  1.9406  1.8467
 190  1.507420  3.6989  3.3240  1.0414  5.0167  2.8577  2.1041  1.8882  1.7924
 191  1.507759  3.6978  3.2984  1.0625  4.9838  2.8130  2.0543  1.8362  1.7384
 192  1.508094  3.6969  3.2734  1.0838  4.9460  2.7662  2.0035  1.7836  1.6844
 193  1.508432  3.6959  3.2482  1.1050  4.9107  2.7208  1.9536  1.7317  1.6307
 194  1.508770  3.6949  3.2233  1.1260  4.8755  2.6756  1.9038  1.6800  1.5772
 195  1.509110  3.6938  3.1985  1.1470  4.8407  2.6306  1.8544  1.6286  1.5242
 196  1.509451  3.6928  3.1737  1.1677  4.8073  2.5863  1.8056  1.5776  1.4716
 197  1.509792  3.6918  3.1494  1.1884  4.7724  2.5415  1.7563  1.5267  1.4190
 198  1.510135  3.6908  3.1246  1.2089  4.7427  2.4984  1.7083  1.4765  1.3671
 199  1.510477  3.6899  3.1007  1.2294  4.7095  2.4540  1.6597  1.4261  1.3152
 200  1.510822  3.6889  3.0764  1.2496  4.6809  2.4115  1.6124  1.3765  1.2640
 201  1.511167  3.6879  3.0524  1.2699  4.6503  2.3684  1.5649  1.3271  1.2129
 202  1.511513  3.6870  3.0288  1.2899  4.6198  2.3255  1.5177  1.2779  1.1623
 203  1.511861  3.6860  3.0051  1.3097  4.5920  2.2837  1.4712  1.2293  1.1121
 204  1.512208  3.6850  2.9816  1.3296  4.5637  2.2419  1.4248  1.1810  1.0621
 205  1.512557  3.6840  2.9580  1.3492  4.5374  2.2010  1.3791  1.1329  1.0125
 206  1.512905  3.6830  2.9346  1.3687  4.5109  2.1601  1.3334  1.0852  0.9631
 207  1.513254  3.6820  2.9112  1.3882  4.4856  2.1200  1.2883  1.0379  0.9141
 208  1.513605  3.6810  2.8882  1.4075  4.4594  2.0798  1.2433  0.9908  0.8654
 209  1.513957  3.6801  2.8649  1.4266  4.4352  2.0405  1.1988  0.9442  0.8171
 210  1.514308  3.6791  2.8422  1.4456  4.4102  2.0011  1.1547  0.8978  0.7692
 211  1.514662  3.6780  2.8194  1.4644  4.3871  1.9627  1.1113  0.8522  0.7218
 212  1.515017  3.6771  2.7968  1.4830  4.3638  1.9245  1.0681  0.8067  0.6747
 213  1.515374  3.6760  2.7744  1.5016  4.3415  1.8870  1.0255  0.7619  0.6283
 214  1.515732  3.6750  2.7524  1.5198  4.3191  1.8498  0.9835  0.7176  0.5823
 215  1.516091  3.6741  2.7303  1.5380  4.2973  1.8129  0.9416  0.6736  0.5366
 216  1.516442  3.6730  2.7076  1.5566  4.2751  1.7751  0.8988  0.6283  0.4896
 217  1.516506  3.6728  2.7034  1.5601  4.2709  1.7680  0.8907  0.6198  0.4807
 218  1.516570  3.6726  2.6990  1.5637  4.2670  1.7610  0.8827  0.6114  0.4719
 219  1.516634  3.6724  2.6947  1.5672  4.2628  1.7539  0.8746  0.6028  0.4630
 220  1.516698  3.6722  2.6904  1.5709  4.2586  1.7466  0.8664  0.5942  0.4540
 221  1.516760  3.6720  2.6860  1.5744  4.2543  1.7394  0.8582  0.5856  0.4450
 222  1.516824  3.6718  2.6817  1.5780  4.2501  1.7321  0.8501  0.5769  0.4360
 223  1.516887  3.6716  2.6774  1.5816  4.2460  1.7249  0.8418  0.5681  0.4270
 224  1.516950  3.6714  2.6729  1.5852  4.2418  1.7177  0.8335  0.5594  0.4180
 225  1.517012  3.6712  2.6685  1.5887  4.2377  1.7104  0.8253  0.5507  0.4088
 226  1.517075  3.6710  2.6641  1.5924  4.2335  1.7032  0.8170  0.5419  0.3998
 227  1.517692  3.6690  2.6198  1.6287  4.1916  1.6300  0.7340  0.4542  0.3084
 228  1.518289  3.6671  2.5770  1.6640  4.1512  1.5592  0.6535  0.3691  0.2200
 229  1.518875  3.6654  2.5389  1.6956  4.1153  1.4962  0.5819  0.2933  0.1410
 230  1.519446  3.6646  2.5189  1.7124  4.0947  1.4622  0.5437  0.2527  0.0990
 231  1.520028  3.6662  2.5497  1.6882  4.1157  1.5082  0.5977  0.3107  0.1598
 232  1.520714  3.6673  2.5643  1.6780  4.1153  1.5238  0.6186  0.3343  0.1853
 233  1.521462  3.6634  2.4854  1.7417  4.0524  1.3994  0.4747  0.1813  0.0256
 234  1.522110  3.6594  2.4054  1.8058  3.9986  1.2788  0.3324  0.0289 -0.1341
 235  1.522664  3.6557  2.3338  1.8629  3.9549  1.1737  0.2068 -0.1064 -0.2762
 236  1.523162  3.6521  2.2642  1.9179  3.9163  1.0741  0.0867 -0.2363 -0.4130
 237  1.523609  3.6484  2.1957  1.9720  3.8810  0.9777 -0.0304 -0.3636 -0.5471
 238  1.523996  3.6450  2.1304  2.0233  3.8506  0.8880 -0.1403 -0.4834 -0.6738
 239  1.524350  3.6413  2.0656  2.0743  3.8238  0.8007 -0.2480 -0.6019 -0.7992
 240  1.524669  3.6378  2.0024  2.1236  3.8011  0.7179 -0.3511 -0.7160 -0.9206
 241  1.524947  3.6344  1.9413  2.1710  3.7834  0.6407 -0.4482 -0.8248 -1.0368
 242  1.525204  3.6309  1.8796  2.2186  3.7684  0.5649 -0.5441 -0.9332 -1.1532
 243  1.525434  3.6274  1.8199  2.2645  3.7555  0.4930 -0.6350 -1.0373 -1.2656
 244  1.525644  3.6239  1.7605  2.3101  3.7436  0.4233 -0.7233 -1.1396 -1.3769
 245  1.525831  3.6205  1.7032  2.3539  3.7329  0.3579 -0.8061 -1.2371 -1.4836
 246  1.526001  3.6173  1.6474  2.3964  3.7228  0.2959 -0.8847 -1.3312 -1.5874
 247  1.526158  3.6139  1.5919  2.4386  3.7126  0.2364 -0.9601 -1.4232 -1.6899
 248  1.526298  3.6107  1.5386  2.4792  3.7021  0.1803 -1.0306 -1.5110 -1.7885
 249  1.526429  3.6075  1.4855  2.5194  3.6930  0.1272 -1.0970 -1.5967 -1.8861
 250  1.526547  3.6043  1.4339  2.5583  3.6861  0.0787 -1.1576 -1.6786 -1.9805
 251  1.526654  3.6011  1.3835  2.5962  3.6805  0.0342 -1.2129 -1.7571 -2.0728
 252  1.526755  3.5980  1.3341  2.6333  3.6734 -0.0077 -1.2649 -1.8330 -2.1628
 253  1.526846  3.5951  1.2859  2.6695  3.6647 -0.0464 -1.3135 -1.9062 -2.2502
 254  1.526931  3.5921  1.2385  2.7049  3.6531 -0.0832 -1.3597 -1.9772 -2.3355
 255  1.527007  3.5891  1.1924  2.7394  3.6397 -0.1176 -1.4029 -2.0456 -2.4181
 256  1.527080  3.5862  1.1468  2.7732  3.6265 -0.1485 -1.4414 -2.1117 -2.4993
 257  1.527147  3.5834  1.1028  2.8061  3.6138 -0.1760 -1.4749 -2.1742 -2.5776
 258  1.527209  3.5805  1.0593  2.8382  3.6014 -0.2010 -1.5033 -2.2348 -2.6547
 259  1.527267  3.5777  1.0166  2.8697  3.5890 -0.2234 -1.5265 -2.2929 -2.7300
 260  1.527321  3.5751  0.9751  2.9003  3.5763 -0.2415 -1.5424 -2.3478 -2.8031
 261  1.527371  3.5723  0.9345  2.9301  3.5624 -0.2557 -1.5507 -2.4000 -2.8739
 262  1.527418  3.5696  0.8943  2.9594  3.5488 -0.2661 -1.5525 -2.4498 -2.9436
 263  1.527462  3.5669  0.8551  2.9881  3.5356 -0.2727 -1.5482 -2.4970 -3.0116
 264  1.527504  3.5643  0.8165  3.0161  3.5227 -0.2776 -1.5425 -2.5421 -3.0778
 265  1.527542  3.5617  0.7788  3.0434  3.5140 -0.2781 -1.5374 -2.5838 -3.1413
 266  1.527579  3.5592  0.7420  3.0700  3.5069 -0.2743 -1.5284 -2.6220 -3.2019
 267  1.527612  3.5566  0.7057  3.0962  3.5047 -0.2670 -1.5186 -2.6580 -3.2608
 268  1.527645  3.5542  0.6702  3.1217  3.5034 -0.2544 -1.5015 -2.6906 -3.3172
 269  1.527676  3.5517  0.6355  3.1466  3.5008 -0.2368 -1.4741 -2.7201 -3.3716
 270  1.527705  3.5493  0.6016  3.1710  3.4957 -0.2166 -1.4355 -2.7484 -3.4251
 271  1.527731  3.5469  0.5682  3.1949  3.4876 -0.1895 -1.3819 -2.7725 -3.4763
 272  1.527757  3.5445  0.5354  3.2182  3.4681 -0.1456 -1.2867 -2.7883 -3.5246
 273  1.527782  3.5423  0.5035  3.2409  3.4435 -0.0961 -1.1778 -2.8000 -3.5697
 274  1.527805  3.5400  0.4723  3.2630  3.4166 -0.0258 -1.0369 -2.8005 -3.6100
 275  1.527828  3.5378  0.4417  3.2848  3.3874  0.0593 -0.8756 -2.7924 -3.6453
 276  1.527849  3.5356  0.4118  3.3058  3.3582  0.1558 -0.7023 -2.7772 -3.6757
 277  1.527869  3.5334  0.3827  3.3263  3.3327  0.2603 -0.5320 -2.7557 -3.7004
 278  1.527939  3.5313  0.3549  3.3460  3.3130  0.3678 -0.3799 -2.7297 -3.7186
 279  1.528701  3.5296  0.3321  3.3623  3.2975  0.4543 -0.2652 -2.7089 -3.7328
