#NUMBER OF AGES= 1
#----------------------------------------------------       
#MIX-LEN  Y      Z          Zeff        [Fe/H] [a/Fe]
# 1.9380  0.2925 2.9511E-02 2.9511E-02   0.28   0.00 
#----------------------------------------------------       
#**PHOTOMETRIC SYSTEM**: SkyMapper (AB)                     
#----------------------------------------------------       
#AGE= 3.000 EEPS=271
#EEP   M/Mo    LogTeff  LogG   LogL/Lo u       v       g       r       i       z
   7  0.118116  3.4976  5.2128 -2.7587 17.5071 17.0317 14.2990 13.3818 11.7537 11.1753
   8  0.142828  3.4978  5.1397 -2.6025 17.0840 16.5832 13.9041 12.9887 11.3664 10.7863
   9  0.186988  3.5027  5.0655 -2.3913 16.4349 15.8912 13.2984 12.3943 10.8194 10.2524
  10  0.236388  3.5096  5.0122 -2.2087 15.8406 15.2596 12.7425 11.8543 10.3362  9.7876
  11  0.270981  3.5140  4.9822 -2.1017 15.4938 14.8932 12.4160 11.5385 10.0529  9.5162
  12  0.295195  3.5170  4.9617 -2.0322 15.2714 14.6590 12.2061 11.3357  9.8697  9.3406
  13  0.307956  3.5184  4.9495 -1.9960 15.1577 14.5394 12.0987 11.2319  9.7750  9.2494
  14  0.315062  3.5194  4.9454 -1.9781 15.0984 14.4771 12.0422 11.1778  9.7271  9.2043
  15  0.320800  3.5199  4.9396 -1.9623 15.0499 14.4261 11.9964 11.1335  9.6860  9.1645
  16  0.324995  3.5204  4.9333 -1.9486 15.0090 14.3830 11.9580 11.0963  9.6509  9.1304
  17  0.329638  3.5209  4.9266 -1.9339 14.9645 14.3359 11.9162 11.0558  9.6128  9.0933
  18  0.336109  3.5215  4.9185 -1.9146 14.9058 14.2741 11.8609 11.0024  9.5630  9.0450
  19  0.342495  3.5223  4.9131 -1.8980 14.8532 14.2191 11.8111 10.9546  9.5194  9.0034
  20  0.343113  3.5217  4.9183 -1.9049 14.8791 14.2471 11.8344 10.9762  9.5381  9.0206
  21  0.347220  3.5232  4.9235 -1.8990 14.8440 14.2105 11.8004 10.9456  9.5174  9.0046
  22  0.424713  3.5348  4.8486 -1.6914 14.1807 13.5157 11.1680 10.3433  8.9696  8.4854
  23  0.444542  3.5391  4.8336 -1.6413 14.0174 13.3478 11.0027 10.1867  8.8350  8.3624
  24  0.489584  3.5486  4.7977 -1.5221 13.6231 12.9406 10.6094  9.8098  8.5138  8.0678
  25  0.506609  3.5533  4.7833 -1.4743 13.4657 12.7804 10.4459  9.6536  8.3826  7.9503
  26  0.519809  3.5571  4.7721 -1.4365 13.3416 12.6547 10.3143  9.5269  8.2790  7.8580
  27  0.530736  3.5605  4.7626 -1.4047 13.2370 12.5494 10.2012  9.4175  8.1920  7.7810
  28  0.540617  3.5635  4.7541 -1.3757 13.1412 12.4534 10.0961  9.3152  8.1129  7.7111
  29  0.550627  3.5666  4.7454 -1.3465 13.0451 12.3576  9.9900  9.2115  8.0334  7.6409
  30  0.563218  3.5708  4.7350 -1.3096 12.9235 12.2369  9.8531  9.0777  7.9324  7.5525
  31  0.580559  3.5771  4.7219 -1.2584 12.7521 12.0685  9.6546  8.8828  7.7898  7.4300
  32  0.603582  3.5857  4.7054 -1.1908 12.5163 11.8398  9.3757  8.6054  7.5980  7.2688
  33  0.631365  3.5967  4.6870 -1.1090 12.2270 11.5589  9.0269  8.2585  7.3642  7.0744
  34  0.643433  3.6007  4.6763 -1.0729 12.1333 11.4670  8.8898  8.1208  7.2657  6.9908
  35  0.780418  3.6601  4.6163 -0.6942 10.3807  9.7195  7.2817  6.6262  6.2098  6.0792
  36  0.798268  3.6679  4.6081 -0.6446 10.1316  9.4708  7.0886  6.4583  6.0774  5.9588
  37  0.815381  3.6755  4.6003 -0.5966  9.8851  9.2242  6.9003  6.2954  5.9495  5.8429
  38  0.854505  3.6928  4.5840 -0.4895  9.2814  8.6305  6.4926  5.9535  5.6671  5.5826
  39  0.867831  3.6980  4.5777 -0.4556  9.0946  8.4502  6.3721  5.8527  5.5804  5.5020
  40  0.880289  3.7028  4.5713 -0.4240  8.9234  8.2862  6.2623  5.7603  5.5003  5.4278
  41  0.892394  3.7073  4.5650 -0.3935  8.7590  8.1286  6.1578  5.6718  5.4235  5.3566
  42  0.904797  3.7120  4.5582 -0.3625  8.5925  7.9694  6.0530  5.5828  5.3459  5.2848
  43  0.917563  3.7165  4.5508 -0.3309  8.4241  7.8089  5.9480  5.4932  5.2675  5.2119
  44  0.930719  3.7210  4.5429 -0.2986  8.2541  7.6474  5.8425  5.4029  5.1878  5.1379
  45  0.943997  3.7255  4.5346 -0.2662  8.0873  7.4887  5.7385  5.3131  5.1082  5.0640
  46  0.957307  3.7298  4.5257 -0.2340  7.9240  7.3338  5.6370  5.2249  5.0293  4.9907
  47  0.970736  3.7341  4.5165 -0.2016  7.7629  7.1812  5.5373  5.1376  4.9507  4.9172
  48  0.984344  3.7382  4.5067 -0.1692  7.6049  7.0311  5.4382  5.0506  4.8724  4.8437
  49  0.998150  3.7423  4.4961 -0.1365  7.4511  6.8840  5.3394  4.9639  4.7939  4.7703
  50  1.010450  3.7458  4.4863 -0.1072  7.3175  6.7562  5.2525  4.8870  4.7241  4.7047
  51  1.021938  3.7489  4.4764 -0.0797  7.1954  6.6393  5.1716  4.8152  4.6585  4.6428
  52  1.028081  3.7506  4.4712 -0.0653  7.1322  6.5786  5.1295  4.7778  4.6242  4.6104
  53  1.035648  3.7526  4.4649 -0.0479  7.0565  6.5059  5.0791  4.7328  4.5831  4.5716
  54  1.046284  3.7552  4.4560 -0.0241  6.9528  6.4061  5.0096  4.6709  4.5265  4.5180
  55  1.083564  3.7639  4.4207  0.0613  6.5985  6.0629  4.7654  4.4517  4.3245  4.3262
  56  1.102736  3.7681  4.4030  0.1029  6.4335  5.9015  4.6483  4.3461  4.2269  4.2331
  57  1.101592  3.7678  4.4036  0.1008  6.4469  5.9133  4.6558  4.3527  4.2330  4.2387
  58  1.106896  3.7689  4.3978  0.1132  6.3998  5.8669  4.6215  4.3214  4.2038  4.2108
  59  1.111505  3.7698  4.3923  0.1243  6.3587  5.8262  4.5909  4.2935  4.1778  4.1857
  60  1.116749  3.7709  4.3863  0.1365  6.3137  5.7817  4.5574  4.2628  4.1490  4.1581
  61  1.125075  3.7724  4.3777  0.1544  6.2477  5.7166  4.5082  4.2178  4.1070  4.1177
  62  1.199519  3.7834  4.3013  0.3022  5.7280  5.2007  4.1067  3.8503  3.7614  3.7843
  63  1.214428  3.7855  4.2859  0.3309  5.6300  5.1023  4.0300  3.7796  3.6944  3.7193
  64  1.233624  3.7874  4.2644  0.3670  5.5209  4.9911  3.9356  3.6891  3.6070  3.6335
  65  1.249422  3.7887  4.2454  0.3965  5.4362  4.9041  3.8591  3.6150  3.5351  3.5626
  66  1.260857  3.7895  4.2318  0.4172  5.3778  4.8440  3.8056  3.5633  3.4847  3.5130
  67  1.268626  3.7900  4.2223  0.4313  5.3386  4.8037  3.7696  3.5282  3.4506  3.4793
  68  1.275295  3.7902  4.2137  0.4432  5.3059  4.7700  3.7390  3.4986  3.4216  3.4505
  69  1.281093  3.7904  4.2059  0.4536  5.2778  4.7411  3.7125  3.4727  3.3960  3.4252
  70  1.286389  3.7904  4.1983  0.4631  5.2527  4.7154  3.6883  3.4491  3.3727  3.4019
  71  1.291472  3.7904  4.1909  0.4722  5.2294  4.6913  3.6655  3.4267  3.3503  3.3795
  72  1.296563  3.7905  4.1834  0.4812  5.2065  4.6679  3.6430  3.4043  3.3278  3.3570
  73  1.301925  3.7904  4.1758  0.4906  5.1830  4.6437  3.6197  3.3813  3.3047  3.3338
  74  1.307598  3.7904  4.1679  0.5003  5.1586  4.6187  3.5955  3.3573  3.2807  3.3096
  75  1.312898  3.7903  4.1601  0.5093  5.1364  4.5958  3.5731  3.3348  3.2580  3.2869
  76  1.318185  3.7901  4.1522  0.5182  5.1152  4.5741  3.5513  3.3131  3.2358  3.2644
  77  1.323594  3.7899  4.1440  0.5272  5.0941  4.5525  3.5295  3.2911  3.2133  3.2416
  78  1.329616  3.7897  4.1355  0.5372  5.0701  4.5280  3.5051  3.2666  3.1883  3.2164
  79  1.354303  3.7916  4.1050  0.5839  4.9372  4.3910  3.3839  3.1508  3.0766  3.1065
  80  1.361691  3.7912  4.0946  0.5953  4.9113  4.3642  3.3561  3.1230  3.0482  3.0777
  81  1.372776  3.7910  4.0798  0.6126  4.8697  4.3211  3.3130  3.0800  3.0050  3.0343
  82  1.383111  3.7908  4.0657  0.6296  4.8288  4.2786  3.2707  3.0379  2.9629  2.9922
  83  1.393244  3.7907  4.0531  0.6451  4.7901  4.2384  3.2314  2.9991  2.9242  2.9534
  84  1.402977  3.7907  4.0416  0.6596  4.7543  4.2013  3.1951  2.9632  2.8884  2.9176
  85  1.412334  3.7907  4.0305  0.6733  4.7206  4.1665  3.1607  2.9291  2.8544  2.8834
  86  1.420942  3.7904  4.0196  0.6858  4.6924  4.1371  3.1301  2.8980  2.8229  2.8517
  87  1.428878  3.7900  4.0092  0.6972  4.6681  4.1118  3.1022  2.8693  2.7936  2.8220
  88  1.435891  3.7895  3.9993  0.7072  4.6495  4.0920  3.0782  2.8440  2.7674  2.7953
  89  1.441713  3.7888  3.9903  0.7154  4.6374  4.0787  3.0590  2.8227  2.7450  2.7722
  90  1.446730  3.7881  3.9816  0.7224  4.6308  4.0709  3.0434  2.8045  2.7253  2.7517
  91  1.451228  3.7872  3.9733  0.7286  4.6279  4.0666  3.0301  2.7883  2.7074  2.7329
  92  1.455378  3.7863  3.9657  0.7342  4.6265  4.0638  3.0183  2.7735  2.6910  2.7156
  93  1.459094  3.7854  3.9581  0.7389  4.6289  4.0649  3.0087  2.7604  2.6760  2.6995
  94  1.462539  3.7844  3.9508  0.7433  4.6333  4.0677  3.0005  2.7486  2.6623  2.6847
  95  1.465830  3.7834  3.9438  0.7474  4.6377  4.0708  2.9930  2.7375  2.6493  2.6706
  96  1.468925  3.7823  3.9366  0.7511  4.6431  4.0748  2.9865  2.7276  2.6372  2.6573
  97  1.471968  3.7813  3.9294  0.7549  4.6465  4.0771  2.9801  2.7182  2.6258  2.6447
  98  1.475039  3.7802  3.9222  0.7587  4.6487  4.0783  2.9732  2.7088  2.6143  2.6320
  99  1.478129  3.7791  3.9150  0.7628  4.6494  4.0783  2.9659  2.6992  2.6027  2.6193
 100  1.481263  3.7782  3.9078  0.7671  4.6484  4.0765  2.9576  2.6889  2.5905  2.6061
 101  1.484345  3.7774  3.9007  0.7718  4.6448  4.0721  2.9481  2.6777  2.5778  2.5924
 102  1.487201  3.7768  3.8942  0.7767  4.6389  4.0656  2.9375  2.6659  2.5648  2.5787
 103  1.489578  3.7764  3.8887  0.7814  4.6310  4.0572  2.9267  2.6544  2.5527  2.5662
 104  1.491387  3.7763  3.8843  0.7857  4.6217  4.0474  2.9164  2.6438  2.5418  2.5551
 105  1.492815  3.7762  3.8808  0.7896  4.6119  4.0373  2.9065  2.6340  2.5319  2.5453
 106  1.493763  3.7764  3.8782  0.7928  4.6029  4.0280  2.8980  2.6258  2.5240  2.5374
 107  1.494537  3.7764  3.8758  0.7959  4.5943  4.0192  2.8901  2.6181  2.5165  2.5301
 108  1.495324  3.7766  3.8735  0.7991  4.5842  4.0087  2.8813  2.6098  2.5085  2.5223
 109  1.496004  3.7769  3.8716  0.8023  4.5738  3.9981  2.8725  2.6016  2.5009  2.5150
 110  1.496592  3.7771  3.8696  0.8054  4.5640  3.9880  2.8641  2.5937  2.4936  2.5080
 111  1.497106  3.7774  3.8679  0.8084  4.5538  3.9776  2.8557  2.5861  2.4865  2.5011
 112  1.497332  3.7776  3.8671  0.8099  4.5490  3.9726  2.8518  2.5824  2.4831  2.4979
 113  1.497560  3.7777  3.8663  0.8114  4.5432  3.9668  2.8472  2.5783  2.4794  2.4944
 114  1.497788  3.7779  3.8655  0.8129  4.5380  3.9613  2.8430  2.5745  2.4759  2.4910
 115  1.498015  3.7781  3.8646  0.8146  4.5321  3.9553  2.8384  2.5702  2.4721  2.4874
 116  1.498236  3.7783  3.8637  0.8165  4.5250  3.9481  2.8328  2.5653  2.4676  2.4831
 117  1.498453  3.7786  3.8629  0.8183  4.5182  3.9412  2.8276  2.5606  2.4633  2.4791
 118  1.498669  3.7788  3.8620  0.8204  4.5108  3.9336  2.8218  2.5553  2.4586  2.4747
 119  1.498886  3.7791  3.8609  0.8226  4.5022  3.9248  2.8153  2.5496  2.4534  2.4698
 120  1.499097  3.7794  3.8600  0.8249  4.4936  3.9160  2.8087  2.5436  2.4481  2.4650
 121  1.499308  3.7799  3.8589  0.8277  4.4830  3.9052  2.8007  2.5367  2.4420  2.4592
 122  1.499517  3.7802  3.8578  0.8304  4.4723  3.8943  2.7928  2.5298  2.4359  2.4536
 123  1.499721  3.7807  3.8567  0.8335  4.4595  3.8814  2.7837  2.5219  2.4290  2.4472
 124  1.499921  3.7811  3.8554  0.8367  4.4464  3.8680  2.7744  2.5139  2.4220  2.4407
 125  1.500115  3.7817  3.8542  0.8403  4.4312  3.8526  2.7638  2.5048  2.4141  2.4333
 126  1.500302  3.7823  3.8527  0.8442  4.4147  3.8360  2.7524  2.4952  2.4057  2.4256
 127  1.500478  3.7830  3.8511  0.8486  4.3948  3.8162  2.7397  2.4848  2.3967  2.4173
 128  1.500642  3.7837  3.8495  0.8532  4.3732  3.7946  2.7260  2.4737  2.3870  2.4084
 129  1.500789  3.7846  3.8475  0.8584  4.3491  3.7705  2.7107  2.4613  2.3763  2.3985
 130  1.500924  3.7854  3.8455  0.8639  4.3237  3.7450  2.6947  2.4484  2.3651  2.3882
 131  1.501041  3.7863  3.8434  0.8698  4.2967  3.7180  2.6775  2.4344  2.3530  2.3770
 132  1.501140  3.7872  3.8409  0.8760  4.2692  3.6902  2.6595  2.4196  2.3401  2.3651
 133  1.501224  3.7883  3.8385  0.8824  4.2412  3.6616  2.6408  2.4042  2.3267  2.3527
 134  1.501296  3.7893  3.8358  0.8890  4.2133  3.6332  2.6218  2.3883  2.3129  2.3399
 135  1.501357  3.7903  3.8331  0.8956  4.1876  3.6062  2.6024  2.3715  2.2981  2.3262
 136  1.501408  3.7912  3.8303  0.9024  4.1637  3.5807  2.5830  2.3540  2.2828  2.3118
 137  1.501451  3.7922  3.8273  0.9093  4.1405  3.5558  2.5633  2.3363  2.2672  2.2971
 138  1.501485  3.7931  3.8240  0.9162  4.1179  3.5313  2.5437  2.3183  2.2512  2.2820
 139  1.501512  3.7940  3.8206  0.9232  4.0956  3.5072  2.5241  2.3003  2.2351  2.2667
 140  1.501535  3.7948  3.8170  0.9301  4.0735  3.4834  2.5045  2.2822  2.2189  2.2514
 141  1.501556  3.7957  3.8133  0.9371  4.0514  3.4596  2.4850  2.2642  2.2025  2.2359
 142  1.501584  3.7965  3.8097  0.9441  4.0293  3.4358  2.4654  2.2462  2.1864  2.2205
 143  1.501607  3.7970  3.8074  0.9487  4.0131  3.4190  2.4525  2.2344  2.1756  2.2103
 144  1.501649  3.7976  3.8051  0.9532  3.9963  3.4020  2.4401  2.2230  2.1653  2.2006
 145  1.501680  3.7971  3.8104  0.9461  4.0180  3.4246  2.4591  2.2409  2.1822  2.2170
 146  1.501679  3.7963  3.8157  0.9378  4.0453  3.4530  2.4818  2.2617  2.2015  2.2356
 147  1.501679  3.7956  3.8202  0.9302  4.0703  3.4791  2.5025  2.2807  2.2188  2.2522
 148  1.501694  3.7944  3.8219  0.9236  4.0944  3.5051  2.5217  2.2974  2.2332  2.2654
 149  1.501709  3.7932  3.8220  0.9186  4.1147  3.5271  2.5372  2.3107  2.2439  2.2748
 150  1.501756  3.7906  3.8155  0.9148  4.1421  3.5566  2.5530  2.3219  2.2497  2.2781
 151  1.501820  3.7880  3.7990  0.9212  4.1483  3.5632  2.5435  2.3073  2.2299  2.2556
 152  1.501903  3.7860  3.7834  0.9284  4.1563  3.5694  2.5306  2.2882  2.2068  2.2302
 153  1.502041  3.7835  3.7685  0.9334  4.1773  3.5885  2.5244  2.2740  2.1877  2.2085
 154  1.502249  3.7809  3.7557  0.9359  4.2059  3.6154  2.5252  2.2666  2.1750  2.1930
 155  1.502481  3.7789  3.7474  0.9365  4.2270  3.6360  2.5296  2.2657  2.1702  2.1861
 156  1.502713  3.7775  3.7421  0.9361  4.2432  3.6519  2.5346  2.2671  2.1687  2.1829
 157  1.502942  3.7763  3.7379  0.9356  4.2571  3.6656  2.5392  2.2688  2.1679  2.1810
 158  1.503170  3.7752  3.7343  0.9351  4.2698  3.6781  2.5436  2.2707  2.1676  2.1795
 159  1.503400  3.7743  3.7311  0.9345  4.2822  3.6903  2.5480  2.2726  2.1676  2.1784
 160  1.503629  3.7734  3.7281  0.9338  4.2953  3.7030  2.5524  2.2744  2.1677  2.1774
 161  1.503859  3.7724  3.7252  0.9331  4.3089  3.7161  2.5569  2.2764  2.1679  2.1766
 162  1.504565  3.7699  3.7173  0.9309  4.3492  3.7548  2.5703  2.2824  2.1685  2.1744
 163  1.505250  3.7671  3.7099  0.9272  4.3963  3.8001  2.5879  2.2920  2.1725  2.1753
 164  1.505913  3.7641  3.7032  0.9224  4.4476  3.8500  2.6098  2.3056  2.1801  2.1796
 165  1.506544  3.7610  3.6975  0.9159  4.5054  3.9062  2.6362  2.3235  2.1917  2.1878
 166  1.507132  3.7578  3.6927  0.9079  4.5710  3.9693  2.6672  2.3456  2.2073  2.1997
 167  1.507669  3.7545  3.6892  0.8984  4.6432  4.0383  2.7022  2.3717  2.2266  2.2153
 168  1.508157  3.7511  3.6866  0.8878  4.7200  4.1115  2.7407  2.4009  2.2493  2.2341
 169  1.508600  3.7478  3.6850  0.8763  4.7990  4.1873  2.7821  2.4330  2.2745  2.2554
 170  1.509009  3.7445  3.6841  0.8640  4.8805  4.2653  2.8254  2.4670  2.3017  2.2786
 171  1.509389  3.7413  3.6837  0.8514  4.9647  4.3453  2.8701  2.5024  2.3304  2.3032
 172  1.509752  3.7380  3.6836  0.8385  5.0512  4.4273  2.9159  2.5388  2.3600  2.3288
 173  1.510105  3.7346  3.6836  0.8254  5.1397  4.5113  2.9627  2.5761  2.3904  2.3549
 174  1.510455  3.7312  3.6830  0.8123  5.2311  4.5978  3.0104  2.6139  2.4209  2.3812
 175  1.510817  3.7276  3.6817  0.7994  5.3265  4.6878  3.0592  2.6520  2.4514  2.4070
 176  1.511205  3.7237  3.6789  0.7867  5.4278  4.7828  3.1088  2.6903  2.4816  2.4319
 177  1.511661  3.7193  3.6729  0.7748  5.5394  4.8866  3.1599  2.7286  2.5103  2.4546
 178  1.512251  3.7139  3.6592  0.7671  5.6601  4.9978  3.2066  2.7594  2.5291  2.4661
 179  1.512895  3.7083  3.6350  0.7694  5.7593  5.0864  3.2298  2.7664  2.5238  2.4531
 180  1.513452  3.7043  3.6083  0.7803  5.8110  5.1293  3.2249  2.7498  2.4979  2.4215
 181  1.513854  3.7018  3.5849  0.7939  5.8249  5.1375  3.2046  2.7225  2.4649  2.3850
 182  1.514334  3.6993  3.5557  0.8131  5.8256  5.1323  3.1710  2.6816  2.4179  2.3343
 183  1.514787  3.6972  3.5266  0.8340  5.8127  5.1144  3.1307  2.6353  2.3668  2.2799
 184  1.515223  3.6954  3.4978  0.8559  5.7920  5.0894  3.0864  2.5858  2.3130  2.2235
 185  1.515648  3.6939  3.4692  0.8784  5.7665  5.0600  3.0397  2.5345  2.2579  2.1659
 186  1.516066  3.6925  3.4408  0.9012  5.7379  5.0280  2.9916  2.4821  2.2019  2.1078
 187  1.516481  3.6911  3.4127  0.9241  5.7071  4.9941  2.9423  2.4289  2.1454  2.0493
 188  1.516893  3.6899  3.3848  0.9471  5.6749  4.9590  2.8927  2.3755  2.0889  1.9908
 189  1.517306  3.6887  3.3572  0.9701  5.6413  4.9229  2.8427  2.3219  2.0323  1.9323
 190  1.517719  3.6876  3.3297  0.9930  5.6073  4.8864  2.7926  2.2683  1.9757  1.8739
 191  1.518133  3.6864  3.3024  1.0160  5.5729  4.8496  2.7425  2.2148  1.9193  1.8158
 192  1.518548  3.6854  3.2754  1.0388  5.5377  4.8123  2.6923  2.1613  1.8631  1.7578
 193  1.518964  3.6843  3.2484  1.0616  5.5030  4.7753  2.6425  2.1082  1.8071  1.7002
 194  1.519381  3.6832  3.2216  1.0843  5.4685  4.7387  2.5928  2.0554  1.7515  1.6427
 195  1.519800  3.6822  3.1948  1.1069  5.4341  4.7022  2.5433  2.0027  1.6959  1.5855
 196  1.520220  3.6811  3.1682  1.1294  5.4004  4.6664  2.4942  1.9502  1.6407  1.5285
 197  1.520640  3.6801  3.1417  1.1519  5.3667  4.6307  2.4452  1.8980  1.5856  1.4718
 198  1.521063  3.6789  3.1150  1.1743  5.3344  4.5963  2.3967  1.8461  1.5309  1.4153
 199  1.521486  3.6779  3.0886  1.1965  5.3017  4.5617  2.3482  1.7944  1.4762  1.3590
 200  1.521908  3.6768  3.0621  1.2188  5.2697  4.5278  2.3000  1.7428  1.4217  1.3027
 201  1.522332  3.6757  3.0358  1.2410  5.2378  4.4941  2.2519  1.6914  1.3673  1.2466
 202  1.522756  3.6747  3.0094  1.2632  5.2060  4.4607  2.2041  1.6402  1.3131  1.1905
 203  1.523180  3.6735  2.9829  1.2854  5.1754  4.4284  2.1567  1.5892  1.2590  1.1348
 204  1.523604  3.6724  2.9564  1.3074  5.1452  4.3969  2.1096  1.5386  1.2051  1.0789
 205  1.524028  3.6713  2.9298  1.3295  5.1155  4.3655  2.0627  1.4879  1.1513  1.0232
 206  1.524451  3.6702  2.9033  1.3517  5.0861  4.3347  2.0159  1.4374  1.0974  0.9675
 207  1.524872  3.6689  2.8765  1.3738  5.0569  4.3041  1.9693  1.3870  1.0436  0.9117
 208  1.525294  3.6677  2.8497  1.3960  5.0281  4.2738  1.9226  1.3366  0.9897  0.8559
 209  1.525713  3.6666  2.8228  1.4182  4.9998  4.2442  1.8762  1.2862  0.9358  0.7999
 210  1.526132  3.6654  2.7959  1.4404  4.9722  4.2153  1.8301  1.2360  0.8820  0.7441
 211  1.526550  3.6641  2.7689  1.4626  4.9444  4.1865  1.7839  1.1858  0.8280  0.6881
 212  1.526966  3.6628  2.7417  1.4850  4.9173  4.1583  1.7378  1.1356  0.7740  0.6321
 213  1.527380  3.6616  2.7144  1.5073  4.8902  4.1302  1.6919  1.0855  0.7200  0.5759
 214  1.527793  3.6604  2.6871  1.5297  4.8635  4.1027  1.6461  1.0355  0.6659  0.5197
 215  1.528208  3.6591  2.6598  1.5521  4.8373  4.0756  1.6007  0.9857  0.6121  0.4638
 216  1.528620  3.6578  2.6325  1.5743  4.8114  4.0490  1.5555  0.9363  0.5584  0.4079
 217  1.528687  3.6576  2.6281  1.5780  4.8072  4.0446  1.5481  0.9283  0.5498  0.3988
 218  1.528755  3.6574  2.6236  1.5815  4.8031  4.0405  1.5409  0.9203  0.5411  0.3898
 219  1.528821  3.6572  2.6193  1.5852  4.7988  4.0361  1.5334  0.9123  0.5324  0.3808
 220  1.528888  3.6570  2.6148  1.5888  4.7947  4.0319  1.5263  0.9044  0.5237  0.3717
 221  1.528955  3.6568  2.6104  1.5924  4.7905  4.0274  1.5189  0.8963  0.5150  0.3627
 222  1.529022  3.6566  2.6060  1.5960  4.7864  4.0233  1.5116  0.8884  0.5064  0.3537
 223  1.529088  3.6564  2.6016  1.5996  4.7822  4.0191  1.5044  0.8804  0.4977  0.3448
 224  1.529156  3.6562  2.5972  1.6032  4.7781  4.0148  1.4972  0.8725  0.4892  0.3357
 225  1.529223  3.6560  2.5928  1.6067  4.7741  4.0107  1.4900  0.8646  0.4807  0.3269
 226  1.529291  3.6558  2.5885  1.6102  4.7698  4.0063  1.4827  0.8568  0.4721  0.3179
 227  1.529941  3.6539  2.5504  1.6414  4.7339  3.9695  1.4198  0.7879  0.3973  0.2401
 228  1.530577  3.6529  2.5266  1.6610  4.7105  3.9454  1.3796  0.7440  0.3500  0.1909
 229  1.531213  3.6538  2.5415  1.6500  4.7179  3.9521  1.3988  0.7663  0.3759  0.2184
 230  1.531943  3.6567  2.5967  1.6070  4.7551  3.9899  1.4803  0.8580  0.4779  0.3257
 231  1.532846  3.6557  2.5726  1.6272  4.7290  3.9644  1.4395  0.8139  0.4296  0.2754
 232  1.533748  3.6512  2.4833  1.6987  4.6547  3.8900  1.2998  0.6591  0.2588  0.0967
 233  1.534513  3.6472  2.4042  1.7618  4.5912  3.8274  1.1782  0.5240  0.1087 -0.0608
 234  1.535182  3.6432  2.3281  1.8221  4.5320  3.7704  1.0638  0.3967 -0.0342 -0.2110
 235  1.535771  3.6393  2.2543  1.8805  4.4753  3.7172  0.9550  0.2755 -0.1718 -0.3561
 236  1.536279  3.6356  2.1850  1.9351  4.4226  3.6696  0.8554  0.1644 -0.2998 -0.4915
 237  1.536740  3.6319  2.1164  1.9889  4.3708  3.6243  0.7592  0.0571 -0.4256 -0.6251
 238  1.537138  3.6282  2.0515  2.0397  4.3216  3.5826  0.6699 -0.0421 -0.5435 -0.7508
 239  1.537501  3.6247  1.9869  2.0900  4.2722  3.5418  0.5837 -0.1380 -0.6599 -0.8753
 240  1.537825  3.6210  1.9229  2.1394  4.2239  3.5029  0.5014 -0.2291 -0.7736 -0.9978
 241  1.538112  3.6174  1.8606  2.1873  4.1774  3.4663  0.4244 -0.3141 -0.8827 -1.1161
 242  1.538373  3.6137  1.7989  2.2345  4.1308  3.4305  0.3509 -0.3949 -0.9899 -1.2329
 243  1.538606  3.6102  1.7389  2.2803  4.0852  3.3960  0.2826 -0.4697 -1.0930 -1.3460
 244  1.538816  3.6067  1.6802  2.3250  4.0405  3.3623  0.2189 -0.5388 -1.1927 -1.4562
 245  1.539007  3.6032  1.6227  2.3686  3.9971  3.3295  0.1590 -0.6028 -1.2898 -1.5641
 246  1.539180  3.5998  1.5665  2.4112  3.9549  3.2977  0.1037 -0.6611 -1.3836 -1.6691
 247  1.539336  3.5964  1.5117  2.4525  3.9140  3.2667  0.0533 -0.7136 -1.4737 -1.7709
 248  1.539479  3.5930  1.4577  2.4931  3.8731  3.2357  0.0075 -0.7610 -1.5610 -1.8703
 249  1.539609  3.5896  1.4051  2.5324  3.8339  3.2055 -0.0331 -0.8020 -1.6446 -1.9666
 250  1.539728  3.5864  1.3534  2.5710  3.7966  3.1757 -0.0686 -0.8366 -1.7255 -2.0608
 251  1.539837  3.5831  1.3027  2.6087  3.7614  3.1466 -0.0990 -0.8645 -1.8034 -2.1527
 252  1.539938  3.5799  1.2532  2.6455  3.7288  3.1184 -0.1242 -0.8853 -1.8784 -2.2423
 253  1.540030  3.5768  1.2047  2.6815  3.6979  3.0907 -0.1440 -0.8999 -1.9502 -2.3294
 254  1.540115  3.5737  1.1572  2.7166  3.6694  3.0636 -0.1579 -0.9079 -2.0186 -2.4138
 255  1.540193  3.5707  1.1111  2.7506  3.6438  3.0374 -0.1651 -0.9075 -2.0834 -2.4952
 256  1.540267  3.5677  1.0656  2.7841  3.6215  3.0119 -0.1651 -0.8987 -2.1451 -2.5747
 257  1.540334  3.5648  1.0213  2.8167  3.6020  2.9876 -0.1591 -0.8845 -2.2029 -2.6512
 258  1.540396  3.5618  0.9779  2.8484  3.5864  2.9657 -0.1453 -0.8632 -2.2559 -2.7241
 259  1.540455  3.5589  0.9353  2.8795  3.5756  2.9479 -0.1265 -0.8426 -2.3051 -2.7936
 260  1.540509  3.5561  0.8934  2.9098  3.5683  2.9326 -0.0999 -0.8165 -2.3495 -2.8599
 261  1.540560  3.5533  0.8529  2.9391  3.5637  2.9175 -0.0647 -0.7813 -2.3890 -2.9223
 262  1.540607  3.5505  0.8128  2.9680  3.5629  2.9018 -0.0170 -0.7320 -2.4232 -2.9818
 263  1.540652  3.5477  0.7733  2.9964  3.5660  2.8855  0.0548 -0.6493 -2.4501 -3.0385
 264  1.540694  3.5450  0.7350  3.0240  3.5721  2.8602  0.1369 -0.5463 -2.4730 -3.0921
 265  1.540733  3.5423  0.6973  3.0510  3.5806  2.8337  0.2289 -0.4326 -2.4900 -3.1421
 266  1.540769  3.5396  0.6604  3.0774  3.5911  2.8071  0.3289 -0.3130 -2.5012 -3.1883
 267  1.540804  3.5370  0.6242  3.1032  3.6032  2.7805  0.4372 -0.1894 -2.5055 -3.2300
 268  1.540837  3.5345  0.5886  3.1283  3.6159  2.7557  0.5654 -0.0636 -2.4946 -3.2632
 269  1.540868  3.5320  0.5540  3.1529  3.6284  2.7316  0.7045  0.0616 -2.4744 -3.2905
 270  1.540897  3.5295  0.5201  3.1769  3.6419  2.7092  0.8482  0.1855 -2.4483 -3.3136
 271  1.540925  3.5270  0.4868  3.2004  3.6565  2.6871  0.9934  0.3078 -2.4175 -3.3328
 272  1.540951  3.5245  0.4540  3.2232  3.6710  2.6690  1.1301  0.4143 -2.3849 -3.3489
 273  1.540976  3.5221  0.4219  3.2457  3.6850  2.6590  1.2351  0.4853 -2.3586 -3.3646
 274  1.541000  3.5197  0.3906  3.2676  3.6981  2.6558  1.3123  0.5254 -2.3374 -3.3800
 275  1.541023  3.5174  0.3598  3.2889  3.7115  2.6566  1.3795  0.5526 -2.3163 -3.3934
 276  1.541044  3.5151  0.3299  3.3097  3.7240  2.6608  1.4387  0.5686 -2.2948 -3.4045
 277  1.541039  3.5129  0.3008  3.3298  3.7357  2.6673  1.4892  0.5754 -2.2741 -3.4144
