#NUMBER OF AGES= 1
#----------------------------------------------------       
#MIX-LEN  Y      Z          Zeff        [Fe/H] [a/Fe]
# 1.9380  0.2714 1.7313E-02 1.7313E-02   0.03   0.00 
#----------------------------------------------------       
#**PHOTOMETRIC SYSTEM**: SDSS (AB)                          
#----------------------------------------------------       
#AGE= 3.250 EEPS=272
#EEP   M/Mo    LogTeff  LogG   LogL/Lo sdss_u  sdss_g  sdss_r  sdss_i  sdss_z
   7  0.113546  3.5059  5.2566 -2.7862 17.9052 14.7484 13.2382 11.9869 11.2741
   8  0.131620  3.5060  5.1913 -2.6566 17.5323 14.4165 12.9144 11.6647 10.9515
   9  0.162583  3.5080  5.1147 -2.4804 16.9849 13.9333 12.4469 11.2155 10.5105
  10  0.210263  3.5158  5.0537 -2.2765 16.2467 13.2868 11.8332 10.6646  9.9940
  11  0.247690  3.5214  5.0163 -2.1456 15.7758 12.8682 11.4371 10.3097  9.6628
  12  0.281969  3.5261  4.9875 -2.0417 15.4098 12.5378 11.1245 10.0290  9.4008
  13  0.299281  3.5284  4.9716 -1.9909 15.2345 12.3781 10.9735  9.8923  9.2729
  14  0.307573  3.5294  4.9618 -1.9650 15.1475 12.2987 10.8983  9.8233  9.2077
  15  0.312722  3.5300  4.9548 -1.9483 15.0920 12.2480 10.8503  9.7792  9.1658
  16  0.316315  3.5305  4.9496 -1.9364 15.0533 12.2125 10.8165  9.7479  9.1360
  17  0.318792  3.5308  4.9456 -1.9276 15.0250 12.1866 10.7920  9.7251  9.1142
  18  0.320410  3.5309  4.9423 -1.9214 15.0049 12.1682 10.7744  9.7088  9.0985
  19  0.322008  3.5311  4.9388 -1.9150 14.9845 12.1497 10.7568  9.6920  9.0825
  20  0.324924  3.5317  4.9331 -1.9035 14.9461 12.1148 10.7242  9.6618  9.0537
  21  0.326875  3.5316  4.9276 -1.8954 14.9243 12.0947 10.7046  9.6419  9.0338
  22  0.323226  3.5311  4.9308 -1.9046 14.9565 12.1240 10.7310  9.6673  9.0574
  23  0.320992  3.5303  4.9339 -1.9107 14.9761 12.1447 10.7491  9.6838  9.0722
  24  0.450454  3.5524  4.8334 -1.5788 13.8235 11.0493  9.7103  8.7717  8.2437
  25  0.469051  3.5566  4.8148 -1.5260 13.6429 10.8701  9.5378  8.6236  8.1130
  26  0.485357  3.5605  4.7986 -1.4788 13.4812 10.7070  9.3801  8.4924  7.9978
  27  0.499971  3.5645  4.7845 -1.4361 13.3337 10.5555  9.2332  8.3729  7.8941
  28  0.511681  3.5680  4.7736 -1.4014 13.2131 10.4299  9.1109  8.2750  7.8102
  29  0.521785  3.5712  4.7646 -1.3709 13.1073 10.3181  9.0019  8.1883  7.7367
  30  0.532210  3.5748  4.7556 -1.3392 12.9970 10.1998  8.8860  8.0970  7.6603
  31  0.544928  3.5790  4.7447 -1.3009 12.8636 10.0561  8.7444  7.9866  7.5684
  32  0.561082  3.5846  4.7306 -1.2518 12.6907  9.8701  8.5601  7.8446  7.4517
  33  0.579071  3.5913  4.7153 -1.1958 12.4943  9.6570  8.3515  7.6837  7.3197
  34  0.605946  3.6026  4.6975 -1.1142 12.1956  9.3245  8.0331  7.4420  7.1243
  35  0.623264  3.6099  4.6850 -1.0600 12.0019  9.1134  7.8386  7.2881  6.9970
  36  0.619132  3.6084  4.6822 -1.0632 12.1129  9.1538  7.8565  7.3031  7.0132
  37  0.647569  3.6217  4.6667 -0.9755 11.7704  8.7828  7.5238  7.0481  6.8074
  38  0.691539  3.6429  4.6474 -0.8432 11.0899  8.1941  7.0370  6.6639  6.4855
  39  0.821594  3.7023  4.5954 -0.4800  8.8999  6.6706  5.8885  5.6780  5.5922
  40  0.838173  3.7089  4.5873 -0.4372  8.6530  6.5109  5.7654  5.5682  5.4917
  41  0.853880  3.7151  4.5793 -0.3963  8.4210  6.3625  5.6503  5.4653  5.3970
  42  0.867068  3.7203  4.5722 -0.3618  8.2281  6.2392  5.5542  5.3786  5.3174
  43  0.879093  3.7249  4.5651 -0.3301  8.0556  6.1295  5.4676  5.3002  5.2452
  44  0.890945  3.7294  4.5579 -0.2992  7.8905  6.0255  5.3842  5.2239  5.1746
  45  0.902814  3.7336  4.5502 -0.2688  7.7311  5.9252  5.3027  5.1491  5.1051
  46  0.914542  3.7377  4.5424 -0.2390  7.5808  5.8278  5.2241  5.0770  5.0378
  47  0.926127  3.7415  4.5343 -0.2098  7.4381  5.7332  5.1477  5.0069  4.9725
  48  0.937530  3.7453  4.5258 -0.1813  7.3026  5.6420  5.0736  4.9386  4.9088
  49  0.948717  3.7488  4.5172 -0.1534  7.1739  5.5540  5.0016  4.8722  4.8467
  50  0.959807  3.7522  4.5082 -0.1259  7.0499  5.4685  4.9312  4.8070  4.7854
  51  0.971096  3.7555  4.4988 -0.0982  6.9269  5.3829  4.8603  4.7411  4.7235
  52  0.978119  3.7575  4.4927 -0.0809  6.8522  5.3303  4.8166  4.7006  4.6853
  53  0.985097  3.7594  4.4865 -0.0639  6.7794  5.2787  4.7736  4.6606  4.6475
  54  0.991976  3.7613  4.4803 -0.0472  6.7090  5.2283  4.7313  4.6213  4.6104
  55  0.998667  3.7631  4.4742 -0.0309  6.6415  5.1795  4.6904  4.5831  4.5743
  56  1.005049  3.7648  4.4680 -0.0153  6.5782  5.1332  4.6513  4.5465  4.5397
  57  1.010854  3.7663  4.4622 -0.0010  6.5214  5.0910  4.6156  4.5130  4.5081
  58  1.013911  3.7672  4.4588  0.0071  6.4920  5.0682  4.5960  4.4946  4.4905
  59  1.013341  3.7672  4.4596  0.0066  6.4955  5.0702  4.5978  4.4964  4.4924
  60  1.018589  3.7686  4.4542  0.0197  6.4439  5.0317  4.5651  4.4658  4.4632
  61  1.029332  3.7710  4.4436  0.0445  6.3453  4.9583  4.5025  4.4068  4.4073
  62  1.035381  3.7724  4.4374  0.0589  6.2899  4.9161  4.4664  4.3729  4.3749
  63  1.041337  3.7738  4.4312  0.0731  6.2365  4.8751  4.4310  4.3396  4.3432
  64  1.046900  3.7750  4.4251  0.0865  6.1870  4.8366  4.3979  4.3083  4.3134
  65  1.051426  3.7761  4.4199  0.0978  6.1455  4.8043  4.3699  4.2820  4.2882
  66  1.044442  3.7755  4.4271  0.0863  6.1822  4.8360  4.3982  4.3096  4.3150
  67  1.048296  3.7765  4.4225  0.0964  6.1453  4.8070  4.3729  4.2857  4.2922
  68  1.051449  3.7775  4.4188  0.1053  6.1108  4.7808  4.3513  4.2656  4.2733
  69  1.054029  3.7785  4.4162  0.1129  6.0784  4.7573  4.3329  4.2488  4.2577
  70  1.057074  3.7795  4.4130  0.1215  6.0419  4.7310  4.3122  4.2297  4.2399
  71  1.060949  3.7805  4.4088  0.1318  6.0009  4.7004  4.2875  4.2068  4.2184
  72  1.065322  3.7817  4.4040  0.1427  5.9581  4.6682  4.2610  4.1818  4.1947
  73  1.069462  3.7828  4.3997  0.1531  5.9181  4.6381  4.2360  4.1585  4.1725
  74  1.073158  3.7838  4.3958  0.1625  5.8820  4.6109  4.2135  4.1372  4.1523
  75  1.076430  3.7846  4.3924  0.1709  5.8497  4.5865  4.1929  4.1178  4.1338
  76  1.079294  3.7855  4.3894  0.1787  5.8221  4.5652  4.1736  4.0992  4.1157
  77  1.081810  3.7864  4.3864  0.1860  5.7970  4.5457  4.1555  4.0816  4.0989
  78  1.084110  3.7872  4.3838  0.1929  5.7729  4.5271  4.1385  4.0651  4.0829
  79  1.086424  3.7880  4.3812  0.1997  5.7484  4.5082  4.1212  4.0486  4.0668
  80  1.089079  3.7890  4.3785  0.2072  5.7223  4.4881  4.1028  4.0307  4.0496
  81  1.092367  3.7899  4.3755  0.2157  5.6929  4.4653  4.0816  4.0104  4.0300
  82  1.095320  3.7907  4.3729  0.2225  5.6700  4.4468  4.0643  3.9937  4.0138
  83  1.099325  3.7917  4.3694  0.2312  5.6419  4.4237  4.0426  3.9727  3.9933
  84  1.105820  3.7929  4.3638  0.2443  5.6005  4.3889  4.0097  3.9407  3.9623
  85  1.211631  3.8018  4.2319  0.4506  5.0020  3.8383  3.4982  3.4447  3.4773
  86  1.217176  3.8019  4.2247  0.4599  4.9771  3.8139  3.4750  3.4219  3.4545
  87  1.225123  3.8018  4.2137  0.4735  4.9433  3.7795  3.4412  3.3882  3.4209
  88  1.241482  3.8013  4.1890  0.5019  4.8764  3.7089  3.3701  3.3170  3.3494
  89  1.268524  3.8001  4.1448  0.5503  4.7663  3.5895  3.2484  3.1943  3.2258
  90  1.289667  3.7995  4.1128  0.5869  4.6804  3.4981  3.1565  3.1023  3.1334
  91  1.303588  3.7995  4.0939  0.6106  4.6207  3.4375  3.0973  3.0436  3.0750
  92  1.314905  3.7994  4.0781  0.6298  4.5729  3.3885  3.0490  2.9956  3.0273
  93  1.324655  3.7991  4.0634  0.6465  4.5344  3.3472  3.0072  2.9538  2.9852
  94  1.333564  3.7984  4.0481  0.6618  4.5030  3.3106  2.9686  2.9144  2.9453
  95  1.342138  3.7972  4.0315  0.6767  4.4755  3.2761  2.9310  2.8754  2.9052
  96  1.350416  3.7959  4.0145  0.6913  4.4494  3.2427  2.8943  2.8373  2.8658
  97  1.358349  3.7947  3.9979  0.7051  4.4233  3.2110  2.8603  2.8014  2.8285
  98  1.365812  3.7933  3.9820  0.7179  4.3934  3.1808  2.8307  2.7698  2.7954
  99  1.372736  3.7920  3.9674  0.7294  4.3665  3.1535  2.8040  2.7413  2.7653
 100  1.379015  3.7908  3.9541  0.7398  4.3434  3.1296  2.7802  2.7156  2.7382
 101  1.384562  3.7897  3.9423  0.7489  4.3246  3.1090  2.7590  2.6927  2.7141
 102  1.389140  3.7887  3.9325  0.7567  4.3093  3.0915  2.7405  2.6729  2.6932
 103  1.392756  3.7882  3.9246  0.7634  4.2962  3.0762  2.7241  2.6556  2.6753
 104  1.395530  3.7879  3.9184  0.7692  4.2843  3.0626  2.7098  2.6408  2.6600
 105  1.397697  3.7878  3.9134  0.7743  4.2731  3.0502  2.6970  2.6278  2.6470
 106  1.399406  3.7878  3.9094  0.7789  4.2620  3.0387  2.6854  2.6163  2.6354
 107  1.400701  3.7879  3.9061  0.7830  4.2515  3.0281  2.6750  2.6061  2.6254
 108  1.401652  3.7881  3.9035  0.7867  4.2414  3.0181  2.6655  2.5970  2.6165
 109  1.402480  3.7883  3.9012  0.7903  4.2315  3.0085  2.6563  2.5883  2.6080
 110  1.403194  3.7886  3.8993  0.7937  4.2217  2.9991  2.6475  2.5799  2.6000
 111  1.403816  3.7889  3.8974  0.7970  4.2122  2.9900  2.6388  2.5718  2.5923
 112  1.404110  3.7891  3.8965  0.7986  4.2074  2.9854  2.6345  2.5677  2.5884
 113  1.404408  3.7894  3.8956  0.8006  4.2021  2.9802  2.6297  2.5632  2.5842
 114  1.404706  3.7896  3.8947  0.8023  4.1971  2.9754  2.6250  2.5589  2.5800
 115  1.405010  3.7898  3.8937  0.8044  4.1911  2.9695  2.6195  2.5538  2.5753
 116  1.405320  3.7900  3.8927  0.8065  4.1853  2.9637  2.6140  2.5488  2.5705
 117  1.405633  3.7903  3.8918  0.8086  4.1791  2.9576  2.6082  2.5433  2.5654
 118  1.405945  3.7906  3.8907  0.8111  4.1720  2.9506  2.6014  2.5372  2.5597
 119  1.406251  3.7909  3.8897  0.8136  4.1651  2.9436  2.5947  2.5310  2.5540
 120  1.406551  3.7914  3.8886  0.8166  4.1568  2.9353  2.5867  2.5238  2.5472
 121  1.406844  3.7918  3.8874  0.8195  4.1487  2.9271  2.5787  2.5165  2.5405
 122  1.407133  3.7924  3.8865  0.8227  4.1399  2.9181  2.5699  2.5085  2.5331
 123  1.407411  3.7929  3.8854  0.8260  4.1309  2.9087  2.5608  2.5003  2.5256
 124  1.407680  3.7935  3.8843  0.8295  4.1210  2.8986  2.5509  2.4915  2.5174
 125  1.407934  3.7942  3.8832  0.8333  4.1104  2.8879  2.5405  2.4821  2.5089
 126  1.408170  3.7949  3.8820  0.8374  4.0985  2.8761  2.5292  2.4719  2.4995
 127  1.408383  3.7956  3.8806  0.8420  4.0817  2.8625  2.5177  2.4616  2.4901
 128  1.408573  3.7965  3.8791  0.8468  4.0634  2.8481  2.5056  2.4508  2.4801
 129  1.408746  3.7973  3.8776  0.8518  4.0439  2.8328  2.4933  2.4396  2.4699
 130  1.408891  3.7982  3.8754  0.8577  4.0222  2.8155  2.4786  2.4265  2.4576
 131  1.409025  3.7992  3.8709  0.8661  3.9935  2.7918  2.4582  2.4074  2.4397
 132  1.409135  3.8002  3.8683  0.8725  3.9696  2.7727  2.4425  2.3931  2.4264
 133  1.409237  3.8011  3.8661  0.8783  3.9480  2.7557  2.4286  2.3805  2.4147
 134  1.409312  3.8020  3.8632  0.8852  3.9228  2.7351  2.4115  2.3649  2.4003
 135  1.409398  3.8029  3.8608  0.8911  3.9024  2.7178  2.3971  2.3518  2.3881
 136  1.409476  3.8037  3.8584  0.8970  3.8824  2.7005  2.3826  2.3387  2.3759
 137  1.409547  3.8045  3.8555  0.9029  3.8628  2.6834  2.3682  2.3255  2.3635
 138  1.409610  3.8051  3.8514  0.9096  3.8416  2.6645  2.3518  2.3101  2.3488
 139  1.409674  3.8059  3.8466  0.9176  3.8157  2.6415  2.3320  2.2916  2.3312
 140  1.409741  3.8067  3.8423  0.9252  3.7913  2.6198  2.3137  2.2747  2.3152
 141  1.409838  3.8075  3.8391  0.9313  3.7708  2.6020  2.2989  2.2610  2.3024
 142  1.409918  3.8074  3.8404  0.9295  3.7757  2.6067  2.3033  2.2652  2.3064
 143  1.409963  3.8065  3.8459  0.9209  3.8027  2.6313  2.3251  2.2856  2.3259
 144  1.409985  3.8060  3.8514  0.9131  3.8253  2.6525  2.3442  2.3038  2.3434
 145  1.410002  3.8053  3.8552  0.9068  3.8451  2.6704  2.3596  2.3181  2.3571
 146  1.410002  3.8042  3.8575  0.8997  3.8715  2.6920  2.3765  2.3332  2.3707
 147  1.410035  3.8015  3.8471  0.8994  3.8934  2.7014  2.3762  2.3287  2.3634
 148  1.410075  3.7988  3.8321  0.9036  3.9079  2.6993  2.3638  2.3125  2.3442
 149  1.410132  3.7967  3.8157  0.9119  3.9074  2.6846  2.3418  2.2878  2.3173
 150  1.410258  3.7945  3.8010  0.9177  3.9101  2.6754  2.3268  2.2697  2.2968
 151  1.410461  3.7922  3.7891  0.9204  3.9127  2.6737  2.3226  2.2618  2.2862
 152  1.410705  3.7904  3.7805  0.9218  3.9138  2.6740  2.3216  2.2580  2.2802
 153  1.410961  3.7892  3.7755  0.9222  3.9166  2.6759  2.3224  2.2567  2.2775
 154  1.411215  3.7883  3.7717  0.9223  3.9206  2.6780  2.3227  2.2556  2.2751
 155  1.411472  3.7874  3.7683  0.9225  3.9257  2.6802  2.3227  2.2541  2.2727
 156  1.411729  3.7866  3.7649  0.9226  3.9358  2.6835  2.3216  2.2516  2.2693
 157  1.411985  3.7859  3.7621  0.9226  3.9453  2.6866  2.3204  2.2495  2.2662
 158  1.412242  3.7851  3.7593  0.9227  3.9554  2.6900  2.3194  2.2472  2.2631
 159  1.412497  3.7844  3.7563  0.9226  3.9661  2.6936  2.3184  2.2451  2.2601
 160  1.412752  3.7836  3.7536  0.9226  3.9772  2.6975  2.3175  2.2430  2.2572
 161  1.413005  3.7829  3.7508  0.9223  3.9890  2.7017  2.3168  2.2412  2.2544
 162  1.413856  3.7801  3.7412  0.9209  4.0344  2.7190  2.3170  2.2369  2.2468
 163  1.414691  3.7770  3.7319  0.9181  4.0766  2.7385  2.3233  2.2384  2.2447
 164  1.415498  3.7737  3.7234  0.9137  4.1239  2.7626  2.3347  2.2447  2.2472
 165  1.416261  3.7702  3.7159  0.9072  4.1805  2.7930  2.3511  2.2556  2.2538
 166  1.416964  3.7665  3.7097  0.8990  4.2457  2.8296  2.3724  2.2710  2.2648
 167  1.417602  3.7628  3.7047  0.8891  4.3177  2.8712  2.3981  2.2907  2.2799
 168  1.418175  3.7590  3.7011  0.8779  4.3957  2.9166  2.4275  2.3140  2.2987
 169  1.418694  3.7552  3.6983  0.8658  4.4791  2.9638  2.4595  2.3402  2.3204
 170  1.419168  3.7515  3.6965  0.8531  4.5660  3.0129  2.4932  2.3682  2.3441
 171  1.419614  3.7478  3.6950  0.8399  4.6542  3.0639  2.5284  2.3975  2.3689
 172  1.420043  3.7441  3.6935  0.8267  4.7443  3.1165  2.5646  2.4276  2.3942
 173  1.420467  3.7403  3.6915  0.8134  4.8382  3.1703  2.6012  2.4580  2.4197
 174  1.420908  3.7362  3.6884  0.8003  4.9371  3.2250  2.6380  2.4879  2.4445
 175  1.421388  3.7318  3.6830  0.7881  5.0425  3.2809  2.6736  2.5161  2.4671
 176  1.421953  3.7267  3.6731  0.7781  5.1560  3.3361  2.7056  2.5394  2.4836
 177  1.422635  3.7212  3.6560  0.7732  5.2682  3.3822  2.7262  2.5506  2.4874
 178  1.423387  3.7160  3.6324  0.7765  5.3552  3.4066  2.7270  2.5425  2.4721
 179  1.424031  3.7125  3.6079  0.7869  5.3961  3.4038  2.7078  2.5169  2.4416
 180  1.424568  3.7100  3.5852  0.7999  5.4121  3.3884  2.6808  2.4853  2.4064
 181  1.425044  3.7081  3.5639  0.8138  5.4145  3.3663  2.6502  2.4513  2.3696
 182  1.425634  3.7061  3.5367  0.8331  5.4065  3.3311  2.6064  2.4038  2.3193
 183  1.426205  3.7044  3.5100  0.8532  5.3892  3.2918  2.5600  2.3544  2.2673
 184  1.426766  3.7029  3.4838  0.8738  5.3666  3.2500  2.5122  2.3038  2.2146
 185  1.427322  3.7016  3.4579  0.8946  5.3400  3.2069  2.4635  2.2527  2.1615
 186  1.427877  3.7005  3.4324  0.9155  5.3109  3.1631  2.4146  2.2015  2.1084
 187  1.428432  3.6993  3.4073  0.9363  5.2778  3.1187  2.3653  2.1501  2.0553
 188  1.428990  3.6983  3.3823  0.9571  5.2438  3.0742  2.3163  2.0991  2.0024
 189  1.429551  3.6973  3.3578  0.9779  5.2092  3.0296  2.2674  2.0482  1.9499
 190  1.430114  3.6963  3.3336  0.9984  5.1737  2.9849  2.2185  1.9976  1.8975
 191  1.430680  3.6953  3.3095  1.0189  5.1382  2.9403  2.1699  1.9471  1.8456
 192  1.431251  3.6944  3.2857  1.0393  5.1031  2.8962  2.1216  1.8971  1.7940
 193  1.431823  3.6936  3.2620  1.0595  5.0681  2.8522  2.0737  1.8474  1.7427
 194  1.432398  3.6927  3.2385  1.0797  5.0331  2.8083  2.0258  1.7978  1.6917
 195  1.432976  3.6918  3.2152  1.0998  4.9987  2.7646  1.9783  1.7485  1.6409
 196  1.433555  3.6909  3.1920  1.1196  4.9653  2.7210  1.9309  1.6994  1.5904
 197  1.434136  3.6902  3.1688  1.1395  4.9330  2.6779  1.8837  1.6505  1.5401
 198  1.434719  3.6892  3.1454  1.1593  4.9035  2.6360  1.8373  1.6020  1.4901
 199  1.435300  3.6883  3.1223  1.1792  4.8720  2.5931  1.7905  1.5533  1.4400
 200  1.435883  3.6874  3.0993  1.1989  4.8404  2.5504  1.7437  1.5047  1.3900
 201  1.436464  3.6865  3.0762  1.2187  4.8096  2.5079  1.6971  1.4563  1.3402
 202  1.437044  3.6858  3.0534  1.2385  4.7768  2.4645  1.6501  1.4078  1.2902
 203  1.437625  3.6849  3.0305  1.2582  4.7458  2.4218  1.6035  1.3592  1.2404
 204  1.438203  3.6840  3.0073  1.2780  4.7163  2.3796  1.5570  1.3109  1.1906
 205  1.438783  3.6831  2.9839  1.2977  4.6889  2.3383  1.5111  1.2628  1.1409
 206  1.439358  3.6822  2.9606  1.3176  4.6599  2.2962  1.4645  1.2143  1.0908
 207  1.439925  3.6813  2.9375  1.3376  4.6278  2.2525  1.4169  1.1649  1.0401
 208  1.440490  3.6803  2.9130  1.3578  4.6029  2.2114  1.3703  1.1160  0.9894
 209  1.441048  3.6793  2.8888  1.3783  4.5745  2.1686  1.3226  1.0661  0.9379
 210  1.441596  3.6782  2.8640  1.3991  4.5463  2.1252  1.2741  1.0153  0.8853
 211  1.442130  3.6771  2.8386  1.4204  4.5180  2.0811  1.2247  0.9635  0.8316
 212  1.442653  3.6760  2.8127  1.4421  4.4893  2.0361  1.1744  0.9106  0.7770
 213  1.443166  3.6750  2.7863  1.4641  4.4611  1.9908  1.1234  0.8571  0.7216
 214  1.443668  3.6738  2.7594  1.4864  4.4327  1.9450  1.0719  0.8029  0.6655
 215  1.444156  3.6726  2.7320  1.5093  4.4042  1.8984  1.0195  0.7478  0.6082
 216  1.444655  3.6714  2.7049  1.5318  4.3763  1.8525  0.9677  0.6931  0.5515
 217  1.444748  3.6711  2.6992  1.5365  4.3706  1.8429  0.9568  0.6817  0.5396
 218  1.444839  3.6709  2.6935  1.5413  4.3647  1.8332  0.9459  0.6702  0.5278
 219  1.444931  3.6707  2.6876  1.5460  4.3589  1.8235  0.9349  0.6587  0.5157
 220  1.445021  3.6704  2.6818  1.5508  4.3535  1.8139  0.9240  0.6471  0.5037
 221  1.445111  3.6701  2.6760  1.5556  4.3477  1.8042  0.9129  0.6354  0.4916
 222  1.445201  3.6699  2.6702  1.5605  4.3420  1.7944  0.9020  0.6239  0.4795
 223  1.445292  3.6695  2.6642  1.5653  4.3366  1.7848  0.8909  0.6122  0.4673
 224  1.445381  3.6693  2.6584  1.5702  4.3307  1.7749  0.8798  0.6003  0.4551
 225  1.445469  3.6690  2.6523  1.5751  4.3253  1.7651  0.8687  0.5886  0.4429
 226  1.445558  3.6688  2.6465  1.5799  4.3196  1.7554  0.8575  0.5768  0.4306
 227  1.446392  3.6660  2.5870  1.6288  4.2657  1.6585  0.7470  0.4596  0.3085
 228  1.447161  3.6634  2.5307  1.6747  4.2184  1.5686  0.6433  0.3493  0.1935
 229  1.447881  3.6617  2.4938  1.7047  4.1896  1.5109  0.5761  0.2776  0.1186
 230  1.448601  3.6639  2.5343  1.6735  4.2096  1.5669  0.6440  0.3514  0.1966
 231  1.449465  3.6647  2.5467  1.6649  4.2075  1.5791  0.6612  0.3711  0.2178
 232  1.450356  3.6611  2.4720  1.7253  4.1501  1.4628  0.5258  0.2267  0.0669
 233  1.451162  3.6573  2.3964  1.7860  4.0985  1.3488  0.3911  0.0823 -0.0844
 234  1.451865  3.6537  2.3247  1.8433  4.0536  1.2433  0.2650 -0.0535 -0.2268
 235  1.452489  3.6501  2.2557  1.8982  4.0140  1.1442  0.1459 -0.1826 -0.3628
 236  1.453034  3.6466  2.1887  1.9513  3.9787  1.0497  0.0312 -0.3072 -0.4942
 237  1.453520  3.6431  2.1226  2.0035  3.9471  0.9585 -0.0803 -0.4292 -0.6231
 238  1.453957  3.6395  2.0574  2.0548  3.9196  0.8709 -0.1882 -0.5481 -0.7491
 239  1.454345  3.6361  1.9939  2.1045  3.8960  0.7878 -0.2915 -0.6628 -0.8712
 240  1.454693  3.6325  1.9305  2.1537  3.8773  0.7079 -0.3918 -0.7756 -0.9921
 241  1.455004  3.6289  1.8684  2.2016  3.8613  0.6319 -0.4874 -0.8845 -1.1092
 242  1.455285  3.6255  1.8075  2.2486  3.8471  0.5587 -0.5794 -0.9904 -1.2240
 243  1.455538  3.6220  1.7475  2.2946  3.8337  0.4886 -0.6677 -1.0935 -1.3363
 244  1.455765  3.6185  1.6893  2.3391  3.8218  0.4229 -0.7506 -1.1920 -1.4448
 245  1.455972  3.6151  1.6320  2.3829  3.8099  0.3599 -0.8299 -1.2883 -1.5516
 246  1.456159  3.6118  1.5760  2.4257  3.7980  0.3001 -0.9051 -1.3811 -1.6554
 247  1.456328  3.6085  1.5214  2.4672  3.7863  0.2437 -0.9754 -1.4703 -1.7563
 248  1.456482  3.6052  1.4678  2.5078  3.7771  0.1917 -1.0399 -1.5560 -1.8548
 249  1.456623  3.6019  1.4145  2.5479  3.7699  0.1435 -1.0994 -1.6396 -1.9525
 250  1.456752  3.5987  1.3631  2.5866  3.7622  0.0992 -1.1540 -1.7191 -2.0466
 251  1.456870  3.5956  1.3126  2.6246  3.7529  0.0580 -1.2053 -1.7960 -2.1383
 252  1.456978  3.5926  1.2634  2.6615  3.7412  0.0196 -1.2534 -1.8699 -2.2271
 253  1.457078  3.5895  1.2151  2.6975  3.7265 -0.0167 -1.2990 -1.9417 -2.3136
 254  1.457170  3.5865  1.1676  2.7330  3.7120 -0.0496 -1.3403 -2.0109 -2.3985
 255  1.457255  3.5835  1.1213  2.7675  3.6979 -0.0788 -1.3760 -2.0768 -2.4808
 256  1.457332  3.5806  1.0762  2.8011  3.6843 -0.1048 -1.4055 -2.1397 -2.5608
 257  1.457405  3.5777  1.0319  2.8337  3.6709 -0.1279 -1.4295 -2.1999 -2.6390
 258  1.457473  3.5748  0.9885  2.8659  3.6568 -0.1464 -1.4449 -2.2573 -2.7154
 259  1.457536  3.5720  0.9458  2.8970  3.6420 -0.1609 -1.4528 -2.3116 -2.7896
 260  1.457594  3.5692  0.9041  2.9276  3.6272 -0.1714 -1.4540 -2.3632 -2.8619
 261  1.457649  3.5665  0.8633  2.9574  3.6130 -0.1778 -1.4492 -2.4119 -2.9325
 262  1.457699  3.5636  0.8232  2.9866  3.5996 -0.1819 -1.4433 -2.4580 -3.0009
 263  1.457747  3.5610  0.7838  3.0152  3.5905 -0.1812 -1.4373 -2.5005 -3.0665
 264  1.457792  3.5583  0.7454  3.0430  3.5837 -0.1762 -1.4277 -2.5397 -3.1294
 265  1.457834  3.5557  0.7075  3.0703  3.5819 -0.1673 -1.4167 -2.5764 -3.1902
 266  1.457874  3.5531  0.6706  3.0968  3.5802 -0.1523 -1.3962 -2.6090 -3.2482
 267  1.457911  3.5505  0.6345  3.1227  3.5767 -0.1342 -1.3658 -2.6399 -3.3047
 268  1.457946  3.5480  0.5991  3.1481  3.5704 -0.1107 -1.3204 -2.6679 -3.3598
 269  1.457979  3.5455  0.5644  3.1729  3.5575 -0.0730 -1.2442 -2.6888 -3.4120
 270  1.458010  3.5432  0.5305  3.1971  3.5330 -0.0274 -1.1408 -2.7048 -3.4616
 271  1.458041  3.5407  0.4971  3.2208  3.5061  0.0335 -1.0139 -2.7119 -3.5065
 272  1.458068  3.5383  0.4647  3.2438  3.4765  0.1138 -0.8575 -2.7085 -3.5461
 273  1.458095  3.5360  0.4327  3.2663  3.4454  0.2108 -0.6796 -2.6954 -3.5803
 274  1.458120  3.5337  0.4014  3.2884  3.4164  0.3184 -0.4970 -2.6753 -3.6089
 275  1.458144  3.5314  0.3711  3.3098  3.3947  0.4349 -0.3294 -2.6476 -3.6294
 276  1.458167  3.5292  0.3412  3.3308  3.3756  0.5501 -0.1765 -2.6187 -3.6468
 277  1.458189  3.5270  0.3124  3.3510  3.3596  0.6597 -0.0441 -2.5905 -3.6614
 278  1.457671  3.5250  0.2851  3.3701  3.3469  0.7588  0.0625 -2.5658 -3.6747
