#NUMBER OF AGES= 1
#----------------------------------------------------       
#MIX-LEN  Y      Z          Zeff        [Fe/H] [a/Fe]
# 1.9380  0.2925 2.9511E-02 2.9511E-02   0.28   0.00 
#----------------------------------------------------       
#**PHOTOMETRIC SYSTEM**: SkyMapper (AB)                     
#----------------------------------------------------       
#AGE= 3.500 EEPS=273
#EEP   M/Mo    LogTeff  LogG   LogL/Lo u       v       g       r       i       z
   7  0.105184  3.4976  5.2590 -2.8551 17.7645 17.3044 14.5392 13.6215 11.9915 11.4148
   8  0.125245  3.4976  5.1893 -2.7100 17.3766 16.8934 14.1773 13.2604 11.6333 11.0541
   9  0.154388  3.4984  5.1136 -2.5401 16.9059 16.3939 13.7380 12.8241 11.2090 10.6301
  10  0.201940  3.5050  5.0475 -2.3309 16.2368 15.6800 13.1136 12.2146 10.6592 10.0983
  11  0.242252  3.5104  5.0049 -2.1876 15.7725 15.1873 12.6789 11.7926 10.2805  9.7341
  12  0.271543  3.5141  4.9789 -2.0971 15.4808 14.8793 12.4042 11.5269 10.0415  9.5049
  13  0.293565  3.5169  4.9597 -2.0332 15.2758 14.6632 12.2107 11.3400  9.8729  9.3432
  14  0.305866  3.5183  4.9490 -1.9990 15.1673 14.5491 12.1081 11.2410  9.7830  9.2570
  15  0.313644  3.5191  4.9425 -1.9782 15.1017 14.4803 12.0459 11.1811  9.7284  9.2047
  16  0.319018  3.5197  4.9363 -1.9622 15.0527 14.4286 11.9997 11.1364  9.6870  9.1646
  17  0.323601  3.5201  4.9298 -1.9478 15.0090 14.3825 11.9587 11.0966  9.6497  9.1284
  18  0.328541  3.5207  4.9230 -1.9323 14.9622 14.3332 11.9147 11.0540  9.6098  9.0897
  19  0.332792  3.5211  4.9187 -1.9206 14.9255 14.2946 11.8799 11.0206  9.5791  9.0601
  20  0.333200  3.5207  4.9226 -1.9258 14.9461 14.3171 11.8985 11.0379  9.5937  9.0735
  21  0.335119  3.5217  4.9275 -1.9241 14.9279 14.2979 11.8807 11.0223  9.5853  9.0683
  22  0.343240  3.5226  4.9193 -1.9021 14.8596 14.2261 11.8161 10.9601  9.5276  9.0129
  23  0.415364  3.5329  4.8541 -1.7137 14.2572 13.5952 11.2422 10.4131  9.0303  8.5412
  24  0.440208  3.5381  4.8354 -1.6511 14.0510 13.3822 11.0364 10.2186  8.8619  8.3866
  25  0.486526  3.5478  4.7986 -1.5289 13.6466 12.9646 10.6339  9.8332  8.5328  8.0844
  26  0.504516  3.5527  4.7835 -1.4785 13.4809 12.7955 10.4623  9.6692  8.3947  7.9606
  27  0.517968  3.5566  4.7719 -1.4399 13.3542 12.6673 10.3282  9.5402  8.2889  7.8664
  28  0.529402  3.5601  4.7622 -1.4066 13.2448 12.5570 10.2102  9.4261  8.1979  7.7857
  29  0.539430  3.5632  4.7534 -1.3771 13.1473 12.4593 10.1032  9.3221  8.1173  7.7145
  30  0.549720  3.5665  4.7445 -1.3470 13.0480 12.3603  9.9934  9.2149  8.0352  7.6420
  31  0.562174  3.5706  4.7341 -1.3105 12.9279 12.2410  9.8584  9.0829  7.9353  7.5546
  32  0.578870  3.5766  4.7213 -1.2610 12.7628 12.0788  9.6676  8.8956  7.7979  7.4363
  33  0.600899  3.5848  4.7054 -1.1961 12.5372 11.8597  9.4012  8.6309  7.6139  7.2814
  34  0.627375  3.5952  4.6874 -1.1178 12.2600 11.5910  9.0678  8.2988  7.3903  7.0955
  35  0.639502  3.5992  4.6763 -1.0816 12.1660 11.4977  8.9330  8.1649  7.2916  7.0106
  36  0.668275  3.6120  4.6613 -0.9963 11.8418 11.1845  8.5517  7.7857  7.0479  6.8124
  37  0.783443  3.6622  4.6108 -0.6782 10.3240  9.6624  7.2208  6.5687  6.1672  6.0419
  38  0.801234  3.6701  4.6028 -0.6283 10.0664  9.4039  7.0239  6.3986  6.0334  5.9202
  39  0.819785  3.6786  4.5946 -0.5757  9.7798  9.1172  6.8172  6.2227  5.8928  5.7915
  40  0.849727  3.6918  4.5817 -0.4938  9.3130  8.6609  6.5111  5.9680  5.6786  5.5928
  41  0.862314  3.6967  4.5754 -0.4612  9.1340  8.4875  6.3949  5.8709  5.5951  5.5152
  42  0.874323  3.7014  4.5692 -0.4304  8.9666  8.3269  6.2871  5.7801  5.5166  5.4423
  43  0.885915  3.7058  4.5628 -0.4007  8.8063  8.1733  6.1847  5.6937  5.4414  5.3726
  44  0.897614  3.7102  4.5562 -0.3708  8.6459  8.0197  6.0833  5.6076  5.3666  5.3032
  45  0.909619  3.7146  4.5490 -0.3404  8.4838  7.8649  5.9817  5.5210  5.2908  5.2330
  46  0.921896  3.7190  4.5414 -0.3095  8.3210  7.7100  5.8805  5.4343  5.2146  5.1621
  47  0.934401  3.7233  4.5333 -0.2783  8.1595  7.5565  5.7798  5.3476  5.1376  5.0906
  48  0.946966  3.7275  4.5247 -0.2471  8.0012  7.4061  5.6809  5.2618  5.0612  5.0195
  49  0.959624  3.7316  4.5156 -0.2158  7.8450  7.2579  5.5839  5.1769  4.9849  4.9483
  50  0.972486  3.7356  4.5060 -0.1844  7.6903  7.1113  5.4874  5.0921  4.9083  4.8766
  51  0.985520  3.7396  4.4957 -0.1526  7.5392  6.9673  5.3910  5.0075  4.8319  4.8049
  52  0.992259  3.7415  4.4902 -0.1363  7.4633  6.8946  5.3419  4.9643  4.7927  4.7680
  53  0.998786  3.7434  4.4848 -0.1205  7.3910  6.8253  5.2948  4.9226  4.7549  4.7326
  54  1.004661  3.7451  4.4797 -0.1061  7.3266  6.7637  5.2525  4.8851  4.7208  4.7004
  55  1.009982  3.7465  4.4750 -0.0931  7.2685  6.7080  5.2141  4.8510  4.6896  4.6709
  56  1.015050  3.7479  4.4703 -0.0806  7.2138  6.6555  5.1776  4.8185  4.6597  4.6428
  57  1.020118  3.7493  4.4655 -0.0681  7.1597  6.6035  5.1412  4.7860  4.6300  4.6147
  58  1.025513  3.7507  4.4604 -0.0550  7.1032  6.5491  5.1031  4.7519  4.5988  4.5851
  59  1.031676  3.7523  4.4547 -0.0404  7.0405  6.4887  5.0607  4.7141  4.5640  4.5521
  60  1.039364  3.7543  4.4479 -0.0226  6.9641  6.4151  5.0092  4.6680  4.5217  4.5122
  61  1.050940  3.7570  4.4374  0.0038  6.8525  6.3074  4.9333  4.6000  4.4592  4.4529
  62  1.082163  3.7641  4.4048  0.0773  6.5559  6.0193  4.7252  4.4120  4.2851  4.2868
  63  1.101556  3.7681  4.3851  0.1205  6.3889  5.8556  4.6044  4.3025  4.1833  4.1895
  64  1.109082  3.7695  4.3770  0.1372  6.3267  5.7941  4.5583  4.2604  4.1440  4.1517
  65  1.105887  3.7689  4.3792  0.1313  6.3545  5.8201  4.5765  4.2766  4.1589  4.1658
  66  1.110764  3.7698  4.3731  0.1430  6.3120  5.7780  4.5443  4.2471  4.1312  4.1391
  67  1.116026  3.7708  4.3666  0.1553  6.2680  5.7344  4.5108  4.2160  4.1019  4.1108
  68  1.123626  3.7720  4.3579  0.1719  6.2093  5.6762  4.4657  4.1744  4.0627  4.0729
  69  1.180015  3.7784  4.2917  0.2844  5.8438  5.3119  4.1655  3.8921  3.7929  3.8100
  70  1.194465  3.7803  4.2764  0.3125  5.7485  5.2166  4.0901  3.8229  3.7275  3.7467
  71  1.205310  3.7814  4.2635  0.3338  5.6785  5.1464  4.0333  3.7702  3.6771  3.6976
  72  1.217851  3.7823  4.2479  0.3577  5.6035  5.0709  3.9705  3.7112  3.6202  3.6417
  73  1.234048  3.7833  4.2268  0.3884  5.5122  4.9784  3.8911  3.6358  3.5467  3.5693
  74  1.249251  3.7839  4.2061  0.4167  5.4323  4.8971  3.8187  3.5660  3.4780  3.5012
  75  1.260688  3.7842  4.1908  0.4372  5.3763  4.8400  3.7667  3.5153  3.4281  3.4515
  76  1.268646  3.7842  4.1794  0.4511  5.3418  4.8043  3.7319  3.4807  3.3934  3.4168
  77  1.275148  3.7840  4.1696  0.4624  5.3165  4.7779  3.7042  3.4524  3.3647  3.3879
  78  1.280927  3.7838  4.1608  0.4724  5.2948  4.7552  3.6797  3.4273  3.3392  3.3620
  79  1.286206  3.7834  4.1518  0.4815  5.2788  4.7381  3.6583  3.4043  3.3153  3.3376
  80  1.291327  3.7829  4.1428  0.4901  5.2664  4.7242  3.6384  3.3821  3.2920  3.3136
  81  1.296446  3.7823  4.1337  0.4986  5.2558  4.7121  3.6191  3.3603  3.2687  3.2897
  82  1.299591  3.7819  4.1281  0.5038  5.2492  4.7044  3.6073  3.3469  3.2546  3.2751
  83  1.302846  3.7816  4.1225  0.5090  5.2422  4.6966  3.5952  3.3333  3.2403  3.2602
  84  1.306213  3.7813  4.1168  0.5145  5.2352  4.6885  3.5829  3.3194  3.2255  3.2450
  85  1.309480  3.7808  4.1110  0.5197  5.2278  4.6803  3.5711  3.3063  3.2115  3.2304
  86  1.312648  3.7805  4.1053  0.5247  5.2212  4.6728  3.5599  3.2936  3.1979  3.2163
  87  1.315800  3.7800  4.0997  0.5297  5.2146  4.6654  3.5489  3.2812  3.1846  3.2024
  88  1.318942  3.7796  4.0939  0.5347  5.2085  4.6584  3.5380  3.2689  3.1712  3.1884
  89  1.322132  3.7790  4.0879  0.5396  5.2029  4.6520  3.5273  3.2566  3.1577  3.1744
  90  1.325684  3.7786  4.0821  0.5450  5.1951  4.6433  3.5152  3.2431  3.1433  3.1594
  91  1.329873  3.7782  4.0753  0.5515  5.1853  4.6324  3.5006  3.2272  3.1265  3.1419
  92  1.352589  3.7784  4.0428  0.5928  5.0836  4.5261  3.3968  3.1242  3.0244  3.0399
  93  1.356887  3.7776  4.0354  0.5989  5.0768  4.5181  3.3836  3.1095  3.0082  3.0230
  94  1.362244  3.7769  4.0264  0.6066  5.0661  4.5061  3.3661  3.0904  2.9878  3.0018
  95  1.369740  3.7759  4.0134  0.6180  5.0484  4.4867  3.3397  3.0619  2.9578  2.9708
  96  1.378174  3.7750  3.9993  0.6310  5.0260  4.4626  3.3095  3.0303  2.9245  2.9365
  97  1.385048  3.7742  3.9887  0.6410  5.0089  4.4444  3.2864  3.0060  2.8990  2.9103
  98  1.392139  3.7737  3.9788  0.6510  4.9901  4.4243  3.2626  2.9812  2.8733  2.8839
  99  1.399452  3.7732  3.9687  0.6614  4.9693  4.4025  3.2376  2.9553  2.8467  2.8570
 100  1.406668  3.7728  3.9587  0.6720  4.9475  4.3796  3.2122  2.9295  2.8201  2.8298
 101  1.413308  3.7725  3.9493  0.6821  4.9255  4.3567  3.1876  2.9043  2.7943  2.8037
 102  1.418909  3.7722  3.9408  0.6913  4.9045  4.3351  3.1651  2.8816  2.7712  2.7803
 103  1.423281  3.7721  3.9336  0.6992  4.8858  4.3158  3.1457  2.8621  2.7513  2.7603
 104  1.426616  3.7720  3.9277  0.7059  4.8690  4.2987  3.1289  2.8454  2.7346  2.7435
 105  1.429061  3.7721  3.9231  0.7115  4.8541  4.2833  3.1146  2.8314  2.7208  2.7297
 106  1.430857  3.7722  3.9194  0.7163  4.8400  4.2690  3.1022  2.8194  2.7091  2.7182
 107  1.432311  3.7724  3.9161  0.7206  4.8275  4.2563  3.0910  2.8086  2.6986  2.7079
 108  1.433488  3.7726  3.9134  0.7245  4.8149  4.2435  3.0803  2.7987  2.6891  2.6986
 109  1.434462  3.7728  3.9111  0.7282  4.8026  4.2310  3.0704  2.7894  2.6804  2.6901
 110  1.435287  3.7731  3.9088  0.7316  4.7911  4.2194  3.0611  2.7806  2.6721  2.6820
 111  1.435985  3.7733  3.9069  0.7349  4.7796  4.2077  3.0519  2.7723  2.6643  2.6746
 112  1.436340  3.7735  3.9059  0.7368  4.7731  4.2011  3.0469  2.7676  2.6600  2.6704
 113  1.436691  3.7737  3.9048  0.7388  4.7657  4.1937  3.0412  2.7624  2.6552  2.6659
 114  1.437035  3.7739  3.9037  0.7407  4.7587  4.1865  3.0357  2.7574  2.6506  2.6614
 115  1.437371  3.7741  3.9026  0.7428  4.7510  4.1787  3.0298  2.7520  2.6456  2.6566
 116  1.437703  3.7744  3.9014  0.7452  4.7424  4.1700  3.0231  2.7459  2.6401  2.6514
 117  1.438025  3.7747  3.9002  0.7475  4.7339  4.1613  3.0165  2.7399  2.6345  2.6462
 118  1.438340  3.7750  3.8989  0.7503  4.7237  4.1510  3.0088  2.7329  2.6283  2.6403
 119  1.438640  3.7754  3.8976  0.7530  4.7136  4.1407  3.0010  2.7257  2.6218  2.6342
 120  1.438924  3.7757  3.8961  0.7561  4.7020  4.1287  2.9919  2.7176  2.6144  2.6272
 121  1.439193  3.7762  3.8946  0.7597  4.6889  4.1153  2.9817  2.7083  2.6061  2.6194
 122  1.439446  3.7767  3.8930  0.7634  4.6751  4.1013  2.9710  2.6985  2.5974  2.6112
 123  1.439682  3.7773  3.8913  0.7674  4.6603  4.0860  2.9593  2.6881  2.5880  2.6025
 124  1.439903  3.7779  3.8896  0.7717  4.6437  4.0691  2.9468  2.6769  2.5781  2.5933
 125  1.440105  3.7785  3.8877  0.7763  4.6259  4.0511  2.9338  2.6654  2.5679  2.5838
 126  1.440291  3.7792  3.8856  0.7811  4.6063  4.0313  2.9195  2.6530  2.5569  2.5735
 127  1.440460  3.7800  3.8835  0.7863  4.5853  4.0100  2.9045  2.6398  2.5452  2.5626
 128  1.440614  3.7808  3.8812  0.7919  4.5628  3.9874  2.8884  2.6259  2.5329  2.5512
 129  1.440755  3.7816  3.8788  0.7977  4.5393  3.9637  2.8716  2.6114  2.5201  2.5392
 130  1.440885  3.7825  3.8763  0.8035  4.5156  3.9398  2.8548  2.5969  2.5073  2.5272
 131  1.440984  3.7832  3.8742  0.8085  4.4945  3.9186  2.8402  2.5845  2.4963  2.5171
 132  1.441083  3.7838  3.8707  0.8146  4.4699  3.8939  2.8228  2.5696  2.4829  2.5043
 133  1.441159  3.7847  3.8673  0.8213  4.4417  3.8656  2.8038  2.5536  2.4685  2.4908
 134  1.441240  3.7854  3.8642  0.8274  4.4151  3.8391  2.7862  2.5390  2.4554  2.4786
 135  1.441289  3.7863  3.8608  0.8344  4.3862  3.8100  2.7666  2.5225  2.4407  2.4648
 136  1.441326  3.7871  3.8571  0.8413  4.3577  3.7812  2.7469  2.5059  2.4258  2.4508
 137  1.441347  3.7879  3.8534  0.8483  4.3301  3.7530  2.7272  2.4890  2.4106  2.4364
 138  1.441366  3.7888  3.8503  0.8548  4.3036  3.7260  2.7084  2.4731  2.3965  2.4231
 139  1.441378  3.7895  3.8475  0.8606  4.2808  3.7026  2.6922  2.4593  2.3842  2.4116
 140  1.441387  3.7902  3.8444  0.8664  4.2589  3.6800  2.6759  2.4450  2.3714  2.3995
 141  1.441405  3.7908  3.8414  0.8718  4.2405  3.6604  2.6603  2.4308  2.3587  2.3873
 142  1.441416  3.7912  3.8396  0.8754  4.2287  3.6477  2.6502  2.4215  2.3502  2.3794
 143  1.441460  3.7915  3.8388  0.8773  4.2220  3.6405  2.6446  2.4162  2.3456  2.3750
 144  1.441481  3.7908  3.8432  0.8699  4.2462  3.6660  2.6652  2.4352  2.3630  2.3916
 145  1.441497  3.7899  3.8465  0.8634  4.2687  3.6897  2.6836  2.4518  2.3778  2.4057
 146  1.441548  3.7891  3.8490  0.8572  4.2913  3.7134  2.7012  2.4674  2.3916  2.4186
 147  1.441615  3.7879  3.8493  0.8522  4.3155  3.7382  2.7167  2.4798  2.4017  2.4274
 148  1.441681  3.7866  3.8487  0.8478  4.3418  3.7645  2.7309  2.4903  2.4096  2.4341
 149  1.441802  3.7836  3.8355  0.8491  4.3805  3.8010  2.7358  2.4851  2.3984  2.4196
 150  1.441919  3.7818  3.8218  0.8558  4.3873  3.8064  2.7241  2.4676  2.3773  2.3966
 151  1.442080  3.7797  3.8083  0.8609  4.3986  3.8162  2.7168  2.4548  2.3604  2.3773
 152  1.442318  3.7773  3.7955  0.8643  4.4172  3.8334  2.7152  2.4472  2.3479  2.3623
 153  1.442598  3.7754  3.7870  0.8653  4.4354  3.8507  2.7180  2.4453  2.3423  2.3545
 154  1.442877  3.7741  3.7814  0.8655  4.4511  3.8656  2.7214  2.4452  2.3395  2.3503
 155  1.443154  3.7730  3.7771  0.8654  4.4657  3.8795  2.7248  2.4456  2.3377  2.3473
 156  1.443431  3.7720  3.7736  0.8653  4.4792  3.8922  2.7282  2.4461  2.3364  2.3449
 157  1.443704  3.7712  3.7705  0.8649  4.4919  3.9042  2.7315  2.4469  2.3354  2.3430
 158  1.443975  3.7703  3.7674  0.8647  4.5042  3.9159  2.7348  2.4478  2.3347  2.3413
 159  1.444244  3.7695  3.7647  0.8643  4.5165  3.9275  2.7382  2.4490  2.3341  2.3399
 160  1.444511  3.7687  3.7621  0.8638  4.5290  3.9393  2.7418  2.4502  2.3338  2.3387
 161  1.444774  3.7679  3.7595  0.8633  4.5419  3.9515  2.7458  2.4517  2.3337  2.3377
 162  1.445630  3.7653  3.7514  0.8613  4.5821  3.9900  2.7591  2.4576  2.3343  2.3354
 163  1.446435  3.7625  3.7440  0.8576  4.6288  4.0350  2.7773  2.4682  2.3391  2.3370
 164  1.447192  3.7594  3.7372  0.8523  4.6839  4.0878  2.8005  2.4830  2.3479  2.3424
 165  1.447887  3.7562  3.7315  0.8454  4.7486  4.1490  2.8288  2.5026  2.3611  2.3519
 166  1.448514  3.7529  3.7269  0.8368  4.8209  4.2174  2.8620  2.5267  2.3784  2.3654
 167  1.449076  3.7494  3.7233  0.8268  4.8978  4.2906  2.8997  2.5547  2.3995  2.3824
 168  1.449579  3.7460  3.7206  0.8157  4.9788  4.3677  2.9406  2.5860  2.4236  2.4023
 169  1.450034  3.7425  3.7188  0.8038  5.0636  4.4480  2.9839  2.6195  2.4500  2.4245
 170  1.450455  3.7390  3.7173  0.7914  5.1514  4.5311  3.0288  2.6546  2.4781  2.4482
 171  1.450850  3.7355  3.7161  0.7788  5.2417  4.6164  3.0752  2.6909  2.5071  2.4729
 172  1.451233  3.7319  3.7147  0.7660  5.3352  4.7047  3.1230  2.7281  2.5368  2.4979
 173  1.451614  3.7282  3.7126  0.7532  5.4325  4.7963  3.1717  2.7659  2.5665  2.5229
 174  1.452009  3.7242  3.7091  0.7408  5.5350  4.8923  3.2212  2.8039  2.5961  2.5471
 175  1.452448  3.7197  3.7032  0.7291  5.6457  4.9952  3.2717  2.8416  2.6244  2.5694
 176  1.453012  3.7144  3.6910  0.7201  5.7679  5.1078  3.3210  2.8752  2.6464  2.5842
 177  1.453667  3.7088  3.6685  0.7203  5.8747  5.2039  3.3502  2.8878  2.6463  2.5764
 178  1.454205  3.7046  3.6436  0.7285  5.9359  5.2560  3.3524  2.8779  2.6267  2.5508
 179  1.454646  3.7015  3.6198  0.7405  5.9648  5.2781  3.3395  2.8562  2.5979  2.5178
 180  1.455010  3.6994  3.5977  0.7541  5.9718  5.2802  3.3179  2.8284  2.5650  2.4818
 181  1.455337  3.6978  3.5770  0.7682  5.9690  5.2734  3.2925  2.7980  2.5307  2.4448
 182  1.455767  3.6957  3.5486  0.7888  5.9557  5.2554  3.2529  2.7526  2.4805  2.3917
 183  1.456181  3.6941  3.5206  0.8102  5.9345  5.2301  3.2093  2.7041  2.4278  2.3365
 184  1.456583  3.6926  3.4928  0.8323  5.9086  5.2006  3.1634  2.6538  2.3738  2.2802
 185  1.456979  3.6912  3.4652  0.8545  5.8804  5.1692  3.1162  2.6025  2.3191  2.2234
 186  1.457371  3.6900  3.4379  0.8769  5.8495  5.1354  3.0681  2.5505  2.2639  2.1663
 187  1.457759  3.6888  3.4109  0.8994  5.8170  5.1003  3.0194  2.4983  2.2087  2.1093
 188  1.458146  3.6877  3.3840  0.9218  5.7838  5.0646  2.9706  2.4460  2.1536  2.0523
 189  1.458532  3.6866  3.3575  0.9441  5.7493  5.0279  2.9215  2.3937  2.0984  1.9955
 190  1.458916  3.6856  3.3311  0.9665  5.7147  4.9911  2.8724  2.3414  2.0435  1.9389
 191  1.459301  3.6845  3.3049  0.9888  5.6800  4.9542  2.8234  2.2894  1.9888  1.8825
 192  1.459684  3.6836  3.2788  1.0109  5.6452  4.9173  2.7746  2.2375  1.9343  1.8265
 193  1.460068  3.6825  3.2529  1.0330  5.6105  4.8806  2.7259  2.1858  1.8800  1.7705
 194  1.460450  3.6816  3.2270  1.0550  5.5759  4.8441  2.6774  2.1343  1.8259  1.7148
 195  1.460832  3.6806  3.2012  1.0771  5.5417  4.8079  2.6289  2.0828  1.7718  1.6591
 196  1.461213  3.6796  3.1753  1.0990  5.5079  4.7720  2.5806  2.0315  1.7179  1.6037
 197  1.461593  3.6786  3.1495  1.1210  5.4746  4.7369  2.5326  1.9804  1.6641  1.5483
 198  1.461973  3.6776  3.1238  1.1429  5.4412  4.7016  2.4846  1.9295  1.6105  1.4930
 199  1.462353  3.6766  3.0982  1.1646  5.4088  4.6675  2.4373  1.8789  1.5571  1.4381
 200  1.462732  3.6756  3.0725  1.1864  5.3762  4.6331  2.3897  1.8282  1.5038  1.3832
 201  1.463110  3.6746  3.0467  1.2083  5.3442  4.5995  2.3424  1.7777  1.4504  1.3281
 202  1.463485  3.6736  3.0208  1.2301  5.3118  4.5656  2.2947  1.7269  1.3967  1.2728
 203  1.463855  3.6725  2.9946  1.2522  5.2800  4.5321  2.2471  1.6759  1.3428  1.2171
 204  1.464224  3.6714  2.9681  1.2746  5.2486  4.4992  2.1994  1.6247  1.2885  1.1610
 205  1.464590  3.6703  2.9414  1.2969  5.2176  4.4667  2.1517  1.5734  1.2340  1.1047
 206  1.464952  3.6691  2.9144  1.3194  5.1867  4.4344  2.1038  1.5219  1.1792  1.0480
 207  1.465314  3.6680  2.8874  1.3419  5.1560  4.4023  2.0560  1.4704  1.1244  0.9913
 208  1.465669  3.6669  2.8600  1.3648  5.1254  4.3703  2.0077  1.4183  1.0688  0.9337
 209  1.466017  3.6656  2.8319  1.3880  5.0950  4.3387  1.9589  1.3655  1.0124  0.8753
 210  1.466360  3.6644  2.8037  1.4114  5.0648  4.3071  1.9099  1.3124  0.9556  0.8164
 211  1.466702  3.6631  2.7753  1.4349  5.0346  4.2759  1.8609  1.2591  0.8985  0.7573
 212  1.467044  3.6619  2.7470  1.4582  5.0054  4.2455  1.8125  1.2066  0.8421  0.6987
 213  1.467374  3.6605  2.7179  1.4822  4.9758  4.2147  1.7629  1.1526  0.7841  0.6385
 214  1.467698  3.6592  2.6884  1.5064  4.9464  4.1843  1.7132  1.0984  0.7255  0.5777
 215  1.468019  3.6578  2.6587  1.5307  4.9173  4.1544  1.6636  1.0444  0.6670  0.5169
 216  1.468340  3.6565  2.6293  1.5548  4.8887  4.1249  1.6146  0.9908  0.6090  0.4565
 217  1.468392  3.6563  2.6246  1.5587  4.8841  4.1203  1.6068  0.9823  0.5998  0.4469
 218  1.468444  3.6560  2.6199  1.5625  4.8797  4.1157  1.5990  0.9738  0.5906  0.4373
 219  1.468495  3.6558  2.6152  1.5663  4.8752  4.1112  1.5913  0.9654  0.5814  0.4277
 220  1.468547  3.6556  2.6105  1.5702  4.8708  4.1066  1.5836  0.9569  0.5722  0.4182
 221  1.468600  3.6554  2.6059  1.5740  4.8664  4.1021  1.5760  0.9485  0.5630  0.4087
 222  1.468651  3.6552  2.6012  1.5777  4.8622  4.0978  1.5683  0.9402  0.5540  0.3992
 223  1.468704  3.6549  2.5966  1.5815  4.8578  4.0933  1.5607  0.9319  0.5450  0.3898
 224  1.468756  3.6547  2.5920  1.5852  4.8535  4.0888  1.5532  0.9236  0.5361  0.3806
 225  1.468808  3.6545  2.5875  1.5889  4.8493  4.0846  1.5459  0.9156  0.5272  0.3714
 226  1.468860  3.6543  2.5830  1.5926  4.8454  4.0806  1.5387  0.9076  0.5185  0.3623
 227  1.469347  3.6530  2.5545  1.6160  4.8170  4.0515  1.4909  0.8556  0.4621  0.3035
 228  1.469837  3.6538  2.5663  1.6074  4.8212  4.0553  1.5055  0.8729  0.4822  0.3250
 229  1.470392  3.6561  2.6088  1.5745  4.8495  4.0841  1.5675  0.9429  0.5604  0.4072
 230  1.471049  3.6541  2.5682  1.6074  4.8128  4.0476  1.5026  0.8713  0.4817  0.3250
 231  1.471666  3.6505  2.4914  1.6696  4.7437  3.9785  1.3794  0.7357  0.3329  0.1697
 232  1.472217  3.6465  2.4126  1.7327  4.6784  3.9144  1.2575  0.6007  0.1829  0.0125
 233  1.472694  3.6426  2.3380  1.7919  4.6189  3.8572  1.1449  0.4757  0.0426 -0.1350
 234  1.473115  3.6388  2.2652  1.8496  4.5614  3.8033  1.0371  0.3558 -0.0934 -0.2785
 235  1.473482  3.6350  2.1947  1.9052  4.5063  3.7532  0.9352  0.2424 -0.2240 -0.4166
 236  1.473810  3.6314  2.1264  1.9589  4.4532  3.7067  0.8388  0.1353 -0.3495 -0.5498
 237  1.474099  3.6278  2.0604  2.0106  4.4020  3.6632  0.7479  0.0343 -0.4697 -0.6779
 238  1.474355  3.6242  1.9956  2.0610  4.3512  3.6208  0.6607 -0.0623 -0.5867 -0.8030
 239  1.474588  3.6205  1.9306  2.1114  4.3010  3.5802  0.5769 -0.1550 -0.7023 -0.9275
 240  1.474794  3.6169  1.8671  2.1603  4.2524  3.5418  0.4980 -0.2418 -0.8140 -1.0485
 241  1.474979  3.6132  1.8054  2.2076  4.2051  3.5051  0.4245 -0.3225 -0.9213 -1.1655
 242  1.475146  3.6096  1.7445  2.2542  4.1581  3.4690  0.3550 -0.3984 -1.0260 -1.2804
 243  1.475296  3.6060  1.6850  2.2995  4.1121  3.4340  0.2903 -0.4684 -1.1273 -1.3924
 244  1.475431  3.6026  1.6267  2.3439  4.0674  3.4002  0.2295 -0.5332 -1.2259 -1.5020
 245  1.475554  3.5991  1.5697  2.3870  4.0242  3.3674  0.1737 -0.5918 -1.3209 -1.6085
 246  1.475666  3.5957  1.5136  2.4294  3.9818  3.3349  0.1223 -0.6450 -1.4132 -1.7128
 247  1.475767  3.5922  1.4587  2.4707  3.9396  3.3022  0.0760 -0.6927 -1.5020 -1.8139
 248  1.475859  3.5888  1.4050  2.5108  3.8993  3.2708  0.0352 -0.7336 -1.5871 -1.9122
 249  1.475943  3.5856  1.3524  2.5501  3.8614  3.2401 -0.0001 -0.7674 -1.6691 -2.0080
 250  1.476020  3.5822  1.3006  2.5886  3.8258  3.2101 -0.0303 -0.7943 -1.7486 -2.1019
 251  1.476091  3.5790  1.2504  2.6260  3.7927  3.1810 -0.0549 -0.8140 -1.8245 -2.1928
 252  1.476156  3.5758  1.2011  2.6625  3.7615  3.1523 -0.0738 -0.8272 -1.8971 -2.2811
 253  1.476216  3.5727  1.1529  2.6982  3.7329  3.1245 -0.0859 -0.8326 -1.9661 -2.3669
 254  1.476271  3.5695  1.1056  2.7331  3.7075  3.0973 -0.0911 -0.8290 -2.0322 -2.4505
 255  1.476322  3.5665  1.0593  2.7672  3.6854  3.0715 -0.0890 -0.8182 -2.0940 -2.5309
 256  1.476369  3.5635  1.0143  2.8002  3.6667  3.0470 -0.0806 -0.8016 -2.1518 -2.6080
 257  1.476413  3.5605  0.9697  2.8327  3.6526  3.0260 -0.0644 -0.7805 -2.2051 -2.6820
 258  1.476453  3.5575  0.9263  2.8644  3.6431  3.0095 -0.0423 -0.7586 -2.2535 -2.7521
 259  1.476492  3.5546  0.8838  2.8951  3.6367  2.9936 -0.0111 -0.7279 -2.2971 -2.8185
 260  1.476527  3.5517  0.8421  2.9253  3.6339  2.9776  0.0322 -0.6836 -2.3353 -2.8817
 261  1.476560  3.5488  0.8014  2.9546  3.6351  2.9633  0.0948 -0.6153 -2.3664 -2.9413
 262  1.476591  3.5461  0.7614  2.9835  3.6400  2.9378  0.1754 -0.5143 -2.3923 -2.9982
 263  1.476620  3.5433  0.7221  3.0116  3.6478  2.9105  0.2676 -0.3994 -2.4121 -3.0514
 264  1.476647  3.5406  0.6837  3.0391  3.6575  2.8827  0.3676 -0.2783 -2.4261 -3.1007
 265  1.476672  3.5379  0.6460  3.0660  3.6693  2.8552  0.4775 -0.1512 -2.4326 -3.1453
 266  1.476696  3.5352  0.6092  3.0922  3.6814  2.8284  0.6039 -0.0223 -2.4261 -3.1823
 267  1.476719  3.5326  0.5730  3.1178  3.6938  2.8028  0.7459  0.1070 -2.4071 -3.2119
 268  1.476740  3.5299  0.5377  3.1428  3.7073  2.7795  0.8937  0.2349 -2.3813 -3.2368
 269  1.476761  3.5274  0.5029  3.1673  3.7222  2.7566  1.0447  0.3617 -2.3498 -3.2572
 270  1.476779  3.5249  0.4688  3.1912  3.7373  2.7373  1.1875  0.4743 -2.3162 -3.2743
 271  1.476798  3.5224  0.4354  3.2146  3.7509  2.7259  1.2963  0.5480 -2.2896 -3.2914
 272  1.476814  3.5199  0.4030  3.2372  3.7643  2.7226  1.3762  0.5893 -2.2679 -3.3075
 273  1.476831  3.5174  0.3709  3.2596  3.7778  2.7231  1.4455  0.6172 -2.2462 -3.3217
 274  1.476846  3.5150  0.3395  3.2814  3.7908  2.7275  1.5067  0.6332 -2.2240 -3.3337
 275  1.476861  3.5127  0.3089  3.3025  3.8026  2.7339  1.5588  0.6397 -2.2028 -3.3444
 276  1.476875  3.5103  0.2788  3.3232  3.8139  2.7421  1.6047  0.6401 -2.1814 -3.3535
 277  1.476889  3.5079  0.2490  3.3433  3.8248  2.7490  1.6506  0.6458 -2.1575 -3.3594
 278  1.476901  3.5058  0.2212  3.3624  3.8302  2.7522  1.6840  0.6449 -2.1407 -3.3680
 279  1.477335  3.5040  0.1980  3.3786  3.8328  2.7540  1.7067  0.6400 -2.1291 -3.3761
