#NUMBER OF AGES= 1
#----------------------------------------------------       
#MIX-LEN  Y      Z          Zeff        [Fe/H] [a/Fe]
# 1.9380  0.2925 2.9511E-02 2.9511E-02   0.28   0.00 
#----------------------------------------------------       
#**PHOTOMETRIC SYSTEM**: SkyMapper (AB)                     
#----------------------------------------------------       
#AGE= 3.750 EEPS=271
#EEP   M/Mo    LogTeff  LogG   LogL/Lo u       v       g       r       i       z
   8  0.118830  3.4976  5.2102 -2.7537 17.4931 17.0169 14.2860 13.3690 11.7409 11.1624
   9  0.143811  3.4978  5.1370 -2.5967 17.0677 16.5659 13.8891 12.9737 11.3519 10.7719
  10  0.186747  3.5027  5.0650 -2.3915 16.4353 15.8914 13.2989 12.3948 10.8198 10.2527
  11  0.229203  3.5087  5.0170 -2.2307 15.9130 15.3361 12.8107 11.9202 10.3948  9.8436
  12  0.259018  3.5125  4.9883 -2.1332 15.5977 15.0024 12.5146 11.6336 10.1371  9.5963
  13  0.284235  3.5157  4.9664 -2.0583 15.3566 14.7482 12.2873 11.4139  9.9393  9.4067
  14  0.300421  3.5176  4.9519 -2.0122 15.2106 14.5945 12.1494 11.2806  9.8184  9.2906
  15  0.309705  3.5187  4.9443 -1.9872 15.1309 14.5108 12.0738 11.2079  9.7523  9.2273
  16  0.316047  3.5194  4.9377 -1.9690 15.0746 14.4516 12.0206 11.1566  9.7050  9.1818
  17  0.321022  3.5199  4.9313 -1.9537 15.0281 14.4025 11.9768 11.1141  9.6655  9.1435
  18  0.325790  3.5204  4.9247 -1.9387 14.9828 14.3548 11.9342 11.0729  9.6269  9.1059
  19  0.329669  3.5209  4.9205 -1.9277 14.9486 14.3188 11.9019 11.0418  9.5982  9.0782
  20  0.330297  3.5204  4.9235 -1.9317 14.9647 14.3364 11.9163 11.0550  9.6092  9.0883
  21  0.331978  3.5214  4.9279 -1.9300 14.9479 14.3188 11.9000 11.0407  9.6013  9.0833
  22  0.338001  3.5220  4.9211 -1.9130 14.8957 14.2638 11.8507 10.9931  9.5570  9.0405
  23  0.346110  3.5228  4.9119 -1.8903 14.8273 14.1921 11.7861 10.9308  9.4986  8.9839
  24  0.435880  3.5368  4.8380 -1.6617 14.0859 13.4171 11.0757 10.2558  8.8908  8.4115
  25  0.474330  3.5447  4.8079 -1.5615 13.7550 13.0756 10.7443  9.9381  8.6218  8.1647
  26  0.495799  3.5504  4.7901 -1.5022 13.5595 12.8756 10.5444  9.7477  8.4600  8.0189
  27  0.511168  3.5547  4.7770 -1.4586 13.4161 12.7298 10.3942  9.6037  8.3403  7.9118
  28  0.523686  3.5583  4.7663 -1.4224 13.2973 12.6098 10.2673  9.4814  8.2411  7.8237
  29  0.534265  3.5617  4.7571 -1.3914 13.1949 12.5069 10.1559  9.3734  8.1564  7.7487
  30  0.544428  3.5650  4.7483 -1.3614 13.0960 12.4080 10.0467  9.2670  8.0746  7.6766
  31  0.555655  3.5685  4.7386 -1.3286 12.9882 12.3007  9.9266  9.1496  7.9852  7.5979
  32  0.569982  3.5735  4.7272 -1.2864 12.8484 12.1624  9.7673  8.9936  7.8685  7.4967
  33  0.589212  3.5805  4.7128 -1.2293 12.6554 11.9739  9.5415  8.7709  7.7089  7.3605
  34  0.613297  3.5897  4.6957 -1.1582 12.4028 11.7300  9.2409  8.4706  7.5057  7.1913
  35  0.624935  3.5933  4.6841 -1.1229 12.3150 11.6418  9.1158  8.3470  7.4108  7.1082
  36  0.649978  3.6039  4.6694 -1.0488 12.0424 11.3783  8.7878  8.0204  7.1979  6.9339
  37  0.760074  3.6526  4.6193 -0.7382 10.6398  9.9793  7.4582  6.7725  6.3286  6.1897
  38  0.785546  3.6635  4.6080 -0.6685 10.2844  9.6219  7.1828  6.5339  6.1412  6.0189
  39  0.803840  3.6718  4.5997 -0.6169 10.0125  9.3491  6.9785  6.3581  6.0026  5.8926
  40  0.827748  3.6829  4.5896 -0.5488  9.6250  8.9636  6.7127  6.1356  5.8207  5.7247
  41  0.847694  3.6914  4.5804 -0.4952  9.3240  8.6713  6.5172  5.9727  5.6822  5.5958
  42  0.859995  3.6962  4.5741 -0.4632  9.1479  8.5008  6.4028  5.8769  5.5999  5.5194
  43  0.871670  3.7009  4.5679 -0.4328  8.9839  8.3431  6.2967  5.7878  5.5228  5.4477
  44  0.883067  3.7052  4.5616 -0.4033  8.8250  8.1909  6.1951  5.7020  5.4483  5.3786
  45  0.894475  3.7095  4.5550 -0.3740  8.6673  8.0397  6.0951  5.6171  5.3744  5.3102
  46  0.906072  3.7138  4.5480 -0.3443  8.5088  7.8884  5.9957  5.5325  5.3004  5.2415
  47  0.917994  3.7181  4.5405 -0.3140  8.3491  7.7365  5.8961  5.4472  5.2254  5.1718
  48  0.930075  3.7223  4.5324 -0.2835  8.1910  7.5861  5.7976  5.3624  5.1502  5.1020
  49  0.942246  3.7264  4.5240 -0.2528  8.0357  7.4384  5.7004  5.2781  5.0752  5.0321
  50  0.954528  3.7304  4.5150 -0.2222  7.8822  7.2928  5.6048  5.1946  5.0002  4.9621
  51  0.966962  3.7343  4.5055 -0.1914  7.7302  7.1487  5.5100  5.1113  4.9250  4.8917
  52  0.973838  3.7365  4.5000 -0.1743  7.6483  7.0708  5.4584  5.0658  4.8838  4.8531
  53  0.980569  3.7385  4.4946 -0.1577  7.5699  6.9960  5.4082  5.0216  4.8439  4.8156
  54  0.987152  3.7404  4.4892 -0.1415  7.4945  6.9238  5.3594  4.9787  4.8050  4.7791
  55  0.993592  3.7424  4.4836 -0.1257  7.4219  6.8544  5.3121  4.9370  4.7672  4.7436
  56  0.999805  3.7441  4.4782 -0.1105  7.3531  6.7882  5.2669  4.8970  4.7307  4.7093
  57  1.005390  3.7456  4.4731 -0.0968  7.2918  6.7296  5.2264  4.8609  4.6978  4.6783
  58  1.010491  3.7471  4.4684 -0.0840  7.2360  6.6761  5.1893  4.8279  4.6676  4.6497
  59  1.015366  3.7485  4.4636 -0.0718  7.1832  6.6254  5.1537  4.7961  4.6384  4.6221
  60  1.020255  3.7498  4.4588 -0.0596  7.1307  6.5748  5.1183  4.7645  4.6094  4.5945
  61  1.025425  3.7512  4.4537 -0.0469  7.0763  6.5225  5.0814  4.7315  4.5790  4.5658
  62  1.031275  3.7527  4.4481 -0.0328  7.0165  6.4648  5.0407  4.6950  4.5455  4.5340
  63  1.038379  3.7544  4.4414 -0.0161  6.9458  6.3966  4.9927  4.6519  4.5059  4.4965
  64  1.047845  3.7566  4.4326  0.0058  6.8540  6.3079  4.9300  4.5957  4.4541  4.4473
  65  1.072368  3.7621  4.4069  0.0634  6.6204  6.0812  4.7663  4.4477  4.3170  4.3165
  66  1.097531  3.7673  4.3794  0.1216  6.3967  5.8621  4.6039  4.3000  4.1793  4.1847
  67  1.107025  3.7691  4.3692  0.1425  6.3183  5.7848  4.5460  4.2470  4.1299  4.1372
  68  1.103792  3.7685  4.3717  0.1365  6.3467  5.8114  4.5647  4.2638  4.1454  4.1518
  69  1.109010  3.7695  4.3651  0.1488  6.3025  5.7676  4.5309  4.2326  4.1160  4.1235
  70  1.114131  3.7703  4.3584  0.1609  6.2600  5.7253  4.4980  4.2021  4.0871  4.0955
  71  1.120825  3.7713  4.3501  0.1759  6.2085  5.6741  4.4577  4.1647  4.0517  4.0611
  72  1.132729  3.7729  4.3364  0.2004  6.1252  5.5914  4.3918  4.1031  3.9931  4.0043
  73  1.185453  3.7776  4.2712  0.3039  5.8049  5.2704  4.1189  3.8437  3.7428  3.7591
  74  1.197014  3.7786  4.2570  0.3264  5.7358  5.2008  4.0597  3.7874  3.6888  3.7061
  75  1.207484  3.7793  4.2430  0.3468  5.6767  5.1409  4.0071  3.7369  3.6395  3.6576
  76  1.219654  3.7798  4.2264  0.3698  5.6119  5.0750  3.9478  3.6795  3.5833  3.6019
  77  1.234889  3.7803  4.2047  0.3985  5.5338  4.9953  3.8747  3.6082  3.5129  3.5319
  78  1.249114  3.7805  4.1838  0.4250  5.4657  4.9253  3.8080  3.5424  3.4474  3.4665
  79  1.260114  3.7804  4.1676  0.4446  5.4182  4.8762  3.7592  3.4934  3.3983  3.4174
  80  1.268050  3.7801  4.1554  0.4582  5.3882  4.8448  3.7260  3.4594  3.3637  3.3823
  81  1.274581  3.7795  4.1447  0.4693  5.3665  4.8219  3.6998  3.4320  3.3353  3.3534
  82  1.278058  3.7792  4.1388  0.4752  5.3560  4.8105  3.6861  3.4175  3.3202  3.3378
  83  1.281362  3.7789  4.1330  0.4807  5.3464  4.8002  3.6735  3.4039  3.3059  3.3231
  84  1.284527  3.7785  4.1272  0.4859  5.3380  4.7911  3.6616  3.3910  3.2922  3.3089
  85  1.287611  3.7781  4.1216  0.4909  5.3304  4.7827  3.6501  3.3785  3.2788  3.2950
  86  1.290669  3.7777  4.1160  0.4959  5.3234  4.7749  3.6391  3.3663  3.2657  3.2813
  87  1.293736  3.7772  4.1103  0.5008  5.3167  4.7673  3.6283  3.3542  3.2527  3.2678
  88  1.296794  3.7767  4.1045  0.5056  5.3109  4.7605  3.6176  3.3422  3.2397  3.2542
  89  1.299965  3.7762  4.0987  0.5106  5.3044  4.7532  3.6067  3.3301  3.2265  3.2404
  90  1.303234  3.7757  4.0927  0.5157  5.2983  4.7463  3.5959  3.3179  3.2133  3.2265
  91  1.306605  3.7752  4.0867  0.5207  5.2922  4.7392  3.5847  3.3054  3.1997  3.2123
  92  1.309891  3.7748  4.0807  0.5257  5.2870  4.7331  3.5739  3.2931  3.1864  3.1984
  93  1.313125  3.7743  4.0750  0.5306  5.2823  4.7273  3.5634  3.2812  3.1734  3.1849
  94  1.316324  3.7737  4.0692  0.5353  5.2784  4.7224  3.5532  3.2696  3.1607  3.1714
  95  1.319557  3.7731  4.0633  0.5401  5.2748  4.7179  3.5432  3.2579  3.1480  3.1580
  96  1.322949  3.7726  4.0573  0.5450  5.2710  4.7128  3.5326  3.2458  3.1346  3.1440
  97  1.326741  3.7721  4.0509  0.5506  5.2653  4.7060  3.5204  3.2320  3.1197  3.1285
  98  1.350171  3.7715  4.0152  0.5923  5.1698  4.6058  3.4173  3.1284  3.0156  3.0239
  99  1.354161  3.7708  4.0079  0.5981  5.1641  4.5991  3.4046  3.1142  3.0002  3.0077
 100  1.358529  3.7701  3.9999  0.6048  5.1558  4.5895  3.3897  3.0979  2.9827  2.9895
 101  1.363723  3.7695  3.9904  0.6132  5.1417  4.5743  3.3701  3.0773  2.9609  2.9670
 102  1.369194  3.7688  3.9800  0.6227  5.1237  4.5556  3.3480  3.0543  2.9368  2.9422
 103  1.373939  3.7683  3.9707  0.6316  5.1056  4.5367  3.3269  3.0327  2.9144  2.9192
 104  1.377610  3.7681  3.9636  0.6391  5.0884  4.5190  3.3086  3.0142  2.8955  2.9002
 105  1.380389  3.7680  3.9582  0.6452  5.0732  4.5034  3.2932  2.9989  2.8801  2.8848
 106  1.382411  3.7682  3.9543  0.6504  5.0586  4.4886  3.2800  2.9861  2.8676  2.8725
 107  1.384127  3.7683  3.9506  0.6550  5.0459  4.4755  3.2681  2.9746  2.8563  2.8612
 108  1.385503  3.7685  3.9477  0.6592  5.0327  4.4621  3.2569  2.9639  2.8461  2.8512
 109  1.386581  3.7688  3.9454  0.6630  5.0198  4.4490  3.2464  2.9542  2.8369  2.8423
 110  1.387561  3.7690  3.9430  0.6666  5.0077  4.4367  3.2365  2.9449  2.8281  2.8338
 111  1.388433  3.7693  3.9409  0.6702  4.9953  4.4243  3.2268  2.9359  2.8198  2.8258
 112  1.389008  3.7696  3.9395  0.6726  4.9870  4.4158  3.2200  2.9296  2.8139  2.8201
 113  1.389552  3.7698  3.9381  0.6753  4.9780  4.4066  3.2128  2.9229  2.8077  2.8142
 114  1.390073  3.7700  3.9367  0.6778  4.9693  4.3977  3.2057  2.9163  2.8016  2.8083
 115  1.390582  3.7704  3.9353  0.6806  4.9594  4.3875  3.1977  2.9089  2.7949  2.8020
 116  1.391060  3.7707  3.9338  0.6835  4.9495  4.3773  3.1898  2.9015  2.7880  2.7955
 117  1.391527  3.7710  3.9324  0.6864  4.9393  4.3669  3.1815  2.8938  2.7811  2.7888
 118  1.391975  3.7714  3.9309  0.6897  4.9276  4.3549  3.1723  2.8853  2.7733  2.7814
 119  1.392400  3.7718  3.9292  0.6930  4.9159  4.3428  3.1629  2.8766  2.7654  2.7740
 120  1.392811  3.7723  3.9276  0.6967  4.9022  4.3289  3.1522  2.8669  2.7567  2.7657
 121  1.393203  3.7728  3.9258  0.7006  4.8873  4.3137  3.1411  2.8569  2.7477  2.7573
 122  1.393566  3.7734  3.9238  0.7051  4.8694  4.2957  3.1283  2.8456  2.7375  2.7476
 123  1.393907  3.7739  3.9217  0.7097  4.8508  4.2770  3.1150  2.8338  2.7270  2.7377
 124  1.394226  3.7746  3.9194  0.7147  4.8307  4.2568  3.1008  2.8214  2.7158  2.7272
 125  1.394524  3.7753  3.9170  0.7200  4.8092  4.2353  3.0857  2.8081  2.7039  2.7160
 126  1.394798  3.7761  3.9145  0.7254  4.7867  4.2127  3.0698  2.7942  2.6914  2.7042
 127  1.395037  3.7768  3.9116  0.7314  4.7627  4.1886  3.0528  2.7792  2.6779  2.6917
 128  1.395242  3.7776  3.9087  0.7377  4.7377  4.1636  3.0349  2.7635  2.6638  2.6784
 129  1.395398  3.7785  3.9057  0.7440  4.7129  4.1385  3.0166  2.7473  2.6493  2.6648
 130  1.395515  3.7792  3.9030  0.7499  4.6893  4.1147  2.9994  2.7322  2.6357  2.6520
 131  1.395601  3.7799  3.9016  0.7539  4.6720  4.0976  2.9876  2.7221  2.6269  2.6439
 132  1.395695  3.7804  3.8975  0.7598  4.6514  4.0769  2.9712  2.7070  2.6128  2.6303
 133  1.395765  3.7810  3.8933  0.7667  4.6264  4.0517  2.9518  2.6894  2.5966  2.6149
 134  1.395885  3.7814  3.8902  0.7717  4.6082  4.0334  2.9379  2.6769  2.5850  2.6038
 135  1.395964  3.7819  3.8854  0.7783  4.5860  4.0108  2.9197  2.6602  2.5693  2.5887
 136  1.396041  3.7824  3.8805  0.7855  4.5615  3.9859  2.9000  2.6422  2.5526  2.5725
 137  1.396214  3.7830  3.8755  0.7928  4.5364  3.9604  2.8800  2.6241  2.5356  2.5562
 138  1.396431  3.7837  3.8722  0.7992  4.5104  3.9342  2.8620  2.6088  2.5218  2.5432
 139  1.396625  3.7843  3.8703  0.8034  4.4914  3.9153  2.8498  2.5987  2.5129  2.5349
 140  1.396802  3.7848  3.8681  0.8076  4.4730  3.8971  2.8378  2.5886  2.5039  2.5264
 141  1.396966  3.7853  3.8654  0.8124  4.4532  3.8771  2.8243  2.5772  2.4935  2.5166
 142  1.397134  3.7858  3.8622  0.8175  4.4323  3.8562  2.8096  2.5646  2.4820  2.5057
 143  1.397337  3.7856  3.8645  0.8144  4.4424  3.8666  2.8182  2.5726  2.4895  2.5129
 144  1.397491  3.7846  3.8667  0.8086  4.4679  3.8922  2.8351  2.5866  2.5017  2.5242
 145  1.397662  3.7839  3.8675  0.8045  4.4881  3.9126  2.8475  2.5965  2.5099  2.5315
 146  1.397885  3.7831  3.8693  0.7997  4.5083  3.9333  2.8615  2.6084  2.5203  2.5411
 147  1.398122  3.7821  3.8713  0.7938  4.5360  3.9609  2.8790  2.6226  2.5324  2.5522
 148  1.398409  3.7797  3.8637  0.7920  4.5708  3.9943  2.8904  2.6268  2.5319  2.5491
 149  1.398687  3.7780  3.8516  0.7971  4.5784  4.0005  2.8827  2.6146  2.5161  2.5312
 150  1.398991  3.7762  3.8385  0.8033  4.5831  4.0035  2.8724  2.6000  2.4981  2.5113
 151  1.399399  3.7739  3.8258  0.8074  4.5995  4.0180  2.8684  2.5907  2.4845  2.4952
 152  1.399886  3.7721  3.8165  0.8093  4.6190  4.0358  2.8693  2.5868  2.4769  2.4855
 153  1.400392  3.7707  3.8107  0.8099  4.6347  4.0505  2.8718  2.5859  2.4734  2.4805
 154  1.400895  3.7697  3.8065  0.8102  4.6470  4.0620  2.8741  2.5857  2.4712  2.4772
 155  1.401395  3.7689  3.8028  0.8104  4.6577  4.0721  2.8762  2.5856  2.4692  2.4743
 156  1.401890  3.7680  3.7996  0.8107  4.6677  4.0816  2.8782  2.5854  2.4675  2.4716
 157  1.402382  3.7673  3.7965  0.8107  4.6783  4.0914  2.8803  2.5853  2.4658  2.4690
 158  1.402870  3.7665  3.7936  0.8109  4.6885  4.1010  2.8825  2.5853  2.4642  2.4666
 159  1.403354  3.7658  3.7907  0.8108  4.6992  4.1109  2.8849  2.5854  2.4628  2.4644
 160  1.403833  3.7650  3.7880  0.8108  4.7103  4.1214  2.8875  2.5857  2.4617  2.4624
 161  1.404306  3.7643  3.7852  0.8107  4.7221  4.1323  2.8905  2.5863  2.4607  2.4605
 162  1.405753  3.7617  3.7765  0.8094  4.7637  4.1712  2.9019  2.5898  2.4589  2.4559
 163  1.407132  3.7589  3.7684  0.8066  4.8110  4.2155  2.9182  2.5984  2.4619  2.4557
 164  1.408427  3.7558  3.7612  0.8019  4.8675  4.2686  2.9401  2.6122  2.4696  2.4599
 165  1.409620  3.7525  3.7549  0.7953  4.9331  4.3302  2.9679  2.6311  2.4820  2.4685
 166  1.410695  3.7491  3.7499  0.7870  5.0051  4.3986  3.0013  2.6550  2.4990  2.4814
 167  1.411657  3.7456  3.7460  0.7773  5.0831  4.4727  3.0392  2.6830  2.5197  2.4979
 168  1.412525  3.7420  3.7430  0.7664  5.1662  4.5513  3.0801  2.7140  2.5435  2.5174
 169  1.413322  3.7384  3.7406  0.7549  5.2535  4.6335  3.1231  2.7471  2.5694  2.5388
 170  1.414068  3.7349  3.7384  0.7429  5.3437  4.7184  3.1680  2.7817  2.5967  2.5616
 171  1.414784  3.7312  3.7362  0.7307  5.4369  4.8062  3.2146  2.8174  2.6247  2.5850
 172  1.415495  3.7275  3.7334  0.7186  5.5341  4.8976  3.2623  2.8540  2.6531  2.6084
 173  1.416230  3.7234  3.7292  0.7067  5.6369  4.9937  3.3109  2.8910  2.6815  2.6315
 174  1.417051  3.7188  3.7224  0.6955  5.7484  5.0971  3.3607  2.9276  2.7084  2.6523
 175  1.418022  3.7135  3.7092  0.6881  5.8652  5.2046  3.4059  2.9574  2.7265  2.6633
 176  1.419084  3.7083  3.6889  0.6875  5.9684  5.2974  3.4356  2.9715  2.7286  2.6581
 177  1.420149  3.7036  3.6636  0.6945  6.0417  5.3609  3.4438  2.9660  2.7123  2.6352
 178  1.421006  3.7005  3.6389  0.7070  6.0692  5.3816  3.4297  2.9430  2.6821  2.6006
 179  1.421710  3.6984  3.6169  0.7209  6.0751  5.3827  3.4075  2.9144  2.6486  2.5639
 180  1.422338  3.6968  3.5961  0.7351  6.0718  5.3754  3.3818  2.8838  2.6139  2.5268
 181  1.422918  3.6954  3.5762  0.7497  6.0623  5.3627  3.3538  2.8517  2.5783  2.4891
 182  1.423666  3.6937  3.5490  0.7705  6.0428  5.3391  3.3120  2.8049  2.5275  2.4357
 183  1.424390  3.6922  3.5219  0.7919  6.0180  5.3109  3.2673  2.7559  2.4748  2.3807
 184  1.425097  3.6909  3.4951  0.8138  5.9897  5.2794  3.2207  2.7053  2.4210  2.3250
 185  1.425791  3.6897  3.4682  0.8359  5.9591  5.2460  3.1732  2.6541  2.3667  2.2688
 186  1.426472  3.6886  3.4416  0.8581  5.9264  5.2107  3.1248  2.6023  2.3119  2.2122
 187  1.427145  3.6875  3.4152  0.8804  5.8926  5.1744  3.0760  2.5502  2.2571  2.1557
 188  1.427811  3.6864  3.3890  0.9027  5.8578  5.1373  3.0269  2.4980  2.2022  2.0992
 189  1.428466  3.6854  3.3629  0.9250  5.8222  5.0996  2.9776  2.4457  2.1472  2.0427
 190  1.429115  3.6844  3.3369  0.9473  5.7864  5.0616  2.9282  2.3934  2.0923  1.9862
 191  1.429756  3.6835  3.3110  0.9696  5.7503  5.0236  2.8789  2.3410  2.0375  1.9299
 192  1.430390  3.6825  3.2850  0.9918  5.7142  4.9855  2.8294  2.2889  1.9828  1.8735
 193  1.431016  3.6816  3.2592  1.0141  5.6783  4.9475  2.7801  2.2367  1.9281  1.8173
 194  1.431634  3.6806  3.2333  1.0364  5.6424  4.9097  2.7309  2.1845  1.8735  1.7612
 195  1.432245  3.6797  3.2075  1.0586  5.6068  4.8721  2.6816  2.1324  1.8189  1.7050
 196  1.432847  3.6788  3.1816  1.0809  5.5715  4.8350  2.6323  2.0802  1.7641  1.6487
 197  1.433442  3.6778  3.1556  1.1031  5.5370  4.7985  2.5835  2.0283  1.7096  1.5926
 198  1.434029  3.6769  3.1298  1.1254  5.5018  4.7616  2.5344  1.9764  1.6550  1.5365
 199  1.434611  3.6759  3.1040  1.1474  5.4679  4.7260  2.4859  1.9248  1.6009  1.4807
 200  1.435183  3.6749  3.0780  1.1697  5.4338  4.6902  2.4372  1.8732  1.5465  1.4248
 201  1.435747  3.6739  3.0520  1.1919  5.4002  4.6549  2.3887  1.8215  1.4920  1.3687
 202  1.436298  3.6729  3.0256  1.2144  5.3661  4.6193  2.3396  1.7692  1.4370  1.3121
 203  1.436835  3.6718  2.9988  1.2371  5.3325  4.5842  2.2902  1.7166  1.3813  1.2547
 204  1.437361  3.6707  2.9716  1.2602  5.2995  4.5497  2.2407  1.6635  1.3252  1.1966
 205  1.437878  3.6696  2.9441  1.2833  5.2668  4.5154  2.1913  1.6105  1.2689  1.1386
 206  1.438387  3.6685  2.9166  1.3064  5.2345  4.4817  2.1420  1.5575  1.2126  1.0804
 207  1.438884  3.6673  2.8888  1.3296  5.2022  4.4479  2.0923  1.5041  1.1559  1.0217
 208  1.439365  3.6661  2.8604  1.3535  5.1698  4.4143  2.0419  1.4499  1.0980  0.9619
 209  1.439827  3.6649  2.8313  1.3778  5.1374  4.3806  1.9908  1.3946  1.0390  0.9009
 210  1.440275  3.6635  2.8017  1.4023  5.1054  4.3472  1.9393  1.3388  0.9794  0.8390
 211  1.440716  3.6622  2.7719  1.4269  5.0740  4.3146  1.8880  1.2831  0.9196  0.7770
 212  1.441159  3.6610  2.7427  1.4511  5.0431  4.2826  1.8377  1.2285  0.8611  0.7163
 213  1.441576  3.6596  2.7121  1.4764  5.0119  4.2504  1.7858  1.1720  0.8002  0.6532
 214  1.441983  3.6581  2.6813  1.5016  4.9810  4.2184  1.7338  1.1154  0.7391  0.5897
 215  1.442383  3.6568  2.6502  1.5271  4.9503  4.1867  1.6817  1.0586  0.6777  0.5258
 216  1.442779  3.6554  2.6192  1.5527  4.9198  4.1555  1.6297  1.0020  0.6163  0.4619
 217  1.442839  3.6552  2.6145  1.5565  4.9152  4.1508  1.6220  0.9936  0.6071  0.4523
 218  1.442899  3.6549  2.6098  1.5603  4.9108  4.1463  1.6144  0.9852  0.5980  0.4429
 219  1.442959  3.6547  2.6053  1.5641  4.9065  4.1419  1.6068  0.9769  0.5890  0.4335
 220  1.443019  3.6545  2.6006  1.5678  4.9020  4.1373  1.5993  0.9687  0.5799  0.4241
 221  1.443080  3.6543  2.5961  1.5716  4.8975  4.1327  1.5917  0.9604  0.5710  0.4147
 222  1.443141  3.6540  2.5916  1.5753  4.8933  4.1285  1.5843  0.9523  0.5622  0.4055
 223  1.443203  3.6538  2.5872  1.5789  4.8889  4.1240  1.5769  0.9442  0.5534  0.3965
 224  1.443265  3.6536  2.5827  1.5824  4.8847  4.1198  1.5697  0.9363  0.5448  0.3874
 225  1.443329  3.6535  2.5784  1.5860  4.8804  4.1153  1.5624  0.9285  0.5362  0.3785
 226  1.443395  3.6532  2.5741  1.5895  4.8765  4.1114  1.5555  0.9209  0.5279  0.3698
 227  1.443980  3.6522  2.5500  1.6095  4.8506  4.0851  1.5143  0.8763  0.4796  0.3196
 228  1.444586  3.6542  2.5866  1.5813  4.8752  4.1095  1.5673  0.9362  0.5467  0.3902
 229  1.445288  3.6554  2.6073  1.5656  4.8870  4.1216  1.5959  0.9686  0.5837  0.4294
 230  1.446065  3.6525  2.5450  1.6165  4.8280  4.0626  1.4943  0.8573  0.4620  0.3025
 231  1.446760  3.6486  2.4658  1.6803  4.7590  3.9939  1.3689  0.7188  0.3093  0.1429
 232  1.447350  3.6448  2.3903  1.7407  4.6965  3.9330  1.2526  0.5900  0.1659 -0.0074
 233  1.447877  3.6409  2.3151  1.8005  4.6356  3.8750  1.1395  0.4646  0.0246 -0.1561
 234  1.448328  3.6371  2.2434  1.8573  4.5787  3.8223  1.0341  0.3474 -0.1092 -0.2973
 235  1.448724  3.6334  2.1731  1.9128  4.5232  3.7723  0.9329  0.2350 -0.2392 -0.4351
 236  1.449073  3.6298  2.1056  1.9659  4.4701  3.7263  0.8381  0.1298 -0.3631 -0.5668
 237  1.449381  3.6262  2.0396  2.0176  4.4177  3.6819  0.7475  0.0293 -0.4834 -0.6949
 238  1.449657  3.6225  1.9735  2.0690  4.3657  3.6390  0.6599 -0.0676 -0.6019 -0.8222
 239  1.449899  3.6188  1.9090  2.1189  4.3155  3.5987  0.5777 -0.1583 -0.7163 -0.9456
 240  1.450117  3.6152  1.8452  2.1680  4.2662  3.5600  0.4995 -0.2441 -0.8281 -1.0670
 241  1.450311  3.6115  1.7831  2.2155  4.2180  3.5228  0.4267 -0.3237 -0.9356 -1.1846
 242  1.450486  3.6078  1.7222  2.2621  4.1704  3.4862  0.3584 -0.3980 -1.0402 -1.2995
 243  1.450641  3.6043  1.6631  2.3071  4.1246  3.4513  0.2949 -0.4661 -1.1406 -1.4109
 244  1.450782  3.6008  1.6045  2.3516  4.0798  3.4171  0.2356 -0.5290 -1.2390 -1.5206
 245  1.450909  3.5973  1.5473  2.3949  4.0360  3.3836  0.1809 -0.5860 -1.3342 -1.6276
 246  1.451025  3.5939  1.4911  2.4373  3.9926  3.3501  0.1310 -0.6375 -1.4258 -1.7316
 247  1.451128  3.5904  1.4362  2.4785  3.9504  3.3174  0.0865 -0.6827 -1.5140 -1.8326
 248  1.451224  3.5870  1.3821  2.5190  3.9104  3.2854  0.0476 -0.7208 -1.5993 -1.9315
 249  1.451311  3.5837  1.3296  2.5581  3.8732  3.2546  0.0146 -0.7513 -1.6806 -2.0271
 250  1.451389  3.5803  1.2778  2.5966  3.8383  3.2243 -0.0134 -0.7746 -1.7597 -2.1211
 251  1.451462  3.5771  1.2275  2.6340  3.8056  3.1949 -0.0353 -0.7910 -1.8348 -2.2118
 252  1.451529  3.5739  1.1779  2.6708  3.7751  3.1659 -0.0508 -0.8000 -1.9068 -2.3004
 253  1.451590  3.5707  1.1296  2.7064  3.7479  3.1379 -0.0590 -0.7995 -1.9751 -2.3860
 254  1.451646  3.5676  1.0822  2.7415  3.7239  3.1108 -0.0602 -0.7918 -2.0399 -2.4691
 255  1.451699  3.5646  1.0360  2.7754  3.7036  3.0854 -0.0543 -0.7773 -2.1002 -2.5489
 256  1.451746  3.5615  0.9907  2.8086  3.6871  3.0623 -0.0416 -0.7580 -2.1563 -2.6253
 257  1.451792  3.5585  0.9460  2.8411  3.6762  3.0448 -0.0223 -0.7386 -2.2076 -2.6981
 258  1.451833  3.5555  0.9027  2.8726  3.6686  3.0285  0.0062 -0.7106 -2.2536 -2.7668
 259  1.451871  3.5526  0.8599  2.9036  3.6646  3.0121  0.0463 -0.6698 -2.2944 -2.8322
 260  1.451907  3.5497  0.8182  2.9337  3.6643  2.9949  0.0993 -0.6128 -2.3294 -2.8940
 261  1.451941  3.5468  0.7775  2.9630  3.6687  2.9737  0.1818 -0.5109 -2.3568 -2.9530
 262  1.451973  3.5440  0.7374  2.9918  3.6757  2.9462  0.2724 -0.3974 -2.3787 -3.0081
 263  1.452002  3.5412  0.6979  3.0200  3.6854  2.9177  0.3742 -0.2733 -2.3941 -3.0593
 264  1.452029  3.5384  0.6596  3.0474  3.6966  2.8892  0.4838 -0.1453 -2.4024 -3.1058
 265  1.452055  3.5357  0.6220  3.0742  3.7088  2.8611  0.6102 -0.0127 -2.3986 -3.1453
 266  1.452080  3.5331  0.5850  3.1004  3.7212  2.8347  0.7553  0.1204 -2.3799 -3.1761
 267  1.452103  3.5304  0.5488  3.1260  3.7345  2.8101  0.9046  0.2502 -2.3549 -3.2022
 268  1.452124  3.5278  0.5134  3.1510  3.7491  2.7869  1.0572  0.3786 -2.3239 -3.2238
 269  1.452145  3.5252  0.4786  3.1754  3.7644  2.7667  1.2047  0.4958 -2.2895 -3.2416
 270  1.452164  3.5226  0.4444  3.1994  3.7784  2.7544  1.3182  0.5735 -2.2618 -3.2591
 271  1.452182  3.5201  0.4112  3.2227  3.7920  2.7506  1.4005  0.6163 -2.2396 -3.2757
 272  1.452200  3.5177  0.3785  3.2455  3.8055  2.7510  1.4710  0.6447 -2.2177 -3.2905
 273  1.452216  3.5152  0.3465  3.2677  3.8186  2.7552  1.5335  0.6612 -2.1951 -3.3029
 274  1.452231  3.5128  0.3153  3.2893  3.8303  2.7612  1.5867  0.6680 -2.1737 -3.3142
 275  1.452247  3.5104  0.2847  3.3105  3.8409  2.7683  1.6324  0.6684 -2.1530 -3.3242
 276  1.452261  3.5080  0.2541  3.3311  3.8519  2.7752  1.6794  0.6743 -2.1283 -3.3302
 277  1.452274  3.5056  0.2250  3.3511  3.8580  2.7790  1.7148  0.6735 -2.1099 -3.3385
 278  1.452378  3.5036  0.1975  3.3700  3.8620  2.7824  1.7419  0.6675 -2.0948 -3.3471
