#NUMBER OF AGES= 1
#----------------------------------------------------       
#MIX-LEN  Y      Z          Zeff        [Fe/H] [a/Fe]
# 1.9380  0.2714 1.7313E-02 1.7313E-02   0.03   0.00 
#----------------------------------------------------       
#**PHOTOMETRIC SYSTEM**: SDSS (AB)                          
#----------------------------------------------------       
#AGE= 4.000 EEPS=272
#EEP   M/Mo    LogTeff  LogG   LogL/Lo sdss_u  sdss_g  sdss_r  sdss_i  sdss_z
   8  0.115181  3.5060  5.2499 -2.7733 17.8684 14.7157 13.2063 11.9551 11.2423
   9  0.134092  3.5060  5.1833 -2.6403 17.4847 14.3743 12.8733 11.6241 10.9111
  10  0.167018  3.5086  5.1072 -2.4586 16.9085 13.8667 12.3833 11.1574 10.4552
  11  0.211263  3.5159  5.0514 -2.2716 16.2290 13.2715 11.8187 10.6513  9.9813
  12  0.242867  3.5207  5.0184 -2.1589 15.8247 12.9125 11.4788 10.3465  9.6968
  13  0.272455  3.5248  4.9919 -2.0661 15.4968 12.6173 11.1997 10.0956  9.4624
  14  0.293044  3.5276  4.9738 -2.0054 15.2859 12.4253 11.0182  9.9319  9.3094
  15  0.303451  3.5289  4.9626 -1.9735 15.1776 12.3267 10.9248  9.8467  9.2293
  16  0.309752  3.5297  4.9548 -1.9537 15.1118 12.2663 10.8677  9.7942  9.1795
  17  0.314106  3.5302  4.9490 -1.9398 15.0657 12.2242 10.8277  9.7573  9.1446
  18  0.317145  3.5306  4.9446 -1.9296 15.0327 12.1940 10.7990  9.7308  9.1193
  19  0.319579  3.5309  4.9404 -1.9210 15.0051 12.1686 10.7750  9.7084  9.0977
  20  0.322217  3.5312  4.9351 -1.9106 14.9705 12.1373 10.7455  9.6809  9.0717
  21  0.324018  3.5313  4.9301 -1.9030 14.9492 12.1179 10.7266  9.6620  9.0528
  22  0.325704  3.5315  4.9278 -1.8976 14.9317 12.1016 10.7111  9.6479  9.0393
  23  0.328172  3.5319  4.9256 -1.8906 14.9076 12.0793 10.6901  9.6289  9.0218
  24  0.316624  3.5300  4.9350 -1.9195 15.0074 12.1721 10.7747  9.7077  9.0949
  25  0.317762  3.5294  4.9354 -1.9180 15.0033 12.1708 10.7711  9.7049  9.0909
  26  0.458582  3.5542  4.8230 -1.5533 13.7381 10.9652  9.6295  8.7010  8.1807
  27  0.476456  3.5584  4.8050 -1.5020 13.5627 10.7898  9.4602  8.5575  8.0544
  28  0.492138  3.5625  4.7895 -1.4563 13.4054 10.6297  9.3053  8.4301  7.9430
  29  0.505645  3.5663  4.7767 -1.4165 13.2676 10.4871  9.1666  8.3184  7.8466
  30  0.516410  3.5696  4.7668 -1.3841 13.1555 10.3693  9.0519  8.2271  7.7686
  31  0.526520  3.5729  4.7578 -1.3534 13.0485 10.2558  8.9409  8.1389  7.6944
  32  0.537930  3.5768  4.7479 -1.3186 12.9277 10.1257  8.8130  8.0387  7.6108
  33  0.552600  3.5818  4.7351 -1.2741 12.7729  9.9586  8.6480  7.9107  7.5046
  34  0.569949  3.5881  4.7199 -1.2205 12.5830  9.7537  8.4454  7.7553  7.3777
  35  0.588332  3.5951  4.7046 -1.1629 12.3867  9.5362  8.2369  7.5914  7.2415
  36  0.613754  3.6062  4.6883 -1.0849 12.0995  9.2156  7.9313  7.3600  7.0552
  37  0.631602  3.6140  4.6759 -1.0288 11.8907  8.9909  7.7239  7.1989  6.9242
  38  0.635136  3.6159  4.6704 -1.0112 11.8983  8.9408  7.6696  7.1550  6.8892
  39  0.661738  3.6288  4.6565 -0.9278 11.5426  8.5783  7.3523  6.9118  6.6923
  40  0.699444  3.6476  4.6403 -0.8131 10.9212  8.0663  6.9368  6.5801  6.4109
  41  0.783650  3.6881  4.6057 -0.5677  9.4043  7.0136  6.1478  5.9071  5.8014
  42  0.812918  3.7003  4.5924 -0.4897  8.9648  6.7108  5.9177  5.7032  5.6144
  43  0.828169  3.7064  4.5848 -0.4497  8.7354  6.5609  5.8023  5.6002  5.5202
  44  0.841723  3.7118  4.5776 -0.4141  8.5325  6.4306  5.7011  5.5096  5.4369
  45  0.854205  3.7168  4.5705 -0.3808  8.3467  6.3116  5.6084  5.4262  5.3602
  46  0.865340  3.7212  4.5639 -0.3508  8.1829  6.2065  5.5260  5.3518  5.2916
  47  0.875826  3.7252  4.5572 -0.3226  8.0311  6.1095  5.4489  5.2819  5.2272
  48  0.886048  3.7291  4.5503 -0.2953  7.8856  6.0177  5.3750  5.2142  5.1643
  49  0.896269  3.7328  4.5432 -0.2682  7.7449  5.9287  5.3026  5.1476  5.1024
  50  0.906460  3.7364  4.5357 -0.2415  7.6101  5.8414  5.2318  5.0825  5.0417
  51  0.916586  3.7399  4.5281 -0.2150  7.4809  5.7556  5.1624  5.0188  4.9823
  52  0.923497  3.7422  4.5226 -0.1971  7.3953  5.6980  5.1156  4.9757  4.9421
  53  0.930311  3.7444  4.5171 -0.1794  7.3122  5.6417  5.0697  4.9334  4.9025
  54  0.937026  3.7466  4.5115 -0.1621  7.2320  5.5870  5.0248  4.8920  4.8637
  55  0.943623  3.7486  4.5059 -0.1451  7.1547  5.5339  4.9811  4.8513  4.8255
  56  0.950098  3.7506  4.5001 -0.1284  7.0799  5.4822  4.9383  4.8116  4.7882
  57  0.956446  3.7525  4.4943 -0.1121  7.0079  5.4319  4.8965  4.7729  4.7517
  58  0.962703  3.7545  4.4885 -0.0959  6.9380  5.3827  4.8557  4.7349  4.7158
  59  0.968912  3.7562  4.4825 -0.0801  6.8695  5.3345  4.8152  4.6972  4.6803
  60  0.975147  3.7579  4.4765 -0.0643  6.8019  5.2864  4.7750  4.6597  4.6449
  61  0.981370  3.7597  4.4704 -0.0484  6.7356  5.2388  4.7351  4.6224  4.6096
  62  0.987523  3.7614  4.4641 -0.0329  6.6713  5.1922  4.6957  4.5856  4.5749
  63  0.993569  3.7629  4.4579 -0.0175  6.6090  5.1467  4.6573  4.5496  4.5407
  64  0.999466  3.7646  4.4517 -0.0026  6.5489  5.1024  4.6198  4.5144  4.5073
  65  1.005131  3.7659  4.4456  0.0119  6.4921  5.0600  4.5836  4.4805  4.4751
  66  1.010426  3.7672  4.4395  0.0254  6.4396  5.0203  4.5496  4.4485  4.4446
  67  1.015146  3.7685  4.4339  0.0378  6.3933  4.9848  4.5190  4.4197  4.4171
  68  1.016970  3.7690  4.4315  0.0432  6.3750  4.9698  4.5060  4.4074  4.4054
  69  1.017087  3.7693  4.4313  0.0445  6.3710  4.9666  4.5033  4.4049  4.4032
  70  1.020914  3.7703  4.4267  0.0549  6.3317  4.9365  4.4774  4.3807  4.3799
  71  1.026007  3.7714  4.4207  0.0678  6.2826  4.8989  4.4450  4.3500  4.3508
  72  1.035904  3.7734  4.4095  0.0911  6.1951  4.8315  4.3864  4.2945  4.2975
  73  1.040686  3.7745  4.4036  0.1033  6.1510  4.7968  4.3562  4.2660  4.2703
  74  1.045081  3.7756  4.3982  0.1145  6.1100  4.7646  4.3282  4.2394  4.2448
  75  1.048457  3.7764  4.3938  0.1238  6.0761  4.7378  4.3051  4.2177  4.2240
  76  1.043391  3.7767  4.4005  0.1167  6.0905  4.7545  4.3230  4.2360  4.2428
  77  1.046929  3.7775  4.3956  0.1266  6.0545  4.7265  4.2988  4.2131  4.2209
  78  1.050216  3.7784  4.3915  0.1358  6.0191  4.6994  4.2761  4.1919  4.2008
  79  1.053240  3.7794  4.3878  0.1446  5.9839  4.6733  4.2550  4.1723  4.1822
  80  1.055629  3.7803  4.3850  0.1520  5.9521  4.6503  4.2370  4.1557  4.1669
  81  1.057656  3.7812  4.3831  0.1588  5.9221  4.6293  4.2211  4.1414  4.1536
  82  1.059698  3.7820  4.3807  0.1647  5.8977  4.6113  4.2069  4.1282  4.1414
  83  1.061885  3.7826  4.3781  0.1709  5.8727  4.5929  4.1921  4.1145  4.1283
  84  1.064259  3.7833  4.3752  0.1773  5.8467  4.5735  4.1763  4.0997  4.1144
  85  1.066787  3.7840  4.3721  0.1842  5.8204  4.5536  4.1600  4.0844  4.0999
  86  1.069217  3.7846  4.3694  0.1907  5.7947  4.5343  4.1444  4.0697  4.0859
  87  1.071498  3.7853  4.3669  0.1969  5.7701  4.5160  4.1295  4.0558  4.0728
  88  1.073640  3.7859  4.3646  0.2027  5.7464  4.4986  4.1154  4.0426  4.0605
  89  1.075635  3.7866  4.3624  0.2083  5.7237  4.4821  4.1020  4.0302  4.0486
  90  1.077497  3.7873  4.3604  0.2137  5.7021  4.4663  4.0892  4.0182  4.0373
  91  1.079249  3.7879  4.3585  0.2188  5.6821  4.4514  4.0767  4.0064  4.0261
  92  1.080890  3.7885  4.3566  0.2237  5.6637  4.4376  4.0643  3.9947  4.0149
  93  1.082438  3.7891  4.3548  0.2284  5.6465  4.4244  4.0525  3.9833  4.0040
  94  1.083922  3.7895  4.3529  0.2331  5.6297  4.4115  4.0409  3.9723  3.9933
  95  1.085360  3.7901  4.3511  0.2376  5.6133  4.3989  4.0295  3.9613  3.9828
  96  1.086778  3.7906  4.3492  0.2422  5.5973  4.3864  4.0180  3.9504  3.9723
  97  1.088216  3.7911  4.3473  0.2467  5.5816  4.3740  4.0067  3.9395  3.9619
  98  1.089756  3.7917  4.3453  0.2513  5.5657  4.3613  3.9952  3.9284  3.9511
  99  1.091485  3.7921  4.3432  0.2561  5.5492  4.3481  3.9830  3.9166  3.9399
 100  1.093498  3.7926  4.3409  0.2612  5.5320  4.3340  3.9698  3.9040  3.9276
 101  1.095969  3.7932  4.3383  0.2670  5.5135  4.3186  3.9553  3.8900  3.9139
 102  1.099160  3.7937  4.3350  0.2738  5.4927  4.3006  3.9382  3.8734  3.8978
 103  1.103723  3.7943  4.3303  0.2827  5.4666  4.2775  3.9158  3.8515  3.8764
 104  1.112453  3.7949  4.3201  0.2985  5.4232  4.2367  3.8760  3.8123  3.8377
 105  1.211221  3.7923  4.1580  0.4862  4.9550  3.7633  3.4124  3.3483  3.3723
 106  1.212616  3.7926  4.1549  0.4910  4.9416  3.7507  3.4001  3.3364  3.3606
 107  1.213917  3.7931  4.1523  0.4957  4.9281  3.7379  3.3876  3.3244  3.3492
 108  1.214991  3.7933  4.1495  0.5001  4.9165  3.7266  3.3764  3.3136  3.3386
 109  1.215878  3.7937  4.1473  0.5043  4.9048  3.7154  3.3652  3.3030  3.3284
 110  1.216722  3.7941  4.1450  0.5084  4.8937  3.7046  3.3545  3.2927  3.3185
 111  1.217506  3.7945  4.1431  0.5125  4.8827  3.6938  3.3437  3.2824  3.3087
 112  1.218652  3.7953  4.1397  0.5191  4.8645  3.6764  3.3263  3.2660  3.2931
 113  1.219573  3.7960  4.1366  0.5254  4.8468  3.6593  3.3095  3.2502  3.2779
 114  1.220379  3.7968  4.1338  0.5317  4.8291  3.6423  3.2928  3.2345  3.2630
 115  1.221067  3.7975  4.1309  0.5379  4.8090  3.6249  3.2773  3.2202  3.2495
 116  1.221633  3.7983  4.1280  0.5438  4.7881  3.6074  3.2623  3.2063  3.2365
 117  1.222131  3.7991  4.1253  0.5498  4.7674  3.5903  3.2477  3.1929  3.2240
 118  1.222591  3.7998  4.1226  0.5556  4.7467  3.5732  3.2334  3.1798  3.2116
 119  1.222993  3.8005  4.1199  0.5613  4.7263  3.5564  3.2194  3.1669  3.1995
 120  1.223332  3.8012  4.1170  0.5670  4.7064  3.5399  3.2057  3.1543  3.1877
 121  1.223624  3.8018  4.1142  0.5725  4.6871  3.5238  3.1923  3.1420  3.1761
 122  1.223874  3.8023  4.1111  0.5778  4.6688  3.5083  3.1794  3.1299  3.1648
 123  1.224107  3.8029  4.1080  0.5832  4.6507  3.4929  3.1665  3.1180  3.1535
 124  1.224325  3.8034  4.1048  0.5884  4.6334  3.4779  3.1537  3.1061  3.1422
 125  1.224540  3.8039  4.1015  0.5936  4.6166  3.4632  3.1412  3.0944  3.1309
 126  1.224773  3.8042  4.0980  0.5988  4.6007  3.4489  3.1286  3.0825  3.1196
 127  1.225088  3.8045  4.0939  0.6040  4.5862  3.4350  3.1158  3.0702  3.1075
 128  1.225695  3.8042  4.0877  0.6094  4.5751  3.4218  3.1021  3.0563  3.0935
 129  1.227395  3.8033  4.0780  0.6158  4.5685  3.4086  3.0856  3.0384  3.0747
 130  1.230786  3.8025  4.0691  0.6228  4.5592  3.3938  3.0677  3.0196  3.0550
 131  1.234460  3.8019  4.0606  0.6302  4.5469  3.3771  3.0491  3.0002  3.0350
 132  1.238016  3.8016  4.0529  0.6376  4.5323  3.3596  3.0304  2.9811  3.0156
 133  1.241316  3.8012  4.0457  0.6448  4.5171  3.3422  3.0123  2.9627  2.9970
 134  1.244342  3.8006  4.0392  0.6500  4.5092  3.3305  2.9988  2.9485  2.9821
 135  1.247113  3.7994  4.0301  0.6550  4.5091  3.3222  2.9858  2.9337  2.9660
 136  1.249626  3.7984  4.0208  0.6610  4.5038  3.3104  2.9703  2.9168  2.9480
 137  1.252263  3.7972  4.0116  0.6668  4.4993  3.2993  2.9556  2.9006  2.9306
 138  1.254906  3.7963  4.0031  0.6721  4.4946  3.2888  2.9420  2.8856  2.9145
 139  1.257415  3.7954  3.9947  0.6779  4.4876  3.2770  2.9276  2.8700  2.8979
 140  1.259781  3.7945  3.9866  0.6835  4.4800  3.2652  2.9136  2.8548  2.8819
 141  1.262008  3.7938  3.9783  0.6897  4.4674  3.2513  2.8995  2.8395  2.8657
 142  1.264110  3.7931  3.9697  0.6962  4.4529  3.2360  2.8840  2.8231  2.8485
 143  1.266089  3.7926  3.9601  0.7043  4.4330  3.2163  2.8650  2.8034  2.8281
 144  1.267952  3.7922  3.9531  0.7101  4.4186  3.2019  2.8511  2.7887  2.8130
 145  1.269702  3.7917  3.9468  0.7150  4.4064  3.1901  2.8396  2.7766  2.8003
 146  1.271331  3.7913  3.9413  0.7198  4.3929  3.1780  2.8286  2.7651  2.7884
 147  1.272881  3.7908  3.9358  0.7238  4.3828  3.1685  2.8195  2.7552  2.7780
 148  1.274360  3.7906  3.9318  0.7272  4.3722  3.1599  2.8121  2.7475  2.7699
 149  1.275781  3.7900  3.9275  0.7298  4.3658  3.1540  2.8063  2.7408  2.7626
 150  1.277144  3.7896  3.9233  0.7326  4.3588  3.1477  2.8000  2.7338  2.7549
 151  1.278455  3.7889  3.9187  0.7354  4.3533  3.1418  2.7935  2.7264  2.7470
 152  1.279726  3.7884  3.9136  0.7382  4.3536  3.1374  2.7860  2.7178  2.7375
 153  1.280965  3.7875  3.9083  0.7409  4.3587  3.1344  2.7781  2.7088  2.7275
 154  1.282173  3.7867  3.9027  0.7433  4.3670  3.1329  2.7705  2.6998  2.7176
 155  1.283358  3.7857  3.8976  0.7455  4.3755  3.1317  2.7632  2.6914  2.7081
 156  1.284521  3.7849  3.8926  0.7474  4.3850  3.1311  2.7566  2.6834  2.6992
 157  1.285662  3.7840  3.8876  0.7491  4.3964  3.1315  2.7502  2.6757  2.6904
 158  1.286791  3.7831  3.8825  0.7508  4.4088  3.1323  2.7444  2.6683  2.6820
 159  1.287909  3.7821  3.8777  0.7522  4.4216  3.1339  2.7390  2.6616  2.6740
 160  1.289016  3.7811  3.8727  0.7535  4.4339  3.1356  2.7345  2.6556  2.6668
 161  1.290106  3.7800  3.8673  0.7546  4.4450  3.1376  2.7313  2.6505  2.6605
 162  1.293282  3.7766  3.8523  0.7574  4.4747  3.1435  2.7241  2.6382  2.6441
 163  1.296297  3.7731  3.8387  0.7579  4.5122  3.1561  2.7235  2.6320  2.6338
 164  1.299153  3.7693  3.8263  0.7560  4.5622  3.1764  2.7284  2.6311  2.6284
 165  1.301727  3.7652  3.8154  0.7513  4.6256  3.2057  2.7408  2.6370  2.6294
 166  1.303960  3.7609  3.8064  0.7441  4.7002  3.2431  2.7603  2.6496  2.6370
 167  1.305878  3.7566  3.7991  0.7348  4.7844  3.2854  2.7851  2.6679  2.6501
 168  1.307548  3.7524  3.7933  0.7242  4.8753  3.3307  2.8136  2.6901  2.6674
 169  1.309048  3.7483  3.7885  0.7129  4.9673  3.3793  2.8447  2.7146  2.6868
 170  1.310445  3.7440  3.7842  0.7010  5.0605  3.4304  2.8773  2.7407  2.7075
 171  1.311802  3.7399  3.7798  0.6891  5.1575  3.4828  2.9112  2.7675  2.7291
 172  1.313194  3.7355  3.7750  0.6769  5.2596  3.5371  2.9460  2.7952  2.7512
 173  1.314745  3.7309  3.7687  0.6651  5.3696  3.5939  2.9811  2.8224  2.7724
 174  1.316568  3.7258  3.7573  0.6566  5.4812  3.6456  3.0092  2.8419  2.7852
 175  1.318475  3.7209  3.7409  0.6540  5.5774  3.6825  3.0235  2.8477  2.7843
 176  1.320440  3.7160  3.7202  0.6561  5.6626  3.7083  3.0269  2.8426  2.7726
 177  1.322327  3.7122  3.6974  0.6640  5.7172  3.7141  3.0147  2.8234  2.7480
 178  1.323971  3.7094  3.6759  0.6751  5.7423  3.7044  2.9925  2.7962  2.7169
 179  1.325427  3.7074  3.6558  0.6877  5.7513  3.6866  2.9657  2.7657  2.6835
 180  1.326757  3.7059  3.6368  0.7009  5.7495  3.6642  2.9364  2.7335  2.6490
 181  1.328001  3.7045  3.6184  0.7144  5.7419  3.6392  2.9059  2.7006  2.6142
 182  1.329309  3.7034  3.5993  0.7292  5.7277  3.6102  2.8718  2.6643  2.5762
 183  1.330595  3.7023  3.5798  0.7448  5.7091  3.5784  2.8356  2.6261  2.5362
 184  1.331859  3.7013  3.5602  0.7611  5.6864  3.5442  2.7974  2.5862  2.4949
 185  1.333102  3.7004  3.5401  0.7779  5.6595  3.5079  2.7575  2.5447  2.4520
 186  1.334322  3.6996  3.5198  0.7953  5.6296  3.4699  2.7163  2.5018  2.4077
 187  1.335520  3.6989  3.4992  0.8131  5.5985  3.4310  2.6739  2.4580  2.3625
 188  1.336692  3.6981  3.4780  0.8316  5.5657  3.3906  2.6301  2.4128  2.3159
 189  1.337838  3.6972  3.4564  0.8504  5.5315  3.3491  2.5852  2.3662  2.2681
 190  1.338955  3.6964  3.4342  0.8698  5.4961  3.3063  2.5391  2.3186  2.2192
 191  1.340044  3.6956  3.4115  0.8896  5.4596  3.2623  2.4917  2.2696  2.1687
 192  1.341106  3.6948  3.3881  0.9101  5.4220  3.2169  2.4428  2.2192  2.1170
 193  1.342144  3.6940  3.3642  0.9311  5.3831  3.1702  2.3926  2.1673  2.0638
 194  1.343156  3.6932  3.3397  0.9528  5.3431  3.1221  2.3409  2.1141  2.0092
 195  1.344140  3.6925  3.3145  0.9749  5.3022  3.0728  2.2879  2.0594  1.9530
 196  1.345096  3.6915  3.2885  0.9977  5.2619  3.0223  2.2335  2.0033  1.8955
 197  1.346021  3.6906  3.2618  1.0211  5.2210  2.9706  2.1777  1.9456  1.8365
 198  1.346917  3.6897  3.2347  1.0451  5.1787  2.9174  2.1206  1.8866  1.7760
 199  1.347780  3.6889  3.2065  1.0696  5.1369  2.8635  2.0622  1.8264  1.7141
 200  1.348616  3.6877  3.1777  1.0946  5.0965  2.8092  2.0031  1.7650  1.6510
 201  1.349415  3.6868  3.1485  1.1203  5.0515  2.7522  1.9419  1.7018  1.5863
 202  1.350184  3.6858  3.1185  1.1464  5.0085  2.6951  1.8799  1.6377  1.5204
 203  1.350922  3.6847  3.0880  1.1729  4.9652  2.6373  1.8170  1.5725  1.4535
 204  1.351633  3.6835  3.0563  1.1998  4.9257  2.5803  1.7541  1.5068  1.3859
 205  1.352310  3.6823  3.0246  1.2272  4.8828  2.5212  1.6894  1.4396  1.3167
 206  1.352956  3.6811  2.9918  1.2552  4.8411  2.4616  1.6238  1.3713  1.2463
 207  1.353576  3.6799  2.9590  1.2833  4.7981  2.4013  1.5577  1.3025  1.1754
 208  1.354167  3.6786  2.9253  1.3118  4.7578  2.3414  1.4911  1.2330  1.1038
 209  1.354725  3.6774  2.8918  1.3407  4.7131  2.2792  1.4231  1.1623  1.0310
 210  1.355258  3.6760  2.8573  1.3700  4.6716  2.2176  1.3549  1.0910  0.9575
 211  1.355764  3.6743  2.8217  1.3994  4.6366  2.1584  1.2875  1.0199  0.8836
 212  1.356247  3.6729  2.7863  1.4289  4.5976  2.0972  1.2190  0.9480  0.8092
 213  1.356707  3.6714  2.7506  1.4587  4.5591  2.0360  1.1504  0.8759  0.7344
 214  1.357143  3.6699  2.7149  1.4885  4.5214  1.9751  1.0820  0.8038  0.6598
 215  1.357560  3.6682  2.6787  1.5184  4.4850  1.9145  1.0133  0.7315  0.5845
 216  1.357954  3.6666  2.6415  1.5492  4.4482  1.8523  0.9431  0.6573  0.5076
 217  1.358016  3.6664  2.6359  1.5538  4.4429  1.8431  0.9326  0.6462  0.4960
 218  1.358076  3.6661  2.6304  1.5585  4.4374  1.8338  0.9220  0.6350  0.4844
 219  1.358138  3.6659  2.6247  1.5631  4.4322  1.8245  0.9115  0.6239  0.4728
 220  1.358199  3.6656  2.6191  1.5677  4.4268  1.8152  0.9009  0.6127  0.4612
 221  1.358258  3.6654  2.6136  1.5723  4.4216  1.8060  0.8904  0.6017  0.4496
 222  1.358318  3.6652  2.6080  1.5770  4.4164  1.7968  0.8800  0.5906  0.4381
 223  1.358376  3.6648  2.6024  1.5815  4.4112  1.7877  0.8695  0.5795  0.4267
 224  1.358434  3.6646  2.5968  1.5861  4.4064  1.7787  0.8592  0.5686  0.4152
 225  1.358490  3.6644  2.5913  1.5907  4.4014  1.7697  0.8489  0.5576  0.4037
 226  1.358543  3.6641  2.5855  1.5953  4.3967  1.7607  0.8384  0.5465  0.3922
 227  1.359100  3.6617  2.5345  1.6373  4.3514  1.6779  0.7434  0.4458  0.2874
 228  1.359595  3.6614  2.5217  1.6490  4.3317  1.6523  0.7161  0.4172  0.2581
 229  1.360119  3.6636  2.5651  1.6141  4.3638  1.7190  0.7940  0.5006  0.3451
 230  1.360752  3.6628  2.5406  1.6357  4.3289  1.6716  0.7430  0.4478  0.2911
 231  1.361360  3.6592  2.4667  1.6954  4.2734  1.5576  0.6097  0.3053  0.1421
 232  1.361893  3.6557  2.3955  1.7527  4.2231  1.4497  0.4824  0.1689 -0.0008
 233  1.362366  3.6522  2.3257  1.8087  4.1777  1.3465  0.3596  0.0366 -0.1397
 234  1.362775  3.6489  2.2597  1.8613  4.1379  1.2508  0.2448 -0.0874 -0.2702
 235  1.363152  3.6453  2.1925  1.9147  4.1015  1.1559  0.1299 -0.2127 -0.4021
 236  1.363476  3.6418  2.1265  1.9670  4.0688  1.0644  0.0184 -0.3346 -0.5309
 237  1.363768  3.6384  2.0613  2.0183  4.0400  0.9766 -0.0894 -0.4536 -0.6571
 238  1.364028  3.6349  1.9969  2.0688  4.0149  0.8919 -0.1942 -0.5702 -0.7812
 239  1.364262  3.6313  1.9331  2.1184  3.9949  0.8114 -0.2949 -0.6835 -0.9028
 240  1.364469  3.6278  1.8706  2.1668  3.9777  0.7343 -0.3912 -0.7933 -1.0211
 241  1.364655  3.6242  1.8095  2.2139  3.9618  0.6607 -0.4834 -0.8997 -1.1364
 242  1.364823  3.6208  1.7494  2.2601  3.9470  0.5904 -0.5715 -1.0029 -1.2491
 243  1.364974  3.6174  1.6902  2.3055  3.9331  0.5233 -0.6556 -1.1033 -1.3597
 244  1.365109  3.6139  1.6327  2.3496  3.9200  0.4602 -0.7348 -1.1997 -1.4669
 245  1.365233  3.6106  1.5757  2.3931  3.9063  0.3992 -0.8107 -1.2940 -1.5727
 246  1.365345  3.6072  1.5204  2.4353  3.8937  0.3423 -0.8809 -1.3843 -1.6754
 247  1.365446  3.6039  1.4658  2.4766  3.8836  0.2900 -0.9457 -1.4714 -1.7757
 248  1.365537  3.6007  1.4126  2.5168  3.8758  0.2423 -1.0042 -1.5546 -1.8735
 249  1.365622  3.5975  1.3602  2.5562  3.8666  0.1980 -1.0591 -1.6353 -1.9693
 250  1.365700  3.5943  1.3088  2.5949  3.8552  0.1563 -1.1110 -1.7133 -2.0625
 251  1.365770  3.5911  1.2590  2.6324  3.8403  0.1170 -1.1604 -1.7885 -2.1524
 252  1.365835  3.5880  1.2098  2.6692  3.8245  0.0808 -1.2062 -1.8613 -2.2406
 253  1.365894  3.5849  1.1616  2.7051  3.8091  0.0485 -1.2464 -1.9308 -2.3264
 254  1.365949  3.5820  1.1146  2.7401  3.7941  0.0198 -1.2802 -1.9971 -2.4099
 255  1.366000  3.5790  1.0683  2.7744  3.7794 -0.0064 -1.3082 -2.0612 -2.4921
 256  1.366047  3.5761  1.0232  2.8078  3.7640 -0.0278 -1.3267 -2.1216 -2.5717
 257  1.366091  3.5731  0.9788  2.8405  3.7478 -0.0454 -1.3382 -2.1794 -2.6495
 258  1.366132  3.5702  0.9354  2.8724  3.7323 -0.0585 -1.3430 -2.2340 -2.7252
 259  1.366169  3.5673  0.8929  2.9034  3.7170 -0.0679 -1.3418 -2.2859 -2.7991
 260  1.366204  3.5646  0.8513  2.9339  3.7035 -0.0744 -1.3403 -2.3346 -2.8704
 261  1.366237  3.5618  0.8104  2.9635  3.6937 -0.0761 -1.3375 -2.3799 -2.9392
 262  1.366268  3.5590  0.7704  2.9926  3.6856 -0.0735 -1.3302 -2.4220 -3.0053
 263  1.366297  3.5563  0.7310  3.0210  3.6835 -0.0662 -1.3209 -2.4613 -3.0691
 264  1.366324  3.5536  0.6925  3.0486  3.6817 -0.0537 -1.3031 -2.4970 -3.1303
 265  1.366349  3.5509  0.6548  3.0758  3.6783 -0.0378 -1.2726 -2.5313 -3.1906
 266  1.366372  3.5483  0.6182  3.1021  3.6711 -0.0169 -1.2291 -2.5622 -3.2485
 267  1.366395  3.5458  0.5819  3.1280  3.6576  0.0229 -1.1477 -2.5844 -3.3035
 268  1.366415  3.5432  0.5465  3.1533  3.6319  0.0711 -1.0384 -2.6006 -3.3550
 269  1.366436  3.5407  0.5119  3.1779  3.6028  0.1298 -0.9118 -2.6107 -3.4028
 270  1.366454  3.5382  0.4779  3.2019  3.5703  0.2205 -0.7380 -2.6040 -3.4431
 271  1.366472  3.5358  0.4446  3.2256  3.5373  0.3226 -0.5522 -2.5902 -3.4785
 272  1.366489  3.5334  0.4121  3.2484  3.5083  0.4369 -0.3644 -2.5677 -3.5068
 273  1.366505  3.5311  0.3802  3.2709  3.4859  0.5606 -0.1896 -2.5379 -3.5277
 274  1.366521  3.5288  0.3489  3.2929  3.4666  0.6820 -0.0327 -2.5072 -3.5452
 275  1.366534  3.5265  0.3184  3.3143  3.4508  0.7962  0.0991 -2.4787 -3.5610
 276  1.366548  3.5242  0.2886  3.3353  3.4387  0.9017  0.2048 -2.4528 -3.5752
 277  1.366561  3.5220  0.2597  3.3555  3.4306  0.9983  0.2850 -2.4289 -3.5875
 278  1.366574  3.5197  0.2312  3.3749  3.4309  1.0819  0.3278 -2.4092 -3.5987
 279  1.366609  3.5177  0.2060  3.3920  3.4356  1.1489  0.3442 -2.3942 -3.6083
