#NUMBER OF AGES= 1
#----------------------------------------------------       
#MIX-LEN  Y      Z          Zeff        [Fe/H] [a/Fe]
# 1.9380  0.2714 1.7313E-02 1.7313E-02   0.03   0.00 
#----------------------------------------------------       
#**PHOTOMETRIC SYSTEM**: SDSS (AB)                          
#----------------------------------------------------       
#AGE= 4.250 EEPS=272
#EEP   M/Mo    LogTeff  LogG   LogL/Lo sdss_u  sdss_g  sdss_r  sdss_i  sdss_z
   8  0.110964  3.5060  5.2667 -2.8062 17.9626 14.7995 13.2882 12.0367 11.3240
   9  0.128476  3.5060  5.2014 -2.6774 17.5924 14.4700 12.9666 11.7165 11.0032
  10  0.155785  3.5072  5.1271 -2.5145 17.0990 14.0334 12.5429 11.3047 10.5963
  11  0.200359  3.5143  5.0639 -2.3136 16.3799 13.4047 11.9451 10.7649 10.0877
  12  0.233447  3.5193  5.0272 -2.1904 15.9375 13.0131 11.5741 10.4317  9.7762
  13  0.261122  3.5232  5.0005 -2.0993 15.6133 12.7231 11.2996 10.1854  9.5461
  14  0.285532  3.5265  4.9796 -2.0264 15.3586 12.4919 11.0811  9.9885  9.3622
  15  0.299571  3.5284  4.9656 -1.9842 15.2142 12.3603 10.9565  9.8756  9.2561
  16  0.307074  3.5294  4.9569 -1.9608 15.1360 12.2886 10.8888  9.8134  9.1975
  17  0.312195  3.5300  4.9504 -1.9446 15.0823 12.2396 10.8423  9.7706  9.1570
  18  0.315784  3.5304  4.9455 -1.9330 15.0443 12.2046 10.8092  9.7399  9.1279
  19  0.318573  3.5307  4.9410 -1.9234 15.0135 12.1765 10.7823  9.7150  9.1040
  20  0.321314  3.5311  4.9359 -1.9129 14.9783 12.1445 10.7525  9.6871  9.0775
  21  0.323186  3.5312  4.9309 -1.9052 14.9564 12.1244 10.7330  9.6679  9.0582
  22  0.324892  3.5314  4.9284 -1.8996 14.9385 12.1079 10.7172  9.6532  9.0444
  23  0.327177  3.5318  4.9262 -1.8931 14.9156 12.0867 10.6972  9.6353  9.0278
  24  0.330499  3.5322  4.9232 -1.8840 14.8859 12.0592 10.6710  9.6116  9.0053
  25  0.337839  3.5332  4.9170 -1.8639 14.8155 11.9944 10.6103  9.5570  8.9548
  26  0.440543  3.5506  4.8385 -1.6016 13.9049 11.1254  9.7797  8.8350  8.3012
  27  0.468413  3.5565  4.8124 -1.5243 13.6399 10.8674  9.5352  8.6202  8.1093
  28  0.485000  3.5605  4.7957 -1.4762 13.4748 10.7007  9.3740  8.4861  7.9916
  29  0.499792  3.5646  4.7814 -1.4329 13.3251 10.5469  9.2247  8.3647  7.8862
  30  0.511610  3.5681  4.7704 -1.3976 13.2029 10.4194  9.1007  8.2656  7.8012
  31  0.521791  3.5713  4.7612 -1.3668 13.0959 10.3065  8.9904  8.1778  7.7268
  32  0.532403  3.5749  4.7518 -1.3344 12.9832 10.1857  8.8721  8.0845  7.6486
  33  0.545432  3.5794  4.7405 -1.2948 12.8458 10.0374  8.7259  7.9705  7.5538
  34  0.561853  3.5851  4.7260 -1.2445 12.6685  9.8462  8.5366  7.8250  7.4342
  35  0.579943  3.5919  4.7105 -1.1879 12.4707  9.6304  8.3257  7.6621  7.3006
  36  0.598394  3.5993  4.6959 -1.1303 12.2777  9.4128  8.1210  7.4990  7.1640
  37  0.623125  3.6104  4.6806 -1.0538 11.9868  9.0926  7.8167  7.2708  6.9824
  38  0.628380  3.6126  4.6742 -1.0334 11.9511  9.0294  7.7574  7.2197  6.9384
  39  0.648909  3.6226  4.6619 -0.9667 11.7153  8.7515  7.5028  7.0262  6.7842
  40  0.679112  3.6375  4.6474 -0.8730 11.2608  8.3367  7.1521  6.7532  6.5592
  41  0.717143  3.6567  4.6320 -0.7577 10.5835  7.8202  6.7488  6.4239  6.2724
  42  0.786818  3.6899  4.6024 -0.5554  9.3345  6.9658  6.1113  5.8747  5.7715
  43  0.810691  3.6999  4.5912 -0.4913  8.9770  6.7181  5.9227  5.7073  5.6180
  44  0.825490  3.7059  4.5837 -0.4522  8.7539  6.5718  5.8100  5.6068  5.5259
  45  0.838496  3.7110  4.5767 -0.4179  8.5582  6.4461  5.7125  5.5195  5.4458
  46  0.850509  3.7157  4.5699 -0.3858  8.3789  6.3311  5.6228  5.4388  5.3715
  47  0.861302  3.7200  4.5633 -0.3567  8.2188  6.2284  5.5423  5.3662  5.3045
  48  0.871460  3.7240  4.5567 -0.3290  8.0705  6.1332  5.4669  5.2978  5.2414
  49  0.881302  3.7278  4.5500 -0.3024  7.9287  6.0432  5.3947  5.2317  5.1803
  50  0.891045  3.7314  4.5430 -0.2762  7.7918  5.9567  5.3244  5.1672  5.1202
  51  0.900780  3.7349  4.5359 -0.2503  7.6599  5.8722  5.2556  5.1038  5.0612
  52  0.907650  3.7373  4.5307 -0.2322  7.5700  5.8130  5.2077  5.0599  5.0202
  53  0.914460  3.7396  4.5253 -0.2143  7.4828  5.7549  5.1606  5.0166  4.9798
  54  0.921203  3.7419  4.5199 -0.1965  7.3981  5.6979  5.1144  4.9741  4.9401
  55  0.927861  3.7441  4.5143 -0.1790  7.3165  5.6425  5.0690  4.9322  4.9009
  56  0.934416  3.7462  4.5088 -0.1618  7.2372  5.5884  5.0247  4.8912  4.8625
  57  0.940849  3.7482  4.5030 -0.1450  7.1610  5.5358  4.9814  4.8511  4.8248
  58  0.947170  3.7503  4.4973 -0.1285  7.0874  5.4848  4.9391  4.8118  4.7879
  59  0.953367  3.7521  4.4914 -0.1124  7.0161  5.4351  4.8978  4.7734  4.7517
  60  0.959451  3.7539  4.4857 -0.0966  6.9472  5.3868  4.8575  4.7359  4.7163
  61  0.965433  3.7557  4.4797 -0.0811  6.8804  5.3395  4.8180  4.6990  4.6815
  62  0.971406  3.7573  4.4738 -0.0656  6.8147  5.2928  4.7788  4.6625  4.6469
  63  0.977392  3.7590  4.4677 -0.0502  6.7501  5.2463  4.7398  4.6260  4.6124
  64  0.983350  3.7606  4.4615 -0.0348  6.6868  5.2005  4.7011  4.5898  4.5781
  65  0.989231  3.7622  4.4553 -0.0198  6.6252  5.1556  4.6631  4.5542  4.5444
  66  0.994984  3.7637  4.4490 -0.0050  6.5660  5.1119  4.6259  4.5194  4.5113
  67  1.000606  3.7652  4.4427  0.0095  6.5090  5.0694  4.5898  4.4854  4.4790
  68  1.005991  3.7666  4.4365  0.0234  6.4549  5.0288  4.5548  4.4525  4.4477
  69  1.011033  3.7678  4.4305  0.0366  6.4048  4.9905  4.5219  4.4216  4.4181
  70  1.015531  3.7689  4.4250  0.0485  6.3604  4.9562  4.4923  4.3935  4.3913
  71  1.017533  3.7694  4.4220  0.0546  6.3401  4.9395  4.4777  4.3797  4.3782
  72  1.017428  3.7696  4.4222  0.0552  6.3380  4.9378  4.4764  4.3786  4.3772
  73  1.020552  3.7705  4.4180  0.0643  6.3043  4.9118  4.4541  4.3576  4.3572
  74  1.025039  3.7716  4.4126  0.0761  6.2600  4.8776  4.4244  4.3296  4.3306
  75  1.034971  3.7735  4.4008  0.0996  6.1730  4.8102  4.3654  4.2736  4.2767
  76  1.039371  3.7745  4.3952  0.1110  6.1314  4.7774  4.3369  4.2466  4.2509
  77  1.043356  3.7754  4.3900  0.1217  6.0929  4.7470  4.3105  4.2215  4.2269
  78  1.046059  3.7762  4.3863  0.1298  6.0625  4.7234  4.2901  4.2025  4.2088
  79  1.042129  3.7768  4.3919  0.1252  6.0683  4.7331  4.3020  4.2152  4.2221
  80  1.044906  3.7777  4.3880  0.1337  6.0355  4.7081  4.2809  4.1954  4.2034
  81  1.047970  3.7786  4.3842  0.1427  6.0012  4.6819  4.2588  4.1748  4.1837
  82  1.050510  3.7792  4.3808  0.1497  5.9747  4.6615  4.2417  4.1586  4.1684
  83  1.052890  3.7799  4.3776  0.1563  5.9488  4.6417  4.2254  4.1434  4.1539
  84  1.055077  3.7805  4.3748  0.1627  5.9238  4.6229  4.2101  4.1291  4.1405
  85  1.057047  3.7812  4.3723  0.1686  5.9002  4.6054  4.1960  4.1161  4.1282
  86  1.058881  3.7818  4.3701  0.1740  5.8771  4.5886  4.1828  4.1038  4.1168
  87  1.060720  3.7824  4.3681  0.1796  5.8540  4.5720  4.1696  4.0917  4.1053
  88  1.062637  3.7831  4.3658  0.1852  5.8305  4.5549  4.1561  4.0792  4.0936
  89  1.064679  3.7836  4.3633  0.1911  5.8064  4.5371  4.1420  4.0660  4.0812
  90  1.066880  3.7843  4.3606  0.1972  5.7817  4.5188  4.1271  4.0520  4.0680
  91  1.069149  3.7849  4.3579  0.2035  5.7566  4.5004  4.1120  4.0380  4.0547
  92  1.071308  3.7856  4.3555  0.2096  5.7322  4.4824  4.0977  4.0246  4.0420
  93  1.073356  3.7862  4.3532  0.2152  5.7090  4.4654  4.0840  4.0119  4.0299
  94  1.075295  3.7869  4.3510  0.2207  5.6865  4.4491  4.0708  3.9996  4.0184
  95  1.077122  3.7875  4.3490  0.2260  5.6647  4.4333  4.0581  3.9877  4.0073
  96  1.078842  3.7881  4.3470  0.2310  5.6443  4.4183  4.0460  3.9764  3.9966
  97  1.080463  3.7886  4.3450  0.2359  5.6249  4.4040  4.0341  3.9653  3.9860
  98  1.081991  3.7892  4.3430  0.2406  5.6076  4.3908  4.0227  3.9544  3.9756
  99  1.083449  3.7897  4.3410  0.2451  5.5914  4.3781  4.0113  3.9436  3.9652
 100  1.084864  3.7901  4.3390  0.2495  5.5761  4.3660  4.0005  3.9331  3.9552
 101  1.086296  3.7904  4.3368  0.2537  5.5616  4.3542  3.9896  3.9227  3.9451
 102  1.087790  3.7908  4.3345  0.2580  5.5477  4.3427  3.9789  3.9123  3.9349
 103  1.089378  3.7911  4.3320  0.2624  5.5340  4.3311  3.9680  3.9016  3.9244
 104  1.091093  3.7914  4.3295  0.2669  5.5202  4.3190  3.9565  3.8904  3.9135
 105  1.092973  3.7918  4.3266  0.2717  5.5061  4.3065  3.9445  3.8787  3.9019
 106  1.095086  3.7921  4.3236  0.2768  5.4911  4.2933  3.9317  3.8661  3.8896
 107  1.097551  3.7924  4.3205  0.2825  5.4748  4.2787  3.9175  3.8522  3.8760
 108  1.100494  3.7929  4.3169  0.2888  5.4568  4.2624  3.9016  3.8366  3.8606
 109  1.104162  3.7933  4.3125  0.2962  5.4360  4.2434  3.8829  3.8182  3.8426
 110  1.109055  3.7937  4.3069  0.3057  5.4101  4.2193  3.8592  3.7949  3.8195
 111  1.203124  3.7924  4.1484  0.4932  4.9359  3.7449  3.3947  3.3308  3.3550
 112  1.203516  3.7931  4.1457  0.4988  4.9198  3.7299  3.3800  3.3169  3.3418
 113  1.203810  3.7938  4.1431  0.5043  4.9040  3.7150  3.3651  3.3030  3.3285
 114  1.204037  3.7945  4.1405  0.5099  4.8883  3.7000  3.3503  3.2891  3.3153
 115  1.204192  3.7953  4.1382  0.5154  4.8732  3.6854  3.3357  3.2754  3.3024
 116  1.204280  3.7960  4.1358  0.5207  4.8580  3.6708  3.3212  3.2619  3.2896
 117  1.204322  3.7968  4.1335  0.5261  4.8430  3.6565  3.3070  3.2487  3.2771
 118  1.204309  3.7975  4.1313  0.5312  4.8255  3.6415  3.2936  3.2363  3.2657
 119  1.204250  3.7983  4.1289  0.5364  4.8073  3.6265  3.2810  3.2248  3.2547
 120  1.204145  3.7989  4.1266  0.5415  4.7893  3.6116  3.2684  3.2133  3.2442
 121  1.204000  3.7995  4.1242  0.5463  4.7721  3.5974  3.2565  3.2023  3.2339
 122  1.203818  3.8001  4.1216  0.5511  4.7556  3.5835  3.2447  3.1915  3.2237
 123  1.203627  3.8006  4.1187  0.5559  4.7397  3.5698  3.2332  3.1808  3.2136
 124  1.203426  3.8011  4.1157  0.5606  4.7246  3.5565  3.2218  3.1702  3.2034
 125  1.203235  3.8014  4.1123  0.5652  4.7103  3.5436  3.2105  3.1594  3.1931
 126  1.203115  3.8015  4.1083  0.5699  4.6978  3.5312  3.1989  3.1483  3.1822
 127  1.203397  3.8014  4.1033  0.5745  4.6881  3.5199  3.1874  3.1366  3.1705
 128  1.204076  3.8009  4.0976  0.5787  4.6821  3.5107  3.1768  3.1255  3.1589
 129  1.205100  3.8001  4.0904  0.5829  4.6802  3.5031  3.1660  3.1136  3.1462
 130  1.206658  3.7993  4.0845  0.5863  4.6790  3.4967  3.1571  3.1037  3.1355
 131  1.208359  3.7986  4.0789  0.5897  4.6773  3.4903  3.1484  3.0941  3.1251
 132  1.210172  3.7979  4.0734  0.5932  4.6749  3.4837  3.1396  3.0843  3.1147
 133  1.212090  3.7974  4.0679  0.5968  4.6717  3.4766  3.1305  3.0745  3.1042
 134  1.214089  3.7969  4.0627  0.6009  4.6654  3.4676  3.1202  3.0635  3.0927
 135  1.216167  3.7966  4.0582  0.6050  4.6577  3.4581  3.1099  3.0531  3.0819
 136  1.218310  3.7962  4.0533  0.6089  4.6515  3.4493  3.1001  3.0426  3.0711
 137  1.220468  3.7958  4.0484  0.6130  4.6446  3.4401  3.0898  3.0319  3.0600
 138  1.222665  3.7953  4.0428  0.6173  4.6378  3.4306  3.0790  3.0205  3.0481
 139  1.224909  3.7947  4.0370  0.6218  4.6304  3.4206  3.0681  3.0088  3.0358
 140  1.227196  3.7942  4.0310  0.6265  4.6209  3.4101  3.0573  2.9972  3.0237
 141  1.229504  3.7937  4.0237  0.6324  4.6066  3.3955  3.0431  2.9825  3.0084
 142  1.231844  3.7932  4.0153  0.6399  4.5871  3.3768  3.0251  2.9639  2.9894
 143  1.234169  3.7928  4.0066  0.6475  4.5682  3.3582  3.0074  2.9457  2.9705
 144  1.236446  3.7922  3.9982  0.6544  4.5508  3.3411  2.9909  2.9283  2.9527
 145  1.238665  3.7917  3.9900  0.6615  4.5330  3.3239  2.9745  2.9111  2.9350
 146  1.240801  3.7915  3.9843  0.6673  4.5141  3.3083  2.9610  2.8975  2.9211
 147  1.242864  3.7911  3.9791  0.6713  4.5029  3.2984  2.9517  2.8877  2.9107
 148  1.244842  3.7906  3.9731  0.6759  4.4911  3.2875  2.9414  2.8766  2.8990
 149  1.246724  3.7901  3.9671  0.6807  4.4779  3.2758  2.9303  2.8646  2.8866
 150  1.248529  3.7896  3.9604  0.6858  4.4667  3.2640  2.9180  2.8516  2.8728
 151  1.250261  3.7888  3.9530  0.6906  4.4615  3.2543  2.9057  2.8381  2.8583
 152  1.251926  3.7879  3.9454  0.6952  4.4634  3.2468  2.8927  2.8238  2.8430
 153  1.253526  3.7870  3.9377  0.6996  4.4685  3.2409  2.8802  2.8098  2.8278
 154  1.255067  3.7859  3.9301  0.7036  4.4767  3.2363  2.8681  2.7961  2.8129
 155  1.256552  3.7847  3.9224  0.7073  4.4874  3.2331  2.8565  2.7828  2.7983
 156  1.257985  3.7836  3.9148  0.7106  4.5004  3.2312  2.8458  2.7703  2.7845
 157  1.259364  3.7823  3.9071  0.7135  4.5163  3.2309  2.8359  2.7585  2.7710
 158  1.260691  3.7807  3.8993  0.7160  4.5318  3.2315  2.8281  2.7484  2.7593
 159  1.261967  3.7792  3.8915  0.7180  4.5450  3.2328  2.8226  2.7406  2.7496
 160  1.263195  3.7777  3.8842  0.7194  4.5590  3.2353  2.8188  2.7344  2.7415
 161  1.264346  3.7759  3.8769  0.7203  4.5759  3.2398  2.8170  2.7298  2.7349
 162  1.266505  3.7725  3.8632  0.7210  4.6113  3.2511  2.8155  2.7231  2.7242
 163  1.268611  3.7688  3.8507  0.7196  4.6594  3.2701  2.8197  2.7215  2.7182
 164  1.270666  3.7650  3.8395  0.7158  4.7185  3.2965  2.8298  2.7255  2.7175
 165  1.272588  3.7606  3.8294  0.7096  4.7908  3.3312  2.8467  2.7357  2.7227
 166  1.274331  3.7563  3.8208  0.7009  4.8759  3.3724  2.8699  2.7521  2.7339
 167  1.275893  3.7518  3.8137  0.6906  4.9706  3.4182  2.8979  2.7735  2.7498
 168  1.277312  3.7473  3.8077  0.6793  5.0678  3.4688  2.9294  2.7979  2.7689
 169  1.278643  3.7428  3.8022  0.6672  5.1676  3.5224  2.9632  2.8242  2.7895
 170  1.279944  3.7382  3.7963  0.6550  5.2725  3.5778  2.9980  2.8515  2.8110
 171  1.281285  3.7334  3.7895  0.6431  5.3828  3.6344  3.0331  2.8786  2.8319
 172  1.282756  3.7284  3.7806  0.6325  5.4973  3.6908  3.0660  2.9030  2.8498
 173  1.284485  3.7230  3.7681  0.6239  5.6160  3.7450  3.0952  2.9231  2.8625
 174  1.286672  3.7171  3.7492  0.6202  5.7349  3.7917  3.1148  2.9324  2.8638
 175  1.288941  3.7122  3.7249  0.6256  5.8148  3.8104  3.1107  2.9194  2.8440
 176  1.290895  3.7089  3.7019  0.6360  5.8544  3.8070  3.0917  2.8944  2.8143
 177  1.292622  3.7065  3.6805  0.6484  5.8716  3.7921  3.0660  2.8642  2.7807
 178  1.294201  3.7046  3.6601  0.6620  5.8746  3.7708  3.0367  2.8315  2.7453
 179  1.295667  3.7032  3.6407  0.6760  5.8678  3.7454  3.0050  2.7971  2.7089
 180  1.297054  3.7020  3.6219  0.6904  5.8554  3.7177  2.9721  2.7620  2.6719
 181  1.298376  3.7010  3.6036  0.7050  5.8386  3.6883  2.9384  2.7263  2.6344
 182  1.299604  3.7001  3.5871  0.7186  5.8193  3.6602  2.9067  2.6931  2.5998
 183  1.300835  3.6993  3.5701  0.7328  5.7970  3.6300  2.8732  2.6581  2.5637
 184  1.302066  3.6986  3.5527  0.7476  5.7720  3.5981  2.8383  2.6218  2.5261
 185  1.303297  3.6978  3.5349  0.7631  5.7445  3.5640  2.8015  2.5837  2.4869
 186  1.304525  3.6973  3.5166  0.7793  5.7147  3.5282  2.7630  2.5440  2.4460
 187  1.305752  3.6966  3.4977  0.7959  5.6840  3.4914  2.7233  2.5031  2.4040
 188  1.306975  3.6959  3.4782  0.8132  5.6516  3.4529  2.6821  2.4605  2.3602
 189  1.308194  3.6953  3.4580  0.8309  5.6180  3.4131  2.6394  2.4165  2.3152
 190  1.309404  3.6946  3.4373  0.8495  5.5826  3.3715  2.5951  2.3709  2.2684
 191  1.310605  3.6939  3.4159  0.8686  5.5459  3.3285  2.5492  2.3237  2.2201
 192  1.311794  3.6932  3.3938  0.8884  5.5075  3.2838  2.5016  2.2748  2.1701
 193  1.312967  3.6925  3.3708  0.9091  5.4677  3.2373  2.4521  2.2238  2.1179
 194  1.314124  3.6919  3.3471  0.9304  5.4269  3.1890  2.4008  2.1712  2.0641
 195  1.315267  3.6912  3.3228  0.9522  5.3856  3.1397  2.3484  2.1173  2.0091
 196  1.316390  3.6904  3.2977  0.9746  5.3438  3.0890  2.2944  2.0618  1.9524
 197  1.317494  3.6896  3.2719  0.9978  5.3011  3.0369  2.2388  2.0047  1.8941
 198  1.318572  3.6888  3.2452  1.0217  5.2577  2.9834  2.1817  1.9459  1.8338
 199  1.319624  3.6880  3.2175  1.0462  5.2137  2.9286  2.1230  1.8854  1.7720
 200  1.320649  3.6870  3.1887  1.0715  5.1706  2.8729  2.0629  1.8232  1.7083
 201  1.321638  3.6861  3.1595  1.0976  5.1236  2.8145  2.0005  1.7592  1.6427
 202  1.322598  3.6852  3.1293  1.1242  5.0781  2.7557  1.9372  1.6935  1.5755
 203  1.323524  3.6842  3.0980  1.1516  5.0323  2.6955  1.8722  1.6265  1.5066
 204  1.324416  3.6830  3.0657  1.1796  4.9889  2.6355  1.8064  1.5580  1.4362
 205  1.325271  3.6818  3.0326  1.2082  4.9432  2.5734  1.7388  1.4878  1.3641
 206  1.326089  3.6805  2.9984  1.2375  4.8987  2.5106  1.6698  1.4160  1.2901
 207  1.326878  3.6792  2.9639  1.2672  4.8531  2.4470  1.6001  1.3434  1.2155
 208  1.327632  3.6778  2.9283  1.2973  4.8106  2.3838  1.5299  1.2701  1.1398
 209  1.328346  3.6766  2.8930  1.3280  4.7629  2.3178  1.4577  1.1951  1.0626
 210  1.329027  3.6752  2.8565  1.3590  4.7187  2.2524  1.3853  1.1195  0.9847
 211  1.329670  3.6733  2.8181  1.3905  4.6819  2.1894  1.3132  1.0434  0.9056
 212  1.330287  3.6718  2.7802  1.4222  4.6401  2.1238  1.2399  0.9665  0.8259
 213  1.330875  3.6702  2.7420  1.4543  4.5985  2.0579  1.1662  0.8889  0.7455
 214  1.331438  3.6684  2.7029  1.4867  4.5590  1.9922  1.0918  0.8105  0.6641
 215  1.331974  3.6668  2.6635  1.5193  4.5190  1.9260  1.0172  0.7317  0.5823
 216  1.332488  3.6651  2.6242  1.5519  4.4806  1.8605  0.9429  0.6533  0.5007
 217  1.332560  3.6647  2.6185  1.5567  4.4753  1.8510  0.9321  0.6418  0.4887
 218  1.332632  3.6645  2.6126  1.5614  4.4697  1.8414  0.9211  0.6302  0.4767
 219  1.332705  3.6643  2.6068  1.5664  4.4644  1.8319  0.9101  0.6186  0.4647
 220  1.332778  3.6640  2.6009  1.5712  4.4588  1.8222  0.8991  0.6069  0.4526
 221  1.332851  3.6638  2.5950  1.5761  4.4536  1.8126  0.8881  0.5952  0.4404
 222  1.332925  3.6634  2.5891  1.5809  4.4481  1.8030  0.8771  0.5836  0.4284
 223  1.332998  3.6632  2.5834  1.5857  4.4427  1.7935  0.8662  0.5721  0.4163
 224  1.333070  3.6630  2.5775  1.5904  4.4374  1.7841  0.8555  0.5606  0.4044
 225  1.333142  3.6626  2.5718  1.5952  4.4320  1.7745  0.8446  0.5491  0.3925
 226  1.333212  3.6624  2.5659  1.6001  4.4267  1.7649  0.8334  0.5374  0.3803
 227  1.333868  3.6603  2.5185  1.6393  4.3841  1.6877  0.7450  0.4436  0.2825
 228  1.334488  3.6617  2.5433  1.6202  4.3960  1.7220  0.7869  0.4886  0.3300
 229  1.335217  3.6641  2.5872  1.5862  4.4180  1.7830  0.8611  0.5692  0.4148
 230  1.336040  3.6610  2.5183  1.6429  4.3571  1.6715  0.7331  0.4332  0.2733
 231  1.336766  3.6574  2.4433  1.7037  4.2991  1.5551  0.5971  0.2882  0.1217
 232  1.337376  3.6540  2.3735  1.7599  4.2500  1.4496  0.4726  0.1545 -0.0183
 233  1.337922  3.6505  2.3042  1.8155  4.2050  1.3472  0.3507  0.0232 -0.1562
 234  1.338397  3.6471  2.2381  1.8684  4.1656  1.2517  0.2358 -0.1011 -0.2870
 235  1.338823  3.6436  2.1705  1.9220  4.1296  1.1566  0.1207 -0.2268 -0.4195
 236  1.339193  3.6401  2.1040  1.9747  4.0974  1.0650  0.0089 -0.3494 -0.5492
 237  1.339521  3.6366  2.0386  2.0262  4.0691  0.9774 -0.0988 -0.4687 -0.6758
 238  1.339818  3.6330  1.9730  2.0776  4.0450  0.8924 -0.2044 -0.5866 -0.8018
 239  1.340075  3.6296  1.9102  2.1264  4.0253  0.8133 -0.3029 -0.6981 -0.9214
 240  1.340308  3.6260  1.8475  2.1750  4.0079  0.7366 -0.3987 -0.8079 -1.0401
 241  1.340518  3.6224  1.7854  2.2229  3.9913  0.6622 -0.4915 -0.9156 -1.1572
 242  1.340703  3.6189  1.7257  2.2687  3.9767  0.5934 -0.5778 -1.0175 -1.2690
 243  1.340869  3.6156  1.6667  2.3140  3.9623  0.5272 -0.6606 -1.1172 -1.3794
 244  1.341020  3.6120  1.6088  2.3583  3.9483  0.4645 -0.7390 -1.2136 -1.4870
 245  1.341155  3.6086  1.5523  2.4014  3.9347  0.4052 -0.8125 -1.3065 -1.5920
 246  1.341279  3.6054  1.4965  2.4439  3.9222  0.3490 -0.8814 -1.3969 -1.6952
 247  1.341392  3.6020  1.4413  2.4855  3.9134  0.2982 -0.9439 -1.4839 -1.7967
 248  1.341493  3.5987  1.3882  2.5258  3.9042  0.2518 -1.0011 -1.5665 -1.8942
 249  1.341586  3.5956  1.3359  2.5652  3.8932  0.2083 -1.0550 -1.6467 -1.9897
 250  1.341671  3.5924  1.2845  2.6038  3.8792  0.1673 -1.1064 -1.7243 -2.0826
 251  1.341748  3.5892  1.2340  2.6416  3.8630  0.1290 -1.1548 -1.7996 -2.1732
 252  1.341820  3.5861  1.1850  2.6783  3.8466  0.0943 -1.1984 -1.8712 -2.2608
 253  1.341885  3.5830  1.1369  2.7142  3.8310  0.0639 -1.2350 -1.9397 -2.3465
 254  1.341945  3.5799  1.0899  2.7493  3.8158  0.0360 -1.2656 -2.0056 -2.4303
 255  1.342001  3.5770  1.0434  2.7837  3.8000  0.0124 -1.2875 -2.0687 -2.5126
 256  1.342053  3.5740  0.9982  2.8170  3.7834 -0.0070 -1.3012 -2.1282 -2.5921
 257  1.342100  3.5711  0.9539  2.8495  3.7674 -0.0217 -1.3085 -2.1844 -2.6693
 258  1.342145  3.5681  0.9105  2.8814  3.7515 -0.0329 -1.3092 -2.2382 -2.7453
 259  1.342186  3.5653  0.8679  2.9125  3.7369 -0.0409 -1.3086 -2.2889 -2.8185
 260  1.342223  3.5625  0.8260  2.9428  3.7265 -0.0445 -1.3078 -2.3362 -2.8893
 261  1.342260  3.5596  0.7849  2.9727  3.7178 -0.0430 -1.3016 -2.3801 -2.9577
 262  1.342294  3.5569  0.7449  3.0016  3.7145 -0.0371 -1.2932 -2.4207 -3.0229
 263  1.342324  3.5541  0.7055  3.0300  3.7126 -0.0255 -1.2768 -2.4582 -3.0862
 264  1.342354  3.5514  0.6671  3.0577  3.7091 -0.0114 -1.2488 -2.4940 -3.1479
 265  1.342381  3.5487  0.6295  3.0847  3.7026  0.0099 -1.2050 -2.5259 -3.2074
 266  1.342407  3.5460  0.5924  3.1111  3.6905  0.0480 -1.1276 -2.5499 -3.2640
 267  1.342432  3.5434  0.5563  3.1369  3.6648  0.0975 -1.0162 -2.5664 -3.3165
 268  1.342455  3.5410  0.5210  3.1620  3.6348  0.1569 -0.8875 -2.5770 -3.3656
 269  1.342477  3.5384  0.4863  3.1867  3.6014  0.2434 -0.7193 -2.5734 -3.4078
 270  1.342497  3.5359  0.4522  3.2108  3.5677  0.3474 -0.5296 -2.5594 -3.4442
 271  1.342517  3.5335  0.4191  3.2342  3.5378  0.4638 -0.3379 -2.5368 -3.4735
 272  1.342535  3.5311  0.3865  3.2572  3.5146  0.5896 -0.1597 -2.5068 -3.4951
 273  1.342553  3.5287  0.3544  3.2797  3.4951  0.7150  0.0019 -2.4748 -3.5127
 274  1.342570  3.5264  0.3234  3.3015  3.4787  0.8298  0.1342 -2.4469 -3.5295
 275  1.342586  3.5241  0.2928  3.3229  3.4673  0.9393  0.2420 -2.4192 -3.5433
 276  1.342601  3.5218  0.2631  3.3437  3.4591  1.0374  0.3223 -2.3951 -3.5561
 277  1.342615  3.5196  0.2341  3.3638  3.4581  1.1161  0.3584 -2.3791 -3.5699
 278  1.342629  3.5172  0.2052  3.3832  3.4663  1.1964  0.3763 -2.3588 -3.5785
 279  1.342764  3.5155  0.1820  3.3992  3.4702  1.2474  0.3752 -2.3497 -3.5893
