#NUMBER OF AGES= 1
#----------------------------------------------------       
#MIX-LEN  Y      Z          Zeff        [Fe/H] [a/Fe]
# 1.9380  0.2925 2.9511E-02 2.9511E-02   0.28   0.00 
#----------------------------------------------------       
#**PHOTOMETRIC SYSTEM**: SkyMapper (AB)                     
#----------------------------------------------------       
#AGE= 4.500 EEPS=271
#EEP   M/Mo    LogTeff  LogG   LogL/Lo u       v       g       r       i       z
   9  0.123329  3.4976  5.1952 -2.7225 17.4102 16.9290 14.2087 13.2918 11.6643 11.0853
  10  0.150672  3.4982  5.1210 -2.5591 16.9607 16.4520 13.7891 12.8747 11.2570 10.6775
  11  0.193763  3.5039  5.0558 -2.3616 16.3369 15.7861 13.2072 12.3056 10.7405 10.1766
  12  0.228619  3.5086  5.0154 -2.2304 15.9130 15.3358 12.8110 11.9205 10.3945  9.8431
  13  0.253705  3.5119  4.9898 -2.1465 15.6420 15.0489 12.5568 11.6742 10.1729  9.6302
  14  0.277579  3.5148  4.9674 -2.0731 15.4074 14.8013 12.3358 11.4604  9.9796  9.4445
  15  0.295071  3.5170  4.9524 -2.0231 15.2472 14.6327 12.1845 11.3144  9.8476  9.3180
  16  0.305891  3.5183  4.9429 -1.9930 15.1517 14.5322 12.0941 11.2273  9.7685  9.2422
  17  0.313193  3.5191  4.9356 -1.9722 15.0870 14.4642 12.0330 11.1682  9.7143  9.1900
  18  0.318812  3.5197  4.9288 -1.9553 15.0353 14.4097 11.9842 11.1211  9.6705  9.1476
  19  0.322904  3.5202  4.9242 -1.9433 14.9985 14.3710 11.9495 11.0875  9.6395  9.1176
  20  0.324524  3.5199  4.9255 -1.9431 15.0010 14.3741 11.9512 11.0887  9.6397  9.1174
  21  0.326233  3.5206  4.9282 -1.9406 14.9839 14.3562 11.9348 11.0740  9.6302  9.1102
  22  0.329774  3.5210  4.9228 -1.9291 14.9495 14.3198 11.9024 11.0426  9.6006  9.0814
  23  0.333645  3.5213  4.9165 -1.9167 14.9136 14.2820 11.8687 11.0098  9.5691  9.0504
  24  0.338536  3.5219  4.9119 -1.9035 14.8726 14.2389 11.8299 10.9723  9.5346  9.0173
  25  0.340566  3.5211  4.9148 -1.9066 14.8906 14.2589 11.8457 10.9864  9.5448  9.0256
  26  0.455958  3.5409  4.8205 -1.6078 13.9102 13.2348 10.9028 10.0924  8.7465  8.2778
  27  0.503602  3.5511  4.7815 -1.4805 13.4904 12.8012 10.4848  9.6928  8.4039  7.9634
  28  0.504987  3.5530  4.7801 -1.4737 13.4673 12.7814 10.4486  9.6560  8.3824  7.9488
  29  0.518371  3.5569  4.7686 -1.4351 13.3406 12.6532 10.3142  9.5267  8.2765  7.8546
  30  0.529932  3.5605  4.7585 -1.4012 13.2292 12.5410 10.1939  9.4103  8.1839  7.7726
  31  0.540567  3.5639  4.7493 -1.3699 13.1256 12.4372 10.0799  9.2995  8.0981  7.6968
  32  0.551528  3.5674  4.7398 -1.3376 13.0194 12.3314  9.9617  9.1841  8.0100  7.6193
  33  0.564698  3.5718  4.7289 -1.2988 12.8917 12.2049  9.8173  9.0428  7.9036  7.5264
  34  0.581756  3.5779  4.7156 -1.2481 12.7218 12.0381  9.6203  8.8489  7.7623  7.4051
  35  0.603220  3.5860  4.6999 -1.1841 12.4985 11.8217  9.3560  8.5857  7.5811  7.2529
  36  0.627944  3.5958  4.6829 -1.1104 12.2378 11.5687  9.0418  8.2732  7.3703  7.0775
  37  0.639452  3.5997  4.6724 -1.0759 12.1440 11.4747  8.9151  8.1491  7.2772  6.9966
  38  0.661968  3.6098  4.6598 -1.0080 11.8874 11.2275  8.6116  7.8464  7.0829  6.8388
  39  0.746032  3.6477  4.6204 -0.7662 10.8086 10.1488  7.5742  6.8705  6.4058  6.2607
  40  0.774075  3.6598  4.6077 -0.6891 10.4143  9.7513  7.2645  6.5996  6.1964  6.0712
  41  0.794232  3.6688  4.5987 -0.6325 10.1117  9.4467  7.0398  6.4074  6.0438  5.9313
  42  0.811647  3.6769  4.5910 -0.5828  9.8299  9.1655  6.8458  6.2448  5.9110  5.8082
  43  0.830348  3.6854  4.5822 -0.5299  9.5269  8.8678  6.6473  6.0801  5.7724  5.6790
  44  0.842694  3.6906  4.5759 -0.4965  9.3420  8.6881  6.5255  5.9784  5.6857  5.5984
  45  0.854009  3.6952  4.5698 -0.4662  9.1765  8.5275  6.4176  5.8880  5.6081  5.5262
  46  0.864824  3.6995  4.5638 -0.4376  9.0209  8.3777  6.3166  5.8031  5.5348  5.4581
  47  0.875479  3.7037  4.5576 -0.4093  8.8694  8.2324  6.2191  5.7208  5.4632  5.3916
  48  0.886079  3.7078  4.5511 -0.3812  8.7190  8.0883  6.1235  5.6397  5.3926  5.3261
  49  0.896749  3.7117  4.5443 -0.3531  8.5695  7.9453  6.0290  5.5591  5.3223  5.2609
  50  0.907514  3.7157  4.5371 -0.3249  8.4209  7.8035  5.9357  5.4794  5.2523  5.1958
  51  0.918411  3.7197  4.5294 -0.2964  8.2729  7.6627  5.8432  5.3999  5.1820  5.1304
  52  0.925374  3.7221  4.5244 -0.2782  8.1802  7.5746  5.7851  5.3497  5.1373  5.0888
  53  0.932234  3.7245  4.5192 -0.2605  8.0905  7.4892  5.7288  5.3006  5.0935  5.0481
  54  0.938973  3.7268  4.5140 -0.2431  8.0031  7.4061  5.6739  5.2529  5.0507  5.0081
  55  0.945611  3.7289  4.5088 -0.2259  7.9183  7.3255  5.6206  5.2063  5.0088  4.9690
  56  0.952142  3.7311  4.5035 -0.2091  7.8356  7.2470  5.5688  5.1608  4.9678  4.9306
  57  0.958560  3.7331  4.4981 -0.1926  7.7555  7.1709  5.5185  5.1163  4.9276  4.8928
  58  0.964856  3.7351  4.4928 -0.1765  7.6780  7.0973  5.4694  5.0731  4.8884  4.8561
  59  0.971038  3.7370  4.4872 -0.1607  7.6036  7.0263  5.4218  5.0310  4.8502  4.8201
  60  0.977090  3.7388  4.4818 -0.1452  7.5318  6.9576  5.3753  4.9900  4.8130  4.7851
  61  0.983019  3.7406  4.4764 -0.1300  7.4626  6.8914  5.3302  4.9501  4.7767  4.7509
  62  0.988832  3.7423  4.4710 -0.1152  7.3959  6.8274  5.2862  4.9111  4.7413  4.7175
  63  0.994534  3.7439  4.4654 -0.1008  7.3314  6.7655  5.2434  4.8732  4.7066  4.6847
  64  1.000042  3.7455  4.4600 -0.0868  7.2701  6.7065  5.2025  4.8367  4.6731  4.6531
  65  1.005059  3.7468  4.4549 -0.0740  7.2144  6.6531  5.1650  4.8031  4.6424  4.6241
  66  1.009678  3.7482  4.4500 -0.0621  7.1635  6.6041  5.1305  4.7722  4.6138  4.5970
  67  1.014062  3.7493  4.4452 -0.0507  7.1152  6.5576  5.0975  4.7425  4.5865  4.5710
  68  1.018386  3.7505  4.4404 -0.0393  7.0682  6.5122  5.0650  4.7133  4.5595  4.5455
  69  1.022817  3.7516  4.4353 -0.0278  7.0208  6.4663  5.0322  4.6837  4.5322  4.5194
  70  1.027566  3.7527  4.4300 -0.0158  6.9711  6.4182  4.9977  4.6526  4.5033  4.4919
  71  1.032916  3.7541  4.4242 -0.0025  6.9165  6.3654  4.9599  4.6185  4.4717  4.4618
  72  1.039280  3.7556  4.4175  0.0128  6.8535  6.3045  4.9162  4.5790  4.4352  4.4271
  73  1.047450  3.7574  4.4089  0.0321  6.7757  6.2289  4.8616  4.5296  4.3893  4.3833
  74  1.065067  3.7611  4.3891  0.0738  6.6116  6.0694  4.7445  4.4230  4.2899  4.2880
  75  1.090828  3.7658  4.3565  0.1359  6.3819  5.8439  4.5728  4.2652  4.1416  4.1452
  76  1.104508  3.7679  4.3404  0.1660  6.2749  5.7381  4.4908  4.1892  4.0699  4.0758
  77  1.112130  3.7690  4.3306  0.1829  6.2179  5.6813  4.4456  4.1469  4.0296  4.0366
  78  1.107879  3.7683  4.3342  0.1747  6.2529  5.7146  4.4696  4.1686  4.0498  4.0559
  79  1.113851  3.7689  4.3257  0.1881  6.2097  5.6712  4.4338  4.1348  4.0173  4.0240
  80  1.122289  3.7696  4.3142  0.2058  6.1554  5.6168  4.3878  4.0908  3.9747  3.9822
  81  1.138863  3.7707  4.2918  0.2383  6.0599  5.5205  4.3033  4.0093  3.8951  3.9035
  82  1.164336  3.7712  4.2545  0.2872  5.9296  5.3877  4.1795  3.8873  3.7741  3.7830
  83  1.179126  3.7713  4.2332  0.3148  5.8572  5.3139  4.1098  3.8184  3.7057  3.7148
  84  1.186675  3.7713  4.2219  0.3288  5.8223  5.2779  4.0747  3.7835  3.6707  3.6799
  85  1.192905  3.7713  4.2121  0.3405  5.7945  5.2493  4.0459  3.7546  3.6416  3.6506
  86  1.198520  3.7711  4.2030  0.3510  5.7706  5.2243  4.0202  3.7285  3.6153  3.6241
  87  1.204008  3.7710  4.1940  0.3611  5.7476  5.2005  3.9954  3.7033  3.5898  3.5983
  88  1.209701  3.7707  4.1846  0.3716  5.7244  5.1763  3.9699  3.6775  3.5634  3.5717
  89  1.215843  3.7704  4.1745  0.3827  5.7002  5.1510  3.9426  3.6497  3.5352  3.5431
  90  1.222711  3.7701  4.1629  0.3953  5.6738  5.1233  3.9125  3.6188  3.5036  3.5111
  91  1.230167  3.7696  4.1501  0.4089  5.6460  5.0939  3.8797  3.5850  3.4689  3.4759
  92  1.237707  3.7691  4.1368  0.4228  5.6188  5.0653  3.8469  3.5511  3.4340  3.4403
  93  1.244911  3.7685  4.1240  0.4356  5.5948  5.0396  3.8164  3.5192  3.4012  3.4068
  94  1.251540  3.7679  4.1122  0.4471  5.5746  5.0180  3.7896  3.4911  3.3717  3.3766
  95  1.257413  3.7673  4.1019  0.4569  5.5587  5.0009  3.7672  3.4670  3.3464  3.3506
  96  1.262435  3.7666  4.0930  0.4651  5.5467  4.9877  3.7488  3.4472  3.3253  3.3288
  97  1.266836  3.7660  4.0851  0.4722  5.5373  4.9772  3.7332  3.4300  3.3070  3.3097
  98  1.270812  3.7655  4.0777  0.4786  5.5295  4.9683  3.7192  3.4146  3.2903  3.2924
  99  1.274426  3.7650  4.0709  0.4845  5.5220  4.9597  3.7061  3.4001  3.2748  3.2762
 100  1.277622  3.7644  4.0645  0.4902  5.5144  4.9511  3.6936  3.3865  3.2602  3.2611
 101  1.280317  3.7642  4.0588  0.4954  5.5059  4.9420  3.6816  3.3737  3.2469  3.2473
 102  1.282490  3.7640  4.0541  0.5003  5.4965  4.9320  3.6702  3.3620  3.2347  3.2349
 103  1.284250  3.7639  4.0500  0.5047  5.4864  4.9214  3.6594  3.3511  3.2237  3.2238
 104  1.285697  3.7640  4.0465  0.5088  5.4757  4.9105  3.6492  3.3409  3.2135  3.2137
 105  1.286888  3.7640  4.0435  0.5126  5.4649  4.8995  3.6394  3.3315  3.2043  3.2045
 106  1.287877  3.7642  4.0409  0.5162  5.4534  4.8880  3.6298  3.3224  3.1955  3.1960
 107  1.288696  3.7644  4.0385  0.5195  5.4431  4.8775  3.6209  3.3140  3.1873  3.1880
 108  1.289432  3.7646  4.0364  0.5228  5.4319  4.8664  3.6121  3.3056  3.1795  3.1803
 109  1.290127  3.7649  4.0344  0.5260  5.4204  4.8548  3.6031  3.2974  3.1717  3.1728
 110  1.290765  3.7651  4.0324  0.5292  5.4094  4.8439  3.5945  3.2894  3.1642  3.1655
 111  1.291380  3.7654  4.0306  0.5324  5.3980  4.8326  3.5859  3.2815  3.1567  3.1583
 112  1.292001  3.7656  4.0291  0.5349  5.3889  4.8235  3.5787  3.2748  3.1504  3.1523
 113  1.292708  3.7658  4.0275  0.5378  5.3787  4.8132  3.5708  3.2675  3.1435  3.1456
 114  1.293536  3.7661  4.0257  0.5409  5.3680  4.8024  3.5624  3.2596  3.1361  3.1385
 115  1.294541  3.7664  4.0236  0.5446  5.3551  4.7894  3.5523  3.2502  3.1273  3.1300
 116  1.295817  3.7667  4.0212  0.5488  5.3410  4.7753  3.5410  3.2396  3.1172  3.1202
 117  1.309925  3.7673  3.9941  0.5833  5.2491  4.6802  3.4526  3.1531  3.0321  3.0356
 118  1.310050  3.7677  3.9925  0.5865  5.2373  4.6682  3.4436  3.1449  3.0247  3.0286
 119  1.310161  3.7681  3.9910  0.5900  5.2236  4.6544  3.4335  3.1358  3.0166  3.0209
 120  1.310255  3.7687  3.9893  0.5935  5.2093  4.6401  3.4231  3.1265  3.0081  3.0130
 121  1.310334  3.7692  3.9874  0.5977  5.1929  4.6236  3.4112  3.1158  2.9985  3.0040
 122  1.310401  3.7697  3.9854  0.6020  5.1750  4.6057  3.3986  3.1048  2.9887  2.9948
 123  1.310462  3.7703  3.9831  0.6066  5.1559  4.5866  3.3852  3.0929  2.9781  2.9848
 124  1.310517  3.7709  3.9808  0.6115  5.1355  4.5665  3.3710  3.0805  2.9668  2.9744
 125  1.310569  3.7716  3.9781  0.6167  5.1141  4.5452  3.3562  3.0673  2.9549  2.9631
 126  1.310643  3.7721  3.9752  0.6221  5.0922  4.5234  3.3407  3.0535  2.9424  2.9512
 127  1.310883  3.7727  3.9718  0.6277  5.0701  4.5014  3.3247  3.0391  2.9291  2.9385
 128  1.311242  3.7733  3.9685  0.6335  5.0477  4.4792  3.3085  3.0245  2.9157  2.9257
 129  1.311582  3.7738  3.9650  0.6393  5.0256  4.4573  3.2922  3.0099  2.9020  2.9127
 130  1.311922  3.7744  3.9614  0.6450  5.0038  4.4356  3.2762  2.9952  2.8886  2.8998
 131  1.312243  3.7748  3.9576  0.6508  4.9824  4.4142  3.2601  2.9806  2.8749  2.8867
 132  1.312553  3.7754  3.9539  0.6566  4.9609  4.3927  3.2441  2.9661  2.8614  2.8737
 133  1.312856  3.7758  3.9500  0.6624  4.9396  4.3716  3.2281  2.9516  2.8477  2.8606
 134  1.313154  3.7762  3.9461  0.6682  4.9187  4.3507  3.2119  2.9369  2.8340  2.8473
 135  1.313448  3.7767  3.9421  0.6741  4.8985  4.3303  3.1958  2.9221  2.8201  2.8339
 136  1.313742  3.7771  3.9378  0.6801  4.8783  4.3100  3.1795  2.9071  2.8060  2.8203
 137  1.314035  3.7775  3.9338  0.6861  4.8575  4.2890  3.1629  2.8919  2.7918  2.8066
 138  1.314329  3.7779  3.9297  0.6920  4.8376  4.2689  3.1468  2.8771  2.7779  2.7932
 139  1.314627  3.7783  3.9253  0.6980  4.8175  4.2487  3.1305  2.8620  2.7637  2.7795
 140  1.314945  3.7785  3.9211  0.7032  4.8014  4.2323  3.1167  2.8491  2.7512  2.7672
 141  1.315278  3.7782  3.9218  0.7013  4.8096  4.2405  3.1225  2.8542  2.7557  2.7714
 142  1.315575  3.7775  3.9260  0.6945  4.8337  4.2648  3.1414  2.8715  2.7716  2.7865
 143  1.315866  3.7769  3.9288  0.6893  4.8536  4.2849  3.1565  2.8850  2.7838  2.7981
 144  1.316172  3.7761  3.9302  0.6848  4.8730  4.3045  3.1700  2.8967  2.7939  2.8072
 145  1.316500  3.7747  3.9269  0.6824  4.8957  4.3263  3.1804  2.9036  2.7980  2.8097
 146  1.316864  3.7722  3.9148  0.6849  4.9209  4.3490  3.1810  2.8981  2.7877  2.7967
 147  1.317243  3.7705  3.9002  0.6926  4.9250  4.3508  3.1671  2.8798  2.7661  2.7732
 148  1.317668  3.7688  3.8882  0.6981  4.9337  4.3573  3.1582  2.8667  2.7498  2.7551
 149  1.318171  3.7670  3.8783  0.7009  4.9517  4.3735  3.1572  2.8610  2.7404  2.7436
 150  1.318706  3.7658  3.8729  0.7017  4.9667  4.3871  3.1591  2.8594  2.7363  2.7381
 151  1.319231  3.7650  3.8692  0.7022  4.9769  4.3964  3.1602  2.8581  2.7334  2.7343
 152  1.319753  3.7643  3.8656  0.7031  4.9857  4.4043  3.1605  2.8562  2.7301  2.7301
 153  1.320274  3.7636  3.8621  0.7039  4.9943  4.4120  3.1607  2.8540  2.7265  2.7258
 154  1.320797  3.7628  3.8585  0.7048  5.0035  4.4200  3.1609  2.8519  2.7229  2.7213
 155  1.321319  3.7621  3.8550  0.7056  5.0130  4.4286  3.1612  2.8498  2.7194  2.7169
 156  1.321834  3.7613  3.8513  0.7063  5.0236  4.4381  3.1619  2.8480  2.7160  2.7127
 157  1.322341  3.7605  3.8477  0.7069  5.0343  4.4476  3.1630  2.8466  2.7130  2.7089
 158  1.322838  3.7596  3.8440  0.7073  5.0454  4.4577  3.1645  2.8458  2.7107  2.7055
 159  1.323325  3.7587  3.8404  0.7075  5.0574  4.4686  3.1667  2.8457  2.7088  2.7026
 160  1.323801  3.7579  3.8368  0.7076  5.0702  4.4802  3.1695  2.8462  2.7075  2.7003
 161  1.324254  3.7569  3.8335  0.7073  5.0843  4.4932  3.1730  2.8474  2.7068  2.6987
 162  1.325285  3.7542  3.8246  0.7056  5.1304  4.5352  3.1867  2.8538  2.7080  2.6967
 163  1.326273  3.7511  3.8166  0.7017  5.1867  4.5871  3.2069  2.8659  2.7140  2.6991
 164  1.327218  3.7477  3.8093  0.6959  5.2525  4.6489  3.2342  2.8837  2.7250  2.7060
 165  1.328099  3.7441  3.8027  0.6879  5.3292  4.7210  3.2681  2.9072  2.7410  2.7176
 166  1.328907  3.7402  3.7972  0.6783  5.4166  4.8026  3.3074  2.9358  2.7618  2.7336
 167  1.329649  3.7362  3.7923  0.6675  5.5109  4.8907  3.3511  2.9682  2.7860  2.7528
 168  1.330341  3.7321  3.7878  0.6558  5.6107  4.9842  3.3982  3.0034  2.8125  2.7741
 169  1.331006  3.7279  3.7831  0.6437  5.7158  5.0825  3.4477  3.0403  2.8403  2.7963
 170  1.331673  3.7233  3.7774  0.6316  5.8269  5.1860  3.4989  3.0784  2.8688  2.8189
 171  1.332387  3.7185  3.7694  0.6202  5.9449  5.2954  3.5509  3.1162  2.8962  2.8398
 172  1.333202  3.7130  3.7569  0.6113  6.0695  5.4101  3.6010  3.1502  2.9182  2.8544
 173  1.334149  3.7071  3.7365  0.6083  6.1911  5.5204  3.6403  3.1720  2.9263  2.8543
 174  1.335124  3.7019  3.7096  0.6148  6.2761  5.5945  3.6533  3.1696  2.9118  2.8325
 175  1.335953  3.6984  3.6841  0.6269  6.3112  5.6221  3.6429  3.1490  2.8830  2.7988
 176  1.336654  3.6960  3.6607  0.6409  6.3223  5.6279  3.6223  3.1211  2.8492  2.7616
 177  1.337279  3.6942  3.6388  0.6557  6.3210  5.6224  3.5966  3.0898  2.8134  2.7230
 178  1.337859  3.6928  3.6177  0.6709  6.3119  5.6099  3.5677  3.0565  2.7764  2.6837
 179  1.338411  3.6915  3.5974  0.6864  6.2990  5.5940  3.5372  3.0220  2.7387  2.6441
 180  1.338941  3.6903  3.5776  0.7019  6.2820  5.5745  3.5052  2.9866  2.7005  2.6043
 181  1.339455  3.6894  3.5582  0.7176  6.2623  5.5526  3.4722  2.9506  2.6620  2.5643
 182  1.340030  3.6884  3.5349  0.7369  6.2354  5.5231  3.4307  2.9059  2.6146  2.5153
 183  1.340602  3.6874  3.5116  0.7564  6.2070  5.4924  3.3885  2.8606  2.5666  2.4658
 184  1.341172  3.6863  3.4882  0.7760  6.1771  5.4604  3.3454  2.8147  2.5183  2.4159
 185  1.341741  3.6855  3.4650  0.7959  6.1457  5.4269  3.3016  2.7683  2.4694  2.3657
 186  1.342309  3.6846  3.4417  0.8159  6.1134  5.3928  3.2575  2.7215  2.4203  2.3152
 187  1.342878  3.6838  3.4185  0.8359  6.0806  5.3580  3.2131  2.6744  2.3711  2.2645
 188  1.343443  3.6829  3.3952  0.8561  6.0466  5.3222  3.1679  2.6268  2.3213  2.2135
 189  1.344007  3.6821  3.3717  0.8764  6.0125  5.2864  3.1226  2.5790  2.2713  2.1621
 190  1.344570  3.6812  3.3481  0.8970  5.9780  5.2500  3.0767  2.5308  2.2209  2.1103
 191  1.345128  3.6805  3.3240  0.9178  5.9430  5.2133  3.0302  2.4818  2.1697  2.0577
 192  1.345688  3.6796  3.3004  0.9385  5.9077  5.1763  2.9838  2.4329  2.1187  2.0055
 193  1.346264  3.6790  3.2781  0.9580  5.8743  5.1412  2.9399  2.3870  2.0709  1.9564
 194  1.346834  3.6782  3.2554  0.9779  5.8402  5.1056  2.8952  2.3399  2.0218  1.9061
 195  1.347375  3.6773  3.2303  0.9998  5.8036  5.0673  2.8462  2.2885  1.9680  1.8509
 196  1.347909  3.6765  3.2047  1.0221  5.7667  5.0286  2.7965  2.2361  1.9132  1.7948
 197  1.348436  3.6755  3.1786  1.0448  5.7298  4.9899  2.7462  2.1830  1.8577  1.7377
 198  1.348957  3.6747  3.1521  1.0678  5.6925  4.9510  2.6953  2.1292  1.8013  1.6798
 199  1.349471  3.6737  3.1250  1.0911  5.6547  4.9115  2.6435  2.0745  1.7440  1.6209
 200  1.349979  3.6727  3.0976  1.1148  5.6169  4.8720  2.5913  2.0193  1.6860  1.5613
 201  1.350479  3.6717  3.0697  1.1389  5.5788  4.8323  2.5384  1.9632  1.6270  1.5007
 202  1.350972  3.6706  3.0415  1.1632  5.5405  4.7926  2.4850  1.9067  1.5676  1.4396
 203  1.351457  3.6696  3.0128  1.1878  5.5023  4.7528  2.4311  1.8494  1.5073  1.3775
 204  1.351934  3.6685  2.9835  1.2128  5.4646  4.7136  2.3770  1.7918  1.4464  1.3147
 205  1.352403  3.6673  2.9538  1.2381  5.4267  4.6743  2.3223  1.7334  1.3847  1.2511
 206  1.352864  3.6661  2.9237  1.2635  5.3898  4.6357  2.2676  1.6749  1.3227  1.1872
 207  1.353308  3.6649  2.8928  1.2896  5.3523  4.5970  2.2116  1.6148  1.2590  1.1213
 208  1.353740  3.6636  2.8612  1.3162  5.3153  4.5585  2.1553  1.5543  1.1945  1.0547
 209  1.354159  3.6623  2.8290  1.3432  5.2780  4.5200  2.0982  1.4928  1.1290  0.9869
 210  1.354569  3.6609  2.7965  1.3704  5.2412  4.4820  2.0409  1.4311  1.0629  0.9186
 211  1.354968  3.6595  2.7634  1.3980  5.2050  4.4445  1.9834  1.3688  0.9962  0.8494
 212  1.355356  3.6581  2.7299  1.4258  5.1686  4.4068  1.9254  1.3061  0.9288  0.7796
 213  1.355736  3.6566  2.6960  1.4539  5.1326  4.3698  1.8673  1.2432  0.8610  0.7092
 214  1.356113  3.6550  2.6617  1.4821  5.0984  4.3346  1.8099  1.1806  0.7933  0.6388
 215  1.356494  3.6536  2.6282  1.5097  5.0639  4.2993  1.7532  1.1191  0.7266  0.5695
 216  1.356923  3.6521  2.5965  1.5358  5.0318  4.2667  1.7003  1.0615  0.6640  0.5043
 217  1.356985  3.6520  2.5937  1.5382  5.0286  4.2634  1.6954  1.0562  0.6583  0.4985
 218  1.357051  3.6519  2.5918  1.5399  5.0255  4.2602  1.6914  1.0521  0.6541  0.4941
 219  1.357113  3.6520  2.5906  1.5409  5.0233  4.2580  1.6888  1.0495  0.6513  0.4914
 220  1.357169  3.6519  2.5900  1.5417  5.0217  4.2564  1.6871  1.0478  0.6498  0.4898
 221  1.357221  3.6519  2.5897  1.5420  5.0206  4.2552  1.6861  1.0468  0.6487  0.4887
 222  1.357268  3.6519  2.5894  1.5423  5.0198  4.2544  1.6853  1.0460  0.6480  0.4881
 223  1.357314  3.6519  2.5894  1.5425  5.0193  4.2538  1.6848  1.0456  0.6476  0.4876
 224  1.357360  3.6519  2.5893  1.5425  5.0189  4.2535  1.6846  1.0454  0.6474  0.4875
 225  1.357408  3.6520  2.5896  1.5424  5.0189  4.2534  1.6848  1.0456  0.6478  0.4879
 226  1.357456  3.6520  2.5904  1.5417  5.0195  4.2540  1.6859  1.0470  0.6493  0.4894
 227  1.358028  3.6544  2.6386  1.5030  5.0625  4.2968  1.7618  1.1305  0.7417  0.5860
 228  1.358706  3.6539  2.6193  1.5208  5.0295  4.2638  1.7211  1.0884  0.6981  0.5416
 229  1.359404  3.6510  2.5564  1.5721  4.9702  4.2050  1.6194  0.9768  0.5755  0.4137
 230  1.360039  3.6472  2.4775  1.6362  4.8972  4.1324  1.4927  0.8377  0.4225  0.2539
 231  1.360588  3.6434  2.4017  1.6972  4.8304  4.0674  1.3742  0.7072  0.2773  0.1018
 232  1.361065  3.6398  2.3287  1.7557  4.7681  4.0079  1.2630  0.5844  0.1391 -0.0436
 233  1.361488  3.6361  2.2565  1.8131  4.7076  3.9519  1.1559  0.4659  0.0037 -0.1864
 234  1.361859  3.6324  2.1859  1.8691  4.6490  3.8989  1.0532  0.3523 -0.1278 -0.3256
 235  1.362186  3.6287  2.1173  1.9233  4.5928  3.8496  0.9561  0.2450 -0.2541 -0.4598
 236  1.362477  3.6252  2.0500  1.9763  4.5368  3.8018  0.8628  0.1421 -0.3772 -0.5911
 237  1.362735  3.6214  1.9831  2.0285  4.4816  3.7556  0.7731  0.0434 -0.4980 -0.7206
 238  1.362964  3.6178  1.9180  2.0790  4.4293  3.7131  0.6898 -0.0482 -0.6137 -0.8456
 239  1.363169  3.6141  1.8536  2.1289  4.3773  3.6718  0.6102 -0.1352 -0.7273 -0.9688
 240  1.363353  3.6105  1.7904  2.1775  4.3266  3.6319  0.5356 -0.2164 -0.8372 -1.0889
 241  1.363518  3.6068  1.7282  2.2251  4.2768  3.5930  0.4659 -0.2918 -0.9440 -1.2066
 242  1.363664  3.6033  1.6679  2.2711  4.2290  3.5559  0.4010 -0.3608 -1.0468 -1.3204
 243  1.363797  3.5997  1.6083  2.3165  4.1823  3.5196  0.3405 -0.4244 -1.1472 -1.4325
 244  1.363918  3.5961  1.5501  2.3608  4.1367  3.4840  0.2850 -0.4820 -1.2442 -1.5417
 245  1.364026  3.5927  1.4930  2.4040  4.0910  3.4482  0.2341 -0.5342 -1.3376 -1.6477
 246  1.364125  3.5892  1.4368  2.4462  4.0473  3.4134  0.1894 -0.5790 -1.4278 -1.7511
 247  1.364215  3.5858  1.3817  2.4876  4.0063  3.3799  0.1507 -0.6163 -1.5146 -1.8522
 248  1.364297  3.5823  1.3276  2.5279  3.9682  3.3473  0.1178 -0.6455 -1.5982 -1.9508
 249  1.364371  3.5789  1.2750  2.5672  3.9327  3.3158  0.0909 -0.6674 -1.6782 -2.0463
 250  1.364440  3.5757  1.2230  2.6058  3.8990  3.2845  0.0700 -0.6821 -1.7554 -2.1399
 251  1.364502  3.5724  1.1727  2.6432  3.8685  3.2545  0.0568 -0.6876 -1.8279 -2.2297
 252  1.364559  3.5691  1.1232  2.6799  3.8415  3.2253  0.0513 -0.6839 -1.8972 -2.3175
 253  1.364612  3.5660  1.0748  2.7155  3.8181  3.1977  0.0533 -0.6731 -1.9620 -2.4018
 254  1.364661  3.5629  1.0274  2.7505  3.7985  3.1717  0.0624 -0.6559 -2.0227 -2.4830
 255  1.364706  3.5597  0.9807  2.7847  3.7841  3.1507  0.0784 -0.6376 -2.0784 -2.5603
 256  1.364748  3.5566  0.9353  2.8178  3.7741  3.1327  0.1026 -0.6139 -2.1289 -2.6335
 257  1.364787  3.5536  0.8905  2.8502  3.7681  3.1154  0.1395 -0.5771 -2.1734 -2.7029
 258  1.364822  3.5506  0.8469  2.8818  3.7657  3.0973  0.1890 -0.5252 -2.2120 -2.7684
 259  1.364856  3.5476  0.8042  2.9126  3.7681  3.0771  0.2655 -0.4332 -2.2432 -2.8309
 260  1.364887  3.5447  0.7622  2.9429  3.7741  3.0486  0.3566 -0.3190 -2.2677 -2.8894
 261  1.364916  3.5418  0.7212  2.9723  3.7826  3.0187  0.4582 -0.1943 -2.2858 -2.9438
 262  1.364944  3.5389  0.6810  3.0011  3.7933  2.9890  0.5698 -0.0633 -2.2962 -2.9932
 263  1.364969  3.5361  0.6416  3.0292  3.8047  2.9593  0.6959  0.0717 -2.2955 -3.0362
 264  1.364993  3.5333  0.6030  3.0566  3.8169  2.9317  0.8437  0.2078 -2.2778 -3.0693
 265  1.365016  3.5306  0.5654  3.0834  3.8296  2.9058  0.9958  0.3401 -2.2533 -3.0974
 266  1.365037  3.5279  0.5282  3.1097  3.8441  2.8820  1.1525  0.4711 -2.2222 -3.1208
 267  1.365057  3.5252  0.4919  3.1352  3.8588  2.8606  1.3016  0.5892 -2.1886 -3.1404
 268  1.365076  3.5225  0.4564  3.1601  3.8723  2.8486  1.4142  0.6639 -2.1613 -3.1590
 269  1.365093  3.5199  0.4216  3.1845  3.8858  2.8447  1.4971  0.7056 -2.1391 -3.1769
 270  1.365111  3.5173  0.3874  3.2084  3.8993  2.8451  1.5681  0.7329 -2.1173 -3.1927
 271  1.365126  3.5148  0.3540  3.2316  3.9123  2.8494  1.6306  0.7479 -2.0948 -3.2060
 272  1.365142  3.5122  0.3213  3.2543  3.9240  2.8557  1.6841  0.7534 -2.0729 -3.2180
 273  1.365156  3.5097  0.2888  3.2765  3.9359  2.8634  1.7342  0.7570 -2.0491 -3.2270
 274  1.365170  3.5071  0.2569  3.2982  3.9452  2.8687  1.7794  0.7616 -2.0261 -3.2350
 275  1.365182  3.5047  0.2263  3.3194  3.9499  2.8714  1.8135  0.7592 -2.0091 -3.2452
 276  1.365195  3.5024  0.1960  3.3400  3.9542  2.8760  1.8401  0.7504 -1.9932 -3.2544
 277  1.365207  3.5000  0.1666  3.3600  3.9574  2.8817  1.8596  0.7361 -1.9800 -3.2640
 278  1.365218  3.4977  0.1384  3.3792  3.9599  2.8881  1.8746  0.7201 -1.9691 -3.2736
 279  1.366064  3.4958  0.1143  3.3959  3.9603  2.8934  1.8863  0.7082 -1.9632 -3.2846
