#NUMBER OF AGES= 1
#----------------------------------------------------       
#MIX-LEN  Y      Z          Zeff        [Fe/H] [a/Fe]
# 1.9380  0.2925 2.9511E-02 2.9511E-02   0.28   0.00 
#----------------------------------------------------       
#**PHOTOMETRIC SYSTEM**: SkyMapper (AB)                     
#----------------------------------------------------       
#AGE= 4.750 EEPS=271
#EEP   M/Mo    LogTeff  LogG   LogL/Lo u       v       g       r       i       z
   9  0.118370  3.4976  5.2115 -2.7566 17.5013 17.0254 14.2936 13.3765 11.7484 11.1699
  10  0.142975  3.4978  5.1389 -2.6012 17.0797 16.5785 13.9002 12.9848 11.3628 10.7828
  11  0.182634  3.5021  5.0689 -2.4076 16.4885 15.9480 13.3488 12.4433 10.8627 10.2939
  12  0.219521  3.5074  5.0246 -2.2622 16.0162 15.4453 12.9077 12.0143 10.4786  9.9239
  13  0.245538  3.5108  4.9970 -2.1720 15.7246 15.1360 12.6345 11.7494 10.2405  9.6950
  14  0.268662  3.5137  4.9744 -2.0987 15.4897 14.8880 12.4137 11.5356 10.0473  9.5094
  15  0.288627  3.5162  4.9566 -2.0399 15.3018 14.6900 12.2363 11.3643  9.8924  9.3607
  16  0.301922  3.5178  4.9452 -2.0028 15.1833 14.5653 12.1242 11.2562  9.7945  9.2669
  17  0.310293  3.5188  4.9373 -1.9791 15.1092 14.4874 12.0542 11.1886  9.7327  9.2076
  18  0.316530  3.5194  4.9302 -1.9607 15.0527 14.4279 12.0008 11.1370  9.6849  9.1614
  19  0.320992  3.5199  4.9253 -1.9479 15.0127 14.3858 11.9631 11.1006  9.6513  9.1289
  20  0.323030  3.5198  4.9258 -1.9462 15.0104 14.3839 11.9602 11.0974  9.6476  9.1248
  21  0.324886  3.5205  4.9282 -1.9431 14.9924 14.3649 11.9429 11.0817  9.6369  9.1165
  22  0.328120  3.5208  4.9231 -1.9323 14.9601 14.3309 11.9127 11.0524  9.6092  9.0894
  23  0.331480  3.5211  4.9171 -1.9211 14.9279 14.2969 11.8824 11.0229  9.5808  9.0613
  24  0.335518  3.5215  4.9129 -1.9097 14.8929 14.2601 11.8494 10.9911  9.5513  9.0330
  25  0.337233  3.5208  4.9156 -1.9129 14.9107 14.2799 11.8651 11.0050  9.5615  9.0415
  26  0.344730  3.5226  4.9142 -1.8948 14.8403 14.2057 11.7980 10.9422  9.5099  8.9949
  27  0.493206  3.5484  4.7896 -1.5087 13.5836 12.8967 10.5799  9.7830  8.4809  8.0328
  28  0.497838  3.5510  4.7855 -1.4931 13.5317 12.8468 10.5160  9.7206  8.4359  7.9966
  29  0.512692  3.5552  4.7727 -1.4507 13.3922 12.7052 10.3694  9.5798  8.3194  7.8925
  30  0.525077  3.5590  4.7621 -1.4145 13.2738 12.5857 10.2424  9.4574  8.2205  7.8048
  31  0.536072  3.5625  4.7525 -1.3822 13.1669 12.4785 10.1257  9.3442  8.1320  7.7266
  32  0.546807  3.5659  4.7432 -1.3504 13.0621 12.3739 10.0095  9.2309  8.0452  7.6502
  33  0.558922  3.5698  4.7328 -1.3148 12.9450 12.2576  9.8781  9.1024  7.9479  7.5648
  34  0.574172  3.5752  4.7206 -1.2696 12.7953 12.1099  9.7062  8.9337  7.8228  7.4564
  35  0.593616  3.5824  4.7059 -1.2115 12.5964 11.9162  9.4724  8.7023  7.6594  7.3180
  36  0.616797  3.5914  4.6894 -1.1423 12.3502 11.6785  9.1786  8.4085  7.4617  7.1537
  37  0.641152  3.6015  4.6733 -1.0692 12.0950 11.4281  8.8691  8.1035  7.2537  6.9796
  38  0.650821  3.6049  4.6648 -1.0400 12.0092 11.3446  8.7566  7.9911  7.1747  6.9128
  39  0.682721  3.6194  4.6485 -0.9449 11.6431 10.9877  8.3368  7.5777  6.9054  6.6920
  40  0.754212  3.6516  4.6151 -0.7405 10.6854 10.0242  7.4710  6.7783  6.3359  6.1982
  41  0.778413  3.6622  4.6041 -0.6734 10.3366  9.6726  7.2019  6.5445  6.1540  6.0328
  42  0.797007  3.6707  4.5958 -0.6208 10.0490  9.3837  6.9940  6.3682  6.0123  5.9023
  43  0.814224  3.6786  4.5879 -0.5716  9.7677  9.1040  6.8038  6.2098  5.8814  5.7804
  44  0.829704  3.6856  4.5803 -0.5279  9.5189  8.8600  6.6411  6.0745  5.7672  5.6739
  45  0.841350  3.6905  4.5743 -0.4960  9.3434  8.6891  6.5254  5.9779  5.6848  5.5972
  46  0.852266  3.6950  4.5683 -0.4667  9.1824  8.5328  6.4202  5.8899  5.6093  5.5271
  47  0.862804  3.6992  4.5624 -0.4384  9.0299  8.3860  6.3211  5.8065  5.5372  5.4601
  48  0.873186  3.7032  4.5562 -0.4107  8.8812  8.2435  6.2253  5.7255  5.4670  5.3948
  49  0.883531  3.7072  4.5497 -0.3831  8.7335  8.1018  6.1312  5.6457  5.3974  5.3302
  50  0.893883  3.7112  4.5429 -0.3556  8.5872  7.9617  6.0386  5.5667  5.3284  5.2662
  51  0.904332  3.7151  4.5359 -0.3278  8.4415  7.8228  5.9469  5.4884  5.2598  5.2023
  52  0.911277  3.7176  4.5309 -0.3096  8.3460  7.7318  5.8871  5.4372  5.2144  5.1601
  53  0.918126  3.7201  4.5259 -0.2915  8.2531  7.6433  5.8289  5.3869  5.1698  5.1187
  54  0.924872  3.7224  4.5209 -0.2737  8.1626  7.5574  5.7722  5.3378  5.1261  5.0780
  55  0.931524  3.7248  4.5157 -0.2563  8.0751  7.4740  5.7171  5.2899  5.0833  5.0381
  56  0.938068  3.7269  4.5105 -0.2392  7.9899  7.3930  5.6635  5.2431  5.0413  4.9989
  57  0.944502  3.7291  4.5052 -0.2224  7.9071  7.3143  5.6114  5.1975  5.0003  4.9605
  58  0.950826  3.7311  4.5000 -0.2060  7.8266  7.2378  5.5608  5.1529  4.9600  4.9229
  59  0.957052  3.7331  4.4946 -0.1898  7.7486  7.1638  5.5116  5.1094  4.9207  4.8859
  60  0.963151  3.7351  4.4893 -0.1740  7.6729  7.0918  5.4636  5.0672  4.8823  4.8498
  61  0.969136  3.7369  4.4838 -0.1585  7.6002  7.0225  5.4170  5.0259  4.8449  4.8146
  62  0.974999  3.7387  4.4784 -0.1434  7.5301  6.9555  5.3715  4.9857  4.8083  4.7802
  63  0.980747  3.7404  4.4729 -0.1286  7.4626  6.8907  5.3273  4.9466  4.7727  4.7466
  64  0.986376  3.7420  4.4674 -0.1140  7.3975  6.8282  5.2843  4.9084  4.7379  4.7138
  65  0.991903  3.7436  4.4620 -0.0998  7.3343  6.7675  5.2423  4.8712  4.7039  4.6817
  66  0.997335  3.7451  4.4565 -0.0859  7.2733  6.7090  5.2014  4.8347  4.6704  4.6501
  67  1.002418  3.7465  4.4512 -0.0728  7.2168  6.6546  5.1633  4.8005  4.6390  4.6203
  68  1.007064  3.7478  4.4462 -0.0607  7.1654  6.6051  5.1283  4.7691  4.6101  4.5928
  69  1.011393  3.7489  4.4413 -0.0493  7.1175  6.5591  5.0954  4.7396  4.5829  4.5670
  70  1.015573  3.7501  4.4364 -0.0382  7.0716  6.5147  5.0637  4.7109  4.5564  4.5418
  71  1.019739  3.7511  4.4316 -0.0272  7.0263  6.4709  5.0322  4.6825  4.5300  4.5168
  72  1.024044  3.7522  4.4265 -0.0159  6.9803  6.4263  5.0001  4.6535  4.5031  4.4910
  73  1.028705  3.7534  4.4210 -0.0039  6.9317  6.3792  4.9661  4.6227  4.4746  4.4639
  74  1.033986  3.7546  4.4151  0.0092  6.8781  6.3272  4.9287  4.5889  4.4432  4.4340
  75  1.040285  3.7561  4.4082  0.0245  6.8164  6.2674  4.8855  4.5498  4.4069  4.3993
  76  1.048404  3.7578  4.3993  0.0437  6.7397  6.1929  4.8312  4.5004  4.3611  4.3555
  77  1.066987  3.7615  4.3774  0.0879  6.5696  6.0271  4.7079  4.3876  4.2554  4.2540
  78  1.093484  3.7659  4.3428  0.1511  6.3419  5.8028  4.5346  4.2273  4.1040  4.1076
  79  1.106070  3.7677  4.3274  0.1784  6.2481  5.7099  4.4608  4.1586  4.0387  4.0442
  80  1.113900  3.7685  4.3170  0.1953  6.1934  5.6552  4.4159  4.1161  3.9979  4.0044
  81  1.109397  3.7678  4.3210  0.1867  6.2291  5.6892  4.4409  4.1389  4.0192  4.0248
  82  1.113884  3.7681  4.3143  0.1963  6.2003  5.6602  4.4159  4.1148  3.9957  4.0016
  83  1.118908  3.7684  4.3070  0.2068  6.1697  5.6293  4.3887  4.0886  3.9701  3.9763
  84  1.124810  3.7688  4.2985  0.2190  6.1336  5.5930  4.3570  4.0580  3.9403  3.9468
  85  1.134310  3.7692  4.2854  0.2371  6.0835  5.5422  4.3108  4.0128  3.8957  3.9025
  86  1.152506  3.7693  4.2581  0.2716  5.9957  5.4523  4.2244  3.9269  3.8101  3.8169
  87  1.171042  3.7691  4.2297  0.3060  5.9117  5.3658  4.1386  3.8411  3.7239  3.7305
  88  1.180650  3.7689  4.2148  0.3237  5.8701  5.3229  4.0951  3.7974  3.6798  3.6862
  89  1.187773  3.7687  4.2036  0.3367  5.8406  5.2922  4.0634  3.7651  3.6471  3.6532
  90  1.193697  3.7684  4.1938  0.3475  5.8172  5.2678  4.0369  3.7381  3.6197  3.6255
  91  1.199069  3.7681  4.1847  0.3574  5.7966  5.2461  4.0132  3.7138  3.5947  3.6001
  92  1.204399  3.7678  4.1756  0.3671  5.7768  5.2253  3.9899  3.6898  3.5701  3.5751
  93  1.209912  3.7674  4.1660  0.3771  5.7569  5.2043  3.9662  3.6652  3.5448  3.5493
  94  1.215852  3.7669  4.1557  0.3877  5.7368  5.1829  3.9412  3.6391  3.5178  3.5219
  95  1.222443  3.7664  4.1441  0.3994  5.7151  5.1599  3.9137  3.6103  3.4879  3.4913
  96  1.229525  3.7657  4.1312  0.4121  5.6919  5.1351  3.8839  3.5790  3.4553  3.4579
  97  1.236618  3.7651  4.1180  0.4250  5.6695  5.1110  3.8541  3.5475  3.4224  3.4242
  98  1.243421  3.7644  4.1053  0.4373  5.6486  5.0885  3.8257  3.5174  3.3909  3.3918
  99  1.249658  3.7637  4.0936  0.4485  5.6300  5.0683  3.7999  3.4899  3.3621  3.3623
 100  1.254955  3.7632  4.0835  0.4583  5.6136  5.0507  3.7776  3.4663  3.3374  3.3368
 101  1.259196  3.7627  4.0752  0.4664  5.5995  5.0354  3.7588  3.4465  3.3167  3.3156
 102  1.262440  3.7625  4.0686  0.4730  5.5864  5.0214  3.7430  3.4301  3.2999  3.2986
 103  1.264955  3.7624  4.0633  0.4787  5.5737  5.0082  3.7292  3.4161  3.2857  3.2842
 104  1.266945  3.7624  4.0590  0.4837  5.5612  4.9954  3.7168  3.4038  3.2734  3.2719
 105  1.268535  3.7624  4.0555  0.4881  5.5489  4.9830  3.7055  3.3928  3.2625  3.2611
 106  1.269774  3.7626  4.0525  0.4922  5.5363  4.9703  3.6949  3.3828  3.2528  3.2516
 107  1.270826  3.7628  4.0497  0.4958  5.5251  4.9590  3.6852  3.3736  3.2438  3.2427
 108  1.271748  3.7629  4.0473  0.4994  5.5130  4.9470  3.6756  3.3646  3.2354  3.2344
 109  1.272571  3.7632  4.0451  0.5029  5.5009  4.9348  3.6662  3.3560  3.2271  3.2265
 110  1.273264  3.7634  4.0430  0.5062  5.4895  4.9236  3.6574  3.3478  3.2194  3.2190
 111  1.273882  3.7636  4.0410  0.5092  5.4779  4.9121  3.6487  3.3398  3.2120  3.2118
 112  1.274400  3.7638  4.0395  0.5117  5.4691  4.9032  3.6419  3.3337  3.2061  3.2062
 113  1.274928  3.7641  4.0379  0.5144  5.4593  4.8936  3.6347  3.3270  3.1999  3.2002
 114  1.275475  3.7643  4.0363  0.5171  5.4495  4.8837  3.6272  3.3202  3.1935  3.1941
 115  1.276052  3.7646  4.0345  0.5202  5.4379  4.8722  3.6185  3.3124  3.1862  3.1870
 116  1.276670  3.7649  4.0327  0.5234  5.4263  4.8607  3.6097  3.3043  3.1787  3.1797
 117  1.277346  3.7652  4.0306  0.5269  5.4130  4.8475  3.5998  3.2952  3.1702  3.1717
 118  1.278095  3.7656  4.0287  0.5306  5.3991  4.8336  3.5895  3.2858  3.1614  3.1632
 119  1.278938  3.7660  4.0264  0.5349  5.3834  4.8180  3.5778  3.2751  3.1516  3.1538
 120  1.279883  3.7664  4.0240  0.5395  5.3658  4.8005  3.5648  3.2633  3.1406  3.1433
 121  1.280937  3.7669  4.0212  0.5446  5.3466  4.7813  3.5503  3.2501  3.1283  3.1317
 122  1.282096  3.7674  4.0180  0.5504  5.3252  4.7598  3.5341  3.2353  3.1146  3.1185
 123  1.283691  3.7681  4.0138  0.5578  5.2989  4.7334  3.5137  3.2165  3.0971  3.1016
 124  1.285411  3.7688  4.0084  0.5666  5.2689  4.7031  3.4896  3.1941  3.0760  3.0813
 125  1.286817  3.7695  4.0027  0.5755  5.2382  4.6720  3.4650  3.1712  3.0546  3.0606
 126  1.287961  3.7701  3.9970  0.5842  5.2081  4.6417  3.4412  3.1492  3.0339  3.0406
 127  1.289090  3.7708  3.9913  0.5930  5.1778  4.6112  3.4174  3.1272  3.0133  3.0206
 128  1.290242  3.7714  3.9856  0.6016  5.1477  4.5810  3.3938  3.1055  2.9927  3.0008
 129  1.291243  3.7719  3.9802  0.6096  5.1196  4.5527  3.3719  3.0852  2.9737  2.9824
 130  1.292095  3.7724  3.9752  0.6171  5.0929  4.5260  3.3514  3.0664  2.9559  2.9653
 131  1.292819  3.7730  3.9705  0.6242  5.0677  4.5008  3.3320  3.0486  2.9393  2.9492
 132  1.293432  3.7735  3.9660  0.6309  5.0437  4.4769  3.3137  3.0318  2.9236  2.9340
 133  1.293953  3.7739  3.9616  0.6372  5.0207  4.4538  3.2961  3.0157  2.9084  2.9193
 134  1.294415  3.7744  3.9573  0.6436  4.9983  4.4315  3.2789  3.0000  2.8936  2.9050
 135  1.294836  3.7748  3.9529  0.6497  4.9767  4.4099  3.2620  2.9845  2.8789  2.8908
 136  1.295217  3.7753  3.9482  0.6562  4.9544  4.3875  3.2445  2.9684  2.8637  2.8761
 137  1.295577  3.7758  3.9440  0.6627  4.9315  4.3645  3.2264  2.9519  2.8482  2.8612
 138  1.295919  3.7762  3.9398  0.6688  4.9107  4.3436  3.2098  2.9366  2.8340  2.8474
 139  1.296241  3.7767  3.9355  0.6751  4.8891  4.3218  3.1925  2.9207  2.8190  2.8329
 140  1.296591  3.7767  3.9321  0.6788  4.8789  4.3113  3.1829  2.9114  2.8099  2.8239
 141  1.296887  3.7762  3.9345  0.6743  4.8957  4.3283  3.1957  2.9229  2.8203  2.8338
 142  1.297146  3.7757  3.9380  0.6688  4.9153  4.3481  3.2113  2.9371  2.8334  2.8463
 143  1.297386  3.7750  3.9406  0.6637  4.9350  4.3680  3.2259  2.9502  2.8452  2.8574
 144  1.297628  3.7740  3.9416  0.6589  4.9581  4.3909  3.2408  2.9626  2.8558  2.8668
 145  1.297914  3.7719  3.9319  0.6598  4.9861  4.4164  3.2452  2.9613  2.8500  2.8586
 146  1.298200  3.7700  3.9198  0.6648  4.9987  4.4266  3.2380  2.9493  2.8346  2.8413
 147  1.298543  3.7680  3.9059  0.6708  5.0122  4.4372  3.2290  2.9350  2.8164  2.8209
 148  1.298972  3.7662  3.8948  0.6746  5.0289  4.4517  3.2255  2.9263  2.8040  2.8063
 149  1.299440  3.7647  3.8876  0.6763  5.0452  4.4663  3.2259  2.9226  2.7974  2.7980
 150  1.299918  3.7637  3.8829  0.6771  5.0581  4.4779  3.2274  2.9210  2.7937  2.7933
 151  1.300396  3.7629  3.8792  0.6778  5.0684  4.4872  3.2282  2.9195  2.7907  2.7893
 152  1.300875  3.7622  3.8756  0.6786  5.0778  4.4956  3.2287  2.9176  2.7873  2.7851
 153  1.301358  3.7615  3.8721  0.6793  5.0872  4.5038  3.2291  2.9157  2.7839  2.7808
 154  1.301845  3.7607  3.8686  0.6801  5.0970  4.5124  3.2294  2.9138  2.7806  2.7767
 155  1.302335  3.7601  3.8651  0.6808  5.1071  4.5211  3.2300  2.9120  2.7775  2.7728
 156  1.302832  3.7592  3.8614  0.6815  5.1171  4.5300  3.2308  2.9107  2.7746  2.7690
 157  1.303331  3.7583  3.8578  0.6821  5.1277  4.5394  3.2320  2.9098  2.7721  2.7655
 158  1.303833  3.7575  3.8540  0.6825  5.1393  4.5498  3.2337  2.9093  2.7699  2.7623
 159  1.304335  3.7566  3.8502  0.6827  5.1519  4.5613  3.2361  2.9093  2.7681  2.7596
 160  1.304833  3.7556  3.8464  0.6827  5.1660  4.5741  3.2391  2.9099  2.7668  2.7571
 161  1.305314  3.7546  3.8429  0.6824  5.1815  4.5884  3.2432  2.9112  2.7662  2.7554
 162  1.306322  3.7518  3.8342  0.6804  5.2298  4.6323  3.2580  2.9186  2.7682  2.7541
 163  1.307281  3.7487  3.8261  0.6762  5.2873  4.6859  3.2798  2.9318  2.7750  2.7573
 164  1.308192  3.7452  3.8188  0.6701  5.3558  4.7501  3.3084  2.9507  2.7868  2.7649
 165  1.309037  3.7416  3.8124  0.6620  5.4362  4.8250  3.3432  2.9752  2.8038  2.7772
 166  1.309812  3.7376  3.8065  0.6523  5.5263  4.9088  3.3834  3.0044  2.8250  2.7936
 167  1.310524  3.7335  3.8014  0.6414  5.6229  4.9992  3.4280  3.0372  2.8492  2.8127
 168  1.311192  3.7292  3.7961  0.6298  5.7259  5.0955  3.4759  3.0726  2.8756  2.8336
 169  1.311842  3.7248  3.7903  0.6181  5.8350  5.1971  3.5259  3.1095  2.9031  2.8552
 170  1.312505  3.7200  3.7828  0.6067  5.9503  5.3041  3.5770  3.1469  2.9303  2.8761
 171  1.313242  3.7147  3.7715  0.5968  6.0745  5.4187  3.6286  3.1826  2.9543  2.8928
 172  1.314113  3.7088  3.7533  0.5918  6.1995  5.5326  3.6722  3.2088  2.9670  2.8976
 173  1.315016  3.7034  3.7292  0.5945  6.2989  5.6209  3.6958  3.2162  2.9619  2.8847
 174  1.315834  3.6992  3.7029  0.6044  6.3544  5.6674  3.6952  3.2032  2.9388  2.8558
 175  1.316508  3.6964  3.6785  0.6181  6.3725  5.6796  3.6774  3.1771  2.9062  2.8191
 176  1.317096  3.6944  3.6560  0.6328  6.3744  5.6770  3.6529  3.1465  2.8706  2.7806
 177  1.317638  3.6929  3.6346  0.6479  6.3677  5.6668  3.6249  3.1138  2.8338  2.7414
 178  1.318153  3.6915  3.6140  0.6633  6.3559  5.6519  3.5948  3.0794  2.7960  2.7017
 179  1.318650  3.6904  3.5939  0.6790  6.3402  5.6335  3.5630  3.0441  2.7578  2.6617
 180  1.319132  3.6893  3.5743  0.6947  6.3211  5.6120  3.5301  3.0080  2.7191  2.6215
 181  1.319603  3.6884  3.5549  0.7105  6.2996  5.5885  3.4963  2.9714  2.6802  2.5811
 182  1.320136  3.6875  3.5322  0.7296  6.2719  5.5585  3.4551  2.9272  2.6335  2.5329
 183  1.320668  3.6866  3.5095  0.7487  6.2425  5.5270  3.4131  2.8826  2.5864  2.4844
 184  1.321203  3.6857  3.4870  0.7679  6.2120  5.4944  3.3707  2.8375  2.5391  2.4358
 185  1.321739  3.6848  3.4647  0.7872  6.1803  5.4609  3.3279  2.7923  2.4917  2.3871
 186  1.322273  3.6840  3.4421  0.8067  6.1478  5.4265  3.2844  2.7464  2.4436  2.3377
 187  1.322804  3.6833  3.4192  0.8266  6.1145  5.3915  3.2401  2.6997  2.3948  2.2876
 188  1.323333  3.6824  3.3962  0.8466  6.0803  5.3555  3.1953  2.6525  2.3456  2.2370
 189  1.323862  3.6817  3.3730  0.8668  6.0459  5.3194  3.1501  2.6050  2.2959  2.1861
 190  1.324390  3.6809  3.3497  0.8871  6.0110  5.2828  3.1044  2.5569  2.2458  2.1347
 191  1.324915  3.6801  3.3259  0.9079  5.9756  5.2456  3.0579  2.5081  2.1949  2.0824
 192  1.325443  3.6794  3.3024  0.9285  5.9402  5.2085  3.0116  2.4595  2.1442  2.0304
 193  1.325987  3.6786  3.2803  0.9480  5.9068  5.1735  2.9679  2.4136  2.0964  1.9814
 194  1.326527  3.6779  3.2576  0.9678  5.8725  5.1377  2.9231  2.3667  2.0475  1.9313
 195  1.327041  3.6770  3.2326  0.9896  5.8359  5.0994  2.8744  2.3154  1.9940  1.8765
 196  1.327548  3.6762  3.2071  1.0118  5.7989  5.0607  2.8248  2.2632  1.9393  1.8205
 197  1.328049  3.6753  3.1811  1.0345  5.7616  5.0217  2.7744  2.2101  1.8837  1.7634
 198  1.328544  3.6743  3.1545  1.0575  5.7240  4.9824  2.7233  2.1560  1.8272  1.7053
 199  1.329033  3.6734  3.1274  1.0810  5.6858  4.9426  2.6713  2.1011  1.7697  1.6463
 200  1.329515  3.6724  3.1000  1.1047  5.6476  4.9028  2.6187  2.0457  1.7115  1.5864
 201  1.329989  3.6715  3.0718  1.1289  5.6091  4.8627  2.5655  1.9892  1.6523  1.5255
 202  1.330460  3.6704  3.0436  1.1533  5.5707  4.8227  2.5119  1.9325  1.5925  1.4641
 203  1.330921  3.6694  3.0147  1.1781  5.5322  4.7826  2.4577  1.8749  1.5319  1.4017
 204  1.331373  3.6682  2.9852  1.2034  5.4938  4.7427  2.4029  1.8166  1.4704  1.3384
 205  1.331815  3.6671  2.9551  1.2289  5.4555  4.7029  2.3475  1.7576  1.4079  1.2740
 206  1.332246  3.6658  2.9243  1.2550  5.4175  4.6635  2.2915  1.6976  1.3444  1.2084
 207  1.332668  3.6646  2.8931  1.2814  5.3797  4.6243  2.2351  1.6372  1.2803  1.1421
 208  1.333079  3.6633  2.8612  1.3081  5.3423  4.5855  2.1783  1.5760  1.2152  1.0749
 209  1.333477  3.6620  2.8288  1.3353  5.3048  4.5467  2.1207  1.5140  1.1490  1.0065
 210  1.333866  3.6606  2.7960  1.3628  5.2677  4.5083  2.0628  1.4518  1.0823  0.9375
 211  1.334244  3.6592  2.7626  1.3907  5.2308  4.4702  2.0047  1.3889  1.0150  0.8677
 212  1.334614  3.6578  2.7288  1.4187  5.1941  4.4324  1.9464  1.3258  0.9472  0.7974
 213  1.334976  3.6562  2.6947  1.4470  5.1579  4.3951  1.8880  1.2625  0.8790  0.7265
 214  1.335337  3.6546  2.6602  1.4753  5.1236  4.3598  1.8303  1.1997  0.8109  0.6558
 215  1.335708  3.6532  2.6264  1.5031  5.0887  4.3241  1.7732  1.1377  0.7437  0.5860
 216  1.336155  3.6519  2.5972  1.5275  5.0571  4.2920  1.7232  1.0836  0.6852  0.5251
 217  1.336226  3.6518  2.5950  1.5293  5.0545  4.2894  1.7193  1.0794  0.6807  0.5205
 218  1.336299  3.6518  2.5940  1.5303  5.0527  4.2876  1.7171  1.0771  0.6783  0.5181
 219  1.336366  3.6518  2.5942  1.5302  5.0523  4.2871  1.7170  1.0772  0.6785  0.5183
 220  1.336425  3.6519  2.5952  1.5295  5.0526  4.2874  1.7182  1.0786  0.6802  0.5201
 221  1.336476  3.6520  2.5968  1.5283  5.0535  4.2882  1.7202  1.0810  0.6829  0.5230
 222  1.336521  3.6521  2.5985  1.5270  5.0545  4.2892  1.7227  1.0838  0.6861  0.5263
 223  1.336562  3.6522  2.6004  1.5255  5.0558  4.2905  1.7254  1.0868  0.6896  0.5300
 224  1.336599  3.6523  2.6025  1.5240  5.0573  4.2919  1.7283  1.0902  0.6932  0.5339
 225  1.336635  3.6524  2.6045  1.5224  5.0587  4.2933  1.7313  1.0935  0.6971  0.5379
 226  1.336669  3.6525  2.6066  1.5206  5.0603  4.2948  1.7344  1.0970  0.7010  0.5420
 227  1.337262  3.6546  2.6451  1.4908  5.0882  4.3225  1.7904  1.1597  0.7719  0.6166
 228  1.337934  3.6526  2.6003  1.5278  5.0418  4.2760  1.7152  1.0778  0.6829  0.5242
 229  1.338582  3.6499  2.5400  1.5773  4.9819  4.2168  1.6162  0.9698  0.5643  0.4007
 230  1.339168  3.6461  2.4617  1.6409  4.9102  4.1458  1.4911  0.8325  0.4128  0.2423
 231  1.339674  3.6424  2.3868  1.7010  4.8446  4.0822  1.3749  0.7045  0.2701  0.0925
 232  1.340124  3.6386  2.3129  1.7603  4.7811  4.0221  1.2627  0.5806  0.1301 -0.0547
 233  1.340513  3.6349  2.2413  1.8172  4.7209  3.9666  1.1569  0.4636 -0.0039 -0.1963
 234  1.340854  3.6313  2.1711  1.8728  4.6625  3.9142  1.0554  0.3514 -0.1344 -0.3344
 235  1.341156  3.6276  2.1029  1.9267  4.6060  3.8650  0.9590  0.2451 -0.2600 -0.4680
 236  1.341426  3.6240  2.0343  1.9806  4.5485  3.8160  0.8647  0.1411 -0.3850 -0.6015
 237  1.341666  3.6204  1.9675  2.0327  4.4934  3.7702  0.7760  0.0437 -0.5054 -0.7308
 238  1.341877  3.6166  1.9018  2.0837  4.4404  3.7273  0.6928 -0.0476 -0.6218 -0.8566
 239  1.342064  3.6130  1.8381  2.1329  4.3890  3.6865  0.6152 -0.1323 -0.7336 -0.9782
 240  1.342233  3.6093  1.7746  2.1817  4.3376  3.6460  0.5410 -0.2128 -0.8438 -1.0991
 241  1.342384  3.6057  1.7124  2.2293  4.2876  3.6070  0.4720 -0.2871 -0.9505 -1.2167
 242  1.342520  3.6020  1.6516  2.2757  4.2396  3.5697  0.4079 -0.3551 -1.0538 -1.3314
 243  1.342642  3.5985  1.5920  2.3210  4.1927  3.5331  0.3485 -0.4172 -1.1538 -1.4435
 244  1.342753  3.5949  1.5336  2.3654  4.1465  3.4968  0.2940 -0.4734 -1.2505 -1.5525
 245  1.342852  3.5914  1.4764  2.4086  4.1009  3.4608  0.2447 -0.5236 -1.3436 -1.6585
 246  1.342942  3.5879  1.4200  2.4510  4.0576  3.4258  0.2017 -0.5661 -1.4335 -1.7623
 247  1.343024  3.5844  1.3649  2.4922  4.0173  3.3923  0.1650 -0.6006 -1.5197 -1.8630
 248  1.343099  3.5811  1.3110  2.5325  3.9800  3.3599  0.1339 -0.6272 -1.6027 -1.9613
 249  1.343167  3.5776  1.2582  2.5718  3.9450  3.3282  0.1092 -0.6461 -1.6823 -2.0570
 250  1.343230  3.5743  1.2064  2.6103  3.9120  3.2969  0.0911 -0.6575 -1.7584 -2.1500
 251  1.343286  3.5711  1.1560  2.6476  3.8829  3.2670  0.0812 -0.6587 -1.8300 -2.2396
 252  1.343339  3.5678  1.1062  2.6846  3.8568  3.2378  0.0786 -0.6521 -1.8988 -2.3274
 253  1.343387  3.5646  1.0579  2.7201  3.8349  3.2107  0.0839 -0.6382 -1.9622 -2.4109
 254  1.343432  3.5615  1.0102  2.7552  3.8170  3.1859  0.0956 -0.6205 -2.0215 -2.4915
 255  1.343473  3.5583  0.9637  2.7891  3.8050  3.1671  0.1149 -0.6015 -2.0753 -2.5674
 256  1.343511  3.5552  0.9181  2.8224  3.7966  3.1492  0.1450 -0.5719 -2.1238 -2.6397
 257  1.343546  3.5521  0.8735  2.8548  3.7923  3.1314  0.1886 -0.5273 -2.1658 -2.7079
 258  1.343579  3.5492  0.8297  2.8864  3.7923  3.1145  0.2529 -0.4550 -2.2014 -2.7732
 259  1.343609  3.5462  0.7868  2.9174  3.7965  3.0866  0.3383 -0.3477 -2.2297 -2.8343
 260  1.343638  3.5432  0.7447  2.9476  3.8039  3.0566  0.4370 -0.2250 -2.2509 -2.8914
 261  1.343665  3.5403  0.7038  2.9770  3.8134  3.0262  0.5447 -0.0957 -2.2651 -2.9438
 262  1.343690  3.5374  0.6636  3.0058  3.8248  2.9957  0.6643  0.0399 -2.2709 -2.9910
 263  1.343712  3.5346  0.6242  3.0338  3.8362  2.9667  0.8072  0.1769 -2.2586 -3.0280
 264  1.343735  3.5318  0.5855  3.0614  3.8485  2.9396  0.9596  0.3123 -2.2367 -3.0587
 265  1.343755  3.5291  0.5478  3.0881  3.8619  2.9153  1.1147  0.4426 -2.2085 -3.0845
 266  1.343774  3.5263  0.5107  3.1142  3.8760  2.8923  1.2673  0.5659 -2.1761 -3.1062
 267  1.343793  3.5236  0.4741  3.1398  3.8912  2.8762  1.4024  0.6640 -2.1430 -3.1244
 268  1.343810  3.5209  0.4386  3.1647  3.9039  2.8705  1.4881  0.7089 -2.1217 -3.1436
 269  1.343826  3.5183  0.4037  3.1890  3.9172  2.8695  1.5626  0.7399 -2.1001 -3.1607
 270  1.343842  3.5157  0.3696  3.2129  3.9307  2.8725  1.6274  0.7590 -2.0781 -3.1754
 271  1.343856  3.5131  0.3362  3.2361  3.9429  2.8781  1.6842  0.7676 -2.0560 -3.1882
 272  1.343870  3.5107  0.3034  3.2589  3.9538  2.8847  1.7336  0.7701 -2.0344 -3.1997
 273  1.343883  3.5080  0.2706  3.2810  3.9650  2.8910  1.7838  0.7781 -2.0090 -3.2071
 274  1.343895  3.5055  0.2389  3.3027  3.9714  2.8944  1.8224  0.7789 -1.9895 -3.2167
 275  1.343907  3.5031  0.2081  3.3238  3.9757  2.8979  1.8532  0.7741 -1.9728 -3.2263
 276  1.343919  3.5007  0.1780  3.3444  3.9788  2.9028  1.8744  0.7612 -1.9592 -3.2364
 277  1.343929  3.4983  0.1487  3.3643  3.9818  2.9093  1.8919  0.7461 -1.9472 -3.2461
 278  1.343940  3.4960  0.1205  3.3834  3.9838  2.9168  1.9072  0.7335 -1.9386 -3.2574
 279  1.343941  3.4942  0.0974  3.3991  3.9853  2.9236  1.9208  0.7255 -1.9333 -3.2680
