#NUMBER OF AGES= 1
#----------------------------------------------------       
#MIX-LEN  Y      Z          Zeff        [Fe/H] [a/Fe]
# 1.9380  0.2925 2.9511E-02 2.9511E-02   0.28   0.00 
#----------------------------------------------------       
#**PHOTOMETRIC SYSTEM**: SkyMapper (AB)                     
#----------------------------------------------------       
#AGE= 5.000 EEPS=271
#EEP   M/Mo    LogTeff  LogG   LogL/Lo u       v       g       r       i       z
   9  0.113903  3.4976  5.2269 -2.7886 17.5866 17.1158 14.3732 13.4559 11.8272 11.2494
  10  0.136581  3.4976  5.1554 -2.6384 17.1824 16.6874 13.9961 13.0800 11.4555 10.8756
  11  0.172185  3.5005  5.0827 -2.4534 16.6378 16.1075 13.4880 12.5789 10.9839 10.4106
  12  0.210820  3.5062  5.0341 -2.2938 16.1186 15.5539 13.0036 12.1074 10.5622 10.0045
  13  0.237865  3.5099  5.0040 -2.1968 15.8049 15.2209 12.7100 11.8225 10.3062  9.7580
  14  0.259913  3.5127  4.9818 -2.1247 15.5734 14.9762 12.4926 11.6119 10.1161  9.5752
  15  0.281574  3.5154  4.9616 -2.0591 15.3635 14.7548 12.2947 11.4206  9.9431  9.4092
  16  0.297387  3.5173  4.9481 -2.0143 15.2205 14.6043 12.1596 11.2902  9.8250  9.2960
  17  0.307179  3.5184  4.9390 -1.9867 15.1334 14.5128 12.0773 11.2108  9.7527  9.2266
  18  0.314160  3.5191  4.9316 -1.9665 15.0708 14.4469 12.0181 11.1537  9.7001  9.1758
  19  0.319109  3.5197  4.9263 -1.9523 15.0268 14.4005 11.9764 11.1135  9.6630  9.1400
  20  0.321606  3.5197  4.9263 -1.9490 15.0194 14.3933 11.9689 11.1058  9.6552  9.1321
  21  0.323660  3.5203  4.9283 -1.9453 15.0000 14.3729 11.9503 11.0888  9.6431  9.1222
  22  0.326724  3.5207  4.9232 -1.9349 14.9690 14.3402 11.9213 11.0607  9.6164  9.0962
  23  0.329746  3.5209  4.9176 -1.9245 14.9392 14.3087 11.8933 11.0334  9.5900  9.0701
  24  0.333213  3.5213  4.9136 -1.9144 14.9083 14.2761 11.8641 11.0052  9.5639  9.0449
  25  0.334752  3.5207  4.9160 -1.9174 14.9252 14.2948 11.8790 11.0185  9.5736  9.0529
  26  0.340673  3.5222  4.9152 -1.9028 14.8669 14.2334 11.8237 10.9667  9.5315  9.0153
  27  0.350024  3.5232  4.9057 -1.8774 14.7884 14.1510 11.7492 10.8950  9.4653  8.9515
  28  0.506855  3.5520  4.7781 -1.4705 13.4579 12.7678 10.4516  9.6612  8.3767  7.9387
  29  0.506748  3.5535  4.7772 -1.4669 13.4460 12.7596 10.4264  9.6348  8.3641  7.9323
  30  0.520061  3.5575  4.7656 -1.4283 13.3195 12.6317 10.2919  9.5051  8.2584  7.8382
  31  0.531615  3.5611  4.7556 -1.3945 13.2078 12.5194 10.1708  9.3880  8.1657  7.7561
  32  0.542384  3.5645  4.7464 -1.3625 13.1025 12.4140 10.0545  9.2748  8.0784  7.6792
  33  0.553833  3.5682  4.7364 -1.3287 12.9915 12.3034  9.9306  9.1536  7.9863  7.5982
  34  0.567679  3.5729  4.7250 -1.2879 12.8567 12.1702  9.7774  9.0036  7.8738  7.5002
  35  0.585240  3.5793  4.7113 -1.2354 12.6802 11.9974  9.5716  8.8009  7.7274  7.3748
  36  0.606721  3.5875  4.6955 -1.1711 12.4539 11.7785  9.3032  8.5331  7.5446  7.2220
  37  0.630651  3.5972  4.6791 -1.0993 12.2011 11.5325  8.9977  8.2299  7.3396  7.0512
  38  0.642426  3.6012  4.6688 -1.0642 12.0982 11.4295  8.8666  8.1019  7.2444  6.9688
  39  0.663246  3.6107  4.6569 -1.0008 11.8603 11.2003  8.5837  7.8198  7.0635  6.8217
  40  0.727163  3.6401  4.6260 -0.8126 11.0484 10.3907  7.7682  7.0433  6.5351  6.3756
  41  0.760814  3.6549  4.6105 -0.7189 10.5800  9.9175  7.3844  6.7016  6.2773  6.1455
  42  0.782355  3.6644  4.6006 -0.6587 10.2612  9.5962  7.1438  6.4941  6.1141  5.9964
  43  0.799641  3.6723  4.5928 -0.6095  9.9870  9.3215  6.9505  6.3316  5.9822  5.8742
  44  0.815699  3.6797  4.5852 -0.5635  9.7240  9.0609  6.7746  6.1852  5.8603  5.7605
  45  0.829086  3.6857  4.5785 -0.5258  9.5106  8.8518  6.6347  6.0687  5.7619  5.6688
  46  0.840106  3.6904  4.5726 -0.4954  9.3432  8.6887  6.5242  5.9765  5.6832  5.5956
  47  0.850627  3.6947  4.5668 -0.4668  9.1870  8.5370  6.4221  5.8910  5.6098  5.5272
  48  0.860873  3.6988  4.5608 -0.4392  9.0376  8.3931  6.3249  5.8092  5.5391  5.4616
  49  0.870983  3.7029  4.5547 -0.4120  8.8919  8.2535  6.2309  5.7298  5.4702  5.3974
  50  0.881044  3.7068  4.5484 -0.3849  8.7473  8.1146  6.1385  5.6514  5.4018  5.3341
  51  0.891140  3.7106  4.5417 -0.3579  8.6034  7.9768  6.0473  5.5737  5.3340  5.2710
  52  0.898062  3.7133  4.5369 -0.3393  8.5058  7.8837  5.9857  5.5211  5.2879  5.2282
  53  0.904893  3.7158  4.5320 -0.3210  8.4106  7.7929  5.9258  5.4697  5.2427  5.1862
  54  0.911632  3.7182  4.5271 -0.3031  8.3174  7.7041  5.8674  5.4196  5.1983  5.1448
  55  0.918280  3.7206  4.5220 -0.2853  8.2269  7.6181  5.8106  5.3705  5.1547  5.1042
  56  0.924826  3.7229  4.5170 -0.2680  8.1389  7.5344  5.7554  5.3225  5.1119  5.0643
  57  0.931267  3.7251  4.5119 -0.2510  8.0537  7.4533  5.7016  5.2757  5.0700  5.0253
  58  0.937601  3.7272  4.5066 -0.2342  7.9709  7.3745  5.6493  5.2300  5.0289  4.9870
  59  0.943839  3.7293  4.5013 -0.2178  7.8904  7.2979  5.5986  5.1855  4.9888  4.9494
  60  0.949961  3.7313  4.4960 -0.2017  7.8119  7.2234  5.5492  5.1419  4.9494  4.9124
  61  0.955983  3.7333  4.4907 -0.1858  7.7360  7.1512  5.5011  5.0994  4.9110  4.8763
  62  0.961886  3.7351  4.4852 -0.1704  7.6626  7.0813  5.4543  5.0580  4.8734  4.8409
  63  0.967680  3.7369  4.4799 -0.1552  7.5917  7.0138  5.4087  5.0178  4.8367  4.8064
  64  0.973349  3.7386  4.4744 -0.1404  7.5235  6.9485  5.3643  4.9784  4.8009  4.7728
  65  0.978912  3.7402  4.4690 -0.1259  7.4576  6.8854  5.3211  4.9401  4.7661  4.7398
  66  0.984371  3.7419  4.4636 -0.1116  7.3940  6.8243  5.2790  4.9027  4.7319  4.7076
  67  0.989718  3.7434  4.4581 -0.0978  7.3325  6.7651  5.2379  4.8662  4.6985  4.6760
  68  0.994977  3.7448  4.4525 -0.0840  7.2731  6.7080  5.1979  4.8305  4.6657  4.6450
  69  1.000064  3.7462  4.4472 -0.0708  7.2162  6.6532  5.1595  4.7960  4.6339  4.6149
  70  1.004739  3.7475  4.4420 -0.0586  7.1643  6.6033  5.1239  4.7642  4.6046  4.5870
  71  1.009055  3.7486  4.4370 -0.0471  7.1164  6.5571  5.0910  4.7346  4.5772  4.5610
  72  1.013133  3.7498  4.4322 -0.0362  7.0713  6.5135  5.0598  4.7063  4.5511  4.5361
  73  1.017122  3.7507  4.4272 -0.0255  7.0275  6.4711  5.0292  4.6785  4.5254  4.5116
  74  1.021153  3.7518  4.4223 -0.0147  6.9837  6.4287  4.9984  4.6507  4.4996  4.4871
  75  1.025356  3.7528  4.4171 -0.0036  6.9389  6.3853  4.9669  4.6222  4.4730  4.4617
  76  1.029935  3.7539  4.4117  0.0082  6.8912  6.3391  4.9335  4.5918  4.4449  4.4348
  77  1.035162  3.7552  4.4056  0.0213  6.8387  6.2880  4.8964  4.5583  4.4137  4.4050
  78  1.041483  3.7565  4.3985  0.0367  6.7778  6.2290  4.8533  4.5190  4.3771  4.3700
  79  1.049879  3.7583  4.3888  0.0566  6.7000  6.1533  4.7976  4.4682  4.3296  4.3245
  80  1.071751  3.7622  4.3613  0.1089  6.5051  5.9625  4.6529  4.3349  4.2041  4.2035
  81  1.098495  3.7660  4.3258  0.1706  6.2906  5.7506  4.4854  4.1788  4.0557  4.0594
  82  1.106741  3.7670  4.3155  0.1880  6.2335  5.6937  4.4390  4.1351  4.0139  4.0186
  83  1.112445  3.7675  4.3076  0.1999  6.1971  5.6570  4.4078  4.1053  3.9850  3.9903
  84  1.106003  3.7668  4.3146  0.1874  6.2422  5.7009  4.4424  4.1377  4.0159  4.0202
  85  1.110263  3.7670  4.3083  0.1965  6.2152  5.6736  4.4187  4.1148  3.9935  3.9982
  86  1.114482  3.7672  4.3017  0.2054  6.1900  5.6481  4.3957  4.0924  3.9715  3.9763
  87  1.119375  3.7674  4.2942  0.2154  6.1630  5.6207  4.3704  4.0675  3.9470  3.9519
  88  1.125763  3.7675  4.2850  0.2277  6.1305  5.5875  4.3394  4.0370  3.9166  3.9218
  89  1.134009  3.7676  4.2725  0.2436  6.0893  5.5454  4.2994  3.9973  3.8773  3.8823
  90  1.149047  3.7674  4.2495  0.2713  6.0227  5.4767  4.2305  3.9282  3.8076  3.8125
  91  1.165953  3.7668  4.2224  0.3022  5.9538  5.4052  4.1553  3.8517  3.7299  3.7339
  92  1.176892  3.7663  4.2049  0.3220  5.9105  5.3601  4.1074  3.8027  3.6801  3.6836
  93  1.184196  3.7660  4.1929  0.3352  5.8825  5.3308  4.0756  3.7700  3.6466  3.6497
  94  1.190225  3.7656  4.1826  0.3461  5.8605  5.3076  4.0495  3.7431  3.6190  3.6215
  95  1.195608  3.7651  4.1732  0.3559  5.8418  5.2878  4.0264  3.7190  3.5941  3.5961
  96  1.200730  3.7647  4.1640  0.3652  5.8246  5.2694  4.0046  3.6961  3.5704  3.5718
  97  1.205838  3.7643  4.1546  0.3745  5.8079  5.2515  3.9830  3.6734  3.5467  3.5476
  98  1.211111  3.7638  4.1451  0.3841  5.7906  5.2330  3.9606  3.6498  3.5221  3.5226
  99  1.216594  3.7633  4.1349  0.3942  5.7727  5.2138  3.9372  3.6251  3.4965  3.4962
 100  1.222050  3.7628  4.1245  0.4045  5.7539  5.1936  3.9129  3.5997  3.4701  3.4693
 101  1.227244  3.7624  4.1143  0.4148  5.7342  5.1727  3.8886  3.5744  3.4440  3.4427
 102  1.231922  3.7620  4.1050  0.4245  5.7149  5.1522  3.8656  3.5507  3.4196  3.4178
 103  1.235791  3.7619  4.0970  0.4330  5.6967  5.1331  3.8451  3.5298  3.3983  3.3963
 104  1.238800  3.7617  4.0906  0.4400  5.6800  5.1159  3.8277  3.5123  3.3806  3.3785
 105  1.241368  3.7618  4.0851  0.4465  5.6639  5.0994  3.8117  3.4964  3.3647  3.3625
 106  1.243486  3.7618  4.0805  0.4522  5.6484  5.0836  3.7972  3.4823  3.3507  3.3487
 107  1.245284  3.7620  4.0765  0.4573  5.6335  5.0686  3.7840  3.4695  3.3382  3.3363
 108  1.246782  3.7621  4.0729  0.4619  5.6198  5.0547  3.7719  3.4579  3.3269  3.3252
 109  1.248067  3.7623  4.0699  0.4662  5.6057  5.0406  3.7605  3.4471  3.3165  3.3150
 110  1.249199  3.7625  4.0669  0.4703  5.5927  5.0277  3.7497  3.4370  3.3069  3.3054
 111  1.250188  3.7627  4.0644  0.4742  5.5796  5.0146  3.7394  3.4274  3.2977  3.2966
 112  1.250987  3.7630  4.0624  0.4773  5.5685  5.0036  3.7308  3.4196  3.2902  3.2893
 113  1.251762  3.7632  4.0603  0.4806  5.5565  4.9917  3.7218  3.4112  3.2823  3.2817
 114  1.252518  3.7634  4.0581  0.4840  5.5443  4.9796  3.7125  3.4026  3.2742  3.2739
 115  1.253259  3.7638  4.0558  0.4878  5.5307  4.9661  3.7022  3.3933  3.2654  3.2654
 116  1.253986  3.7640  4.0535  0.4915  5.5168  4.9523  3.6918  3.3837  3.2565  3.2569
 117  1.254710  3.7643  4.0512  0.4956  5.5017  4.9373  3.6806  3.3735  3.2471  3.2478
 118  1.255433  3.7647  4.0487  0.4997  5.4860  4.9218  3.6689  3.3630  3.2373  3.2383
 119  1.256154  3.7651  4.0461  0.5042  5.4690  4.9049  3.6565  3.3518  3.2268  3.2283
 120  1.256890  3.7656  4.0434  0.5089  5.4505  4.8866  3.6430  3.3397  3.2156  3.2177
 121  1.257650  3.7660  4.0407  0.5139  5.4314  4.8678  3.6292  3.3272  3.2042  3.2067
 122  1.258441  3.7666  4.0378  0.5191  5.4110  4.8474  3.6143  3.3139  3.1920  3.1951
 123  1.259247  3.7671  4.0349  0.5246  5.3891  4.8257  3.5986  3.2998  3.1790  3.1828
 124  1.260084  3.7678  4.0317  0.5305  5.3664  4.8031  3.5819  3.2848  3.1652  3.1697
 125  1.260935  3.7684  4.0283  0.5369  5.3423  4.7790  3.5642  3.2688  3.1503  3.1555
 126  1.261799  3.7691  4.0247  0.5434  5.3175  4.7542  3.5458  3.2521  3.1350  3.1408
 127  1.262666  3.7697  4.0209  0.5504  5.2913  4.7281  3.5263  3.2345  3.1187  3.1252
 128  1.263548  3.7704  4.0169  0.5572  5.2652  4.7021  3.5071  3.2169  3.1024  3.1096
 129  1.264529  3.7711  4.0122  0.5648  5.2379  4.6747  3.4862  3.1977  3.0844  3.0922
 130  1.265586  3.7716  4.0069  0.5729  5.2097  4.6465  3.4642  3.1773  3.0652  3.0737
 131  1.266643  3.7722  4.0013  0.5813  5.1811  4.6178  3.4415  3.1563  3.0453  3.0545
 132  1.267661  3.7728  3.9952  0.5897  5.1529  4.5893  3.4188  3.1351  3.0251  3.0349
 133  1.268623  3.7732  3.9892  0.5980  5.1252  4.5614  3.3965  3.1142  3.0052  3.0154
 134  1.269519  3.7736  3.9832  0.6062  5.0984  4.5345  3.3746  3.0938  2.9857  2.9965
 135  1.270338  3.7740  3.9772  0.6140  5.0730  4.5088  3.3537  3.0742  2.9670  2.9782
 136  1.271098  3.7743  3.9717  0.6211  5.0508  4.4864  3.3352  3.0567  2.9502  2.9616
 137  1.271780  3.7745  3.9663  0.6273  5.0323  4.4676  3.3187  3.0410  2.9348  2.9465
 138  1.272400  3.7747  3.9603  0.6344  5.0112  4.4462  3.3002  3.0233  2.9177  2.9296
 139  1.272983  3.7749  3.9548  0.6406  4.9940  4.4286  3.2843  3.0079  2.9025  2.9146
 140  1.273550  3.7748  3.9510  0.6445  4.9847  4.4190  3.2747  2.9983  2.8928  2.9048
 141  1.274044  3.7741  3.9538  0.6389  5.0075  4.4416  3.2907  3.0124  2.9055  2.9167
 142  1.274505  3.7734  3.9547  0.6353  5.0262  4.4599  3.3019  3.0216  2.9132  2.9236
 143  1.274970  3.7726  3.9548  0.6321  5.0449  4.4780  3.3121  3.0294  2.9196  2.9291
 144  1.275426  3.7715  3.9539  0.6289  5.0677  4.4999  3.3234  3.0378  2.9259  2.9343
 145  1.275924  3.7691  3.9416  0.6321  5.0927  4.5220  3.3225  3.0308  2.9142  2.9200
 146  1.276383  3.7679  3.9306  0.6385  5.0936  4.5209  3.3100  3.0150  2.8962  2.9008
 147  1.276916  3.7663  3.9191  0.6433  5.1068  4.5317  3.3038  3.0039  2.8817  2.8841
 148  1.277549  3.7646  3.9099  0.6458  5.1247  4.5477  3.3030  2.9982  2.8725  2.8731
 149  1.278185  3.7635  3.9044  0.6471  5.1379  4.5594  3.3033  2.9952  2.8673  2.8666
 150  1.278808  3.7626  3.8999  0.6484  5.1482  4.5684  3.3031  2.9924  2.8628  2.8610
 151  1.279423  3.7618  3.8957  0.6495  5.1575  4.5765  3.3028  2.9896  2.8584  2.8557
 152  1.280033  3.7610  3.8918  0.6507  5.1666  4.5844  3.3024  2.9870  2.8542  2.8507
 153  1.280637  3.7602  3.8879  0.6518  5.1756  4.5921  3.3022  2.9845  2.8504  2.8459
 154  1.281236  3.7594  3.8840  0.6528  5.1846  4.5999  3.3021  2.9824  2.8467  2.8415
 155  1.281834  3.7587  3.8802  0.6537  5.1940  4.6079  3.3022  2.9805  2.8434  2.8372
 156  1.282431  3.7579  3.8763  0.6545  5.2038  4.6167  3.3028  2.9790  2.8402  2.8332
 157  1.283027  3.7570  3.8723  0.6551  5.2148  4.6263  3.3038  2.9778  2.8374  2.8293
 158  1.283621  3.7561  3.8683  0.6557  5.2268  4.6370  3.3054  2.9771  2.8350  2.8258
 159  1.284211  3.7550  3.8642  0.6560  5.2405  4.6494  3.3078  2.9770  2.8329  2.8227
 160  1.284788  3.7540  3.8603  0.6560  5.2557  4.6631  3.3110  2.9775  2.8315  2.8201
 161  1.285343  3.7529  3.8565  0.6558  5.2723  4.6781  3.3152  2.9790  2.8308  2.8183
 162  1.286609  3.7501  3.8473  0.6536  5.3231  4.7247  3.3311  2.9868  2.8328  2.8168
 163  1.287782  3.7468  3.8386  0.6494  5.3842  4.7815  3.3542  3.0006  2.8399  2.8198
 164  1.288867  3.7431  3.8308  0.6431  5.4574  4.8496  3.3840  3.0203  2.8522  2.8276
 165  1.289853  3.7393  3.8238  0.6350  5.5422  4.9282  3.4199  3.0455  2.8694  2.8401
 166  1.290748  3.7351  3.8174  0.6253  5.6358  5.0153  3.4613  3.0751  2.8907  2.8563
 167  1.291568  3.7309  3.8115  0.6145  5.7358  5.1086  3.5068  3.1082  2.9147  2.8748
 168  1.292342  3.7264  3.8051  0.6033  5.8428  5.2083  3.5552  3.1434  2.9405  2.8948
 169  1.293104  3.7217  3.7977  0.5922  5.9559  5.3133  3.6052  3.1798  2.9669  2.9150
 170  1.293898  3.7167  3.7877  0.5820  6.0754  5.4236  3.6556  3.2155  2.9915  2.9328
 171  1.294786  3.7110  3.7726  0.5746  6.2018  5.5395  3.7038  3.2466  3.0098  2.9433
 172  1.295801  3.7050  3.7495  0.5742  6.3185  5.6443  3.7374  3.2625  3.0119  2.9371
 173  1.296734  3.7003  3.7232  0.5822  6.3892  5.7052  3.7443  3.2555  2.9938  2.9125
 174  1.297502  3.6971  3.6982  0.5945  6.4200  5.7290  3.7327  3.2340  2.9646  2.8786
 175  1.298150  3.6948  3.6749  0.6089  6.4282  5.7322  3.7108  3.2052  2.9301  2.8406
 176  1.298732  3.6931  3.6531  0.6239  6.4243  5.7244  3.6840  3.1730  2.8936  2.8015
 177  1.299276  3.6916  3.6322  0.6393  6.4143  5.7112  3.6544  3.1390  2.8559  2.7618
 178  1.299794  3.6904  3.6118  0.6550  6.3998  5.6940  3.6231  3.1040  2.8177  2.7217
 179  1.300295  3.6893  3.5920  0.6707  6.3815  5.6733  3.5904  3.0680  2.7790  2.6814
 180  1.300782  3.6884  3.5725  0.6866  6.3608  5.6504  3.5569  3.0315  2.7401  2.6410
 181  1.301257  3.6875  3.5533  0.7026  6.3381  5.6256  3.5224  2.9945  2.7009  2.6006
 182  1.301795  3.6866  3.5311  0.7212  6.3098  5.5954  3.4818  2.9510  2.6550  2.5533
 183  1.302331  3.6858  3.5092  0.7400  6.2797  5.5632  3.4401  2.9070  2.6087  2.5058
 184  1.302871  3.6850  3.4877  0.7586  6.2488  5.5305  3.3986  2.8631  2.5628  2.4586
 185  1.303413  3.6843  3.4665  0.7770  6.2176  5.4975  3.3574  2.8198  2.5175  2.4121
 186  1.303943  3.6836  3.4445  0.7962  6.1846  5.4629  3.3144  2.7745  2.4703  2.3637
 187  1.304465  3.6828  3.4218  0.8160  6.1508  5.4273  3.2701  2.7279  2.4217  2.3138
 188  1.304983  3.6820  3.3990  0.8360  6.1161  5.3909  3.2251  2.6808  2.3726  2.2635
 189  1.305499  3.6812  3.3759  0.8561  6.0810  5.3542  3.1798  2.6331  2.3229  2.2125
 190  1.306010  3.6805  3.3527  0.8766  6.0454  5.3170  3.1337  2.5849  2.2726  2.1609
 191  1.306519  3.6797  3.3291  0.8973  6.0092  5.2791  3.0870  2.5359  2.2216  2.1087
 192  1.307024  3.6790  3.3053  0.9181  5.9731  5.2414  3.0402  2.4868  2.1704  2.0563
 193  1.307534  3.6782  3.2821  0.9385  5.9380  5.2046  2.9943  2.4386  2.1203  2.0049
 194  1.308041  3.6774  3.2585  0.9593  5.9025  5.1675  2.9479  2.3899  2.0695  1.9528
 195  1.308534  3.6767  3.2336  0.9810  5.8657  5.1290  2.8992  2.3387  2.0160  1.8979
 196  1.309021  3.6758  3.2082  1.0032  5.8285  5.0900  2.8495  2.2866  1.9616  1.8421
 197  1.309500  3.6749  3.1823  1.0257  5.7906  5.0506  2.7991  2.2335  1.9060  1.7852
 198  1.309974  3.6740  3.1559  1.0487  5.7526  5.0108  2.7479  2.1795  1.8497  1.7273
 199  1.310441  3.6731  3.1291  1.0721  5.7141  4.9708  2.6961  2.1249  1.7925  1.6686
 200  1.310900  3.6722  3.1017  1.0958  5.6754  4.9306  2.6435  2.0693  1.7343  1.6089
 201  1.311351  3.6712  3.0738  1.1200  5.6365  4.8901  2.5900  2.0128  1.6749  1.5478
 202  1.311794  3.6702  3.0453  1.1445  5.5976  4.8496  2.5362  1.9558  1.6150  1.4862
 203  1.312230  3.6691  3.0164  1.1694  5.5587  4.8092  2.4816  1.8980  1.5542  1.4237
 204  1.312656  3.6680  2.9868  1.1948  5.5197  4.7686  2.4264  1.8393  1.4923  1.3599
 205  1.313071  3.6668  2.9565  1.2205  5.4809  4.7284  2.3706  1.7798  1.4293  1.2951
 206  1.313474  3.6656  2.9255  1.2468  5.4426  4.6886  2.3141  1.7193  1.3653  1.2290
 207  1.313869  3.6644  2.8941  1.2733  5.4043  4.6489  2.2573  1.6584  1.3007  1.1623
 208  1.314252  3.6631  2.8621  1.3003  5.3663  4.6096  2.1999  1.5967  1.2351  1.0944
 209  1.314622  3.6618  2.8294  1.3277  5.3284  4.5704  2.1419  1.5343  1.1684  1.0256
 210  1.314985  3.6604  2.7963  1.3554  5.2907  4.5315  2.0836  1.4715  1.1013  0.9561
 211  1.315335  3.6590  2.7627  1.3834  5.2536  4.4930  2.0250  1.4083  1.0335  0.8859
 212  1.315678  3.6575  2.7288  1.4117  5.2165  4.4547  1.9662  1.3447  0.9652  0.8151
 213  1.316015  3.6560  2.6944  1.4400  5.1800  4.4172  1.9074  1.2811  0.8967  0.7440
 214  1.316349  3.6544  2.6600  1.4685  5.1447  4.3810  1.8493  1.2179  0.8283  0.6729
 215  1.316698  3.6529  2.6254  1.4970  5.1092  4.3448  1.7911  1.1548  0.7597  0.6016
 216  1.317159  3.6519  2.6009  1.5177  5.0804  4.3156  1.7478  1.1083  0.7097  0.5497
 217  1.317223  3.6519  2.6007  1.5179  5.0794  4.3145  1.7470  1.1077  0.7091  0.5491
 218  1.317287  3.6520  2.6016  1.5173  5.0797  4.3148  1.7480  1.1088  0.7106  0.5507
 219  1.317346  3.6521  2.6035  1.5158  5.0811  4.3162  1.7507  1.1119  0.7140  0.5543
 220  1.317398  3.6522  2.6061  1.5137  5.0832  4.3181  1.7547  1.1163  0.7189  0.5594
 221  1.317443  3.6524  2.6093  1.5113  5.0856  4.3205  1.7594  1.1215  0.7248  0.5657
 222  1.317484  3.6526  2.6128  1.5085  5.0883  4.3232  1.7645  1.1273  0.7314  0.5725
 223  1.317525  3.6527  2.6165  1.5056  5.0913  4.3261  1.7701  1.1335  0.7382  0.5797
 224  1.317565  3.6529  2.6202  1.5027  5.0946  4.3293  1.7758  1.1397  0.7452  0.5871
 225  1.317605  3.6532  2.6240  1.4996  5.0981  4.3328  1.7818  1.1463  0.7526  0.5947
 226  1.317646  3.6533  2.6275  1.4967  5.1019  4.3366  1.7877  1.1528  0.7596  0.6021
 227  1.318225  3.6542  2.6372  1.4906  5.0987  4.3328  1.7947  1.1624  0.7730  0.6171
 228  1.318842  3.6516  2.5823  1.5356  5.0455  4.2795  1.7047  1.0639  0.6653  0.5048
 229  1.319415  3.6490  2.5250  1.5825  4.9885  4.2237  1.6112  0.9619  0.5531  0.3878
 230  1.319937  3.6452  2.4472  1.6456  4.9177  4.1539  1.4875  0.8260  0.4029  0.2307
 231  1.320386  3.6415  2.3727  1.7055  4.8523  4.0908  1.3722  0.6991  0.2609  0.0817
 232  1.320785  3.6378  2.2992  1.7642  4.7896  4.0316  1.2615  0.5769  0.1224 -0.0642
 233  1.321130  3.6342  2.2282  1.8207  4.7296  3.9766  1.1567  0.4610 -0.0108 -0.2048
 234  1.321435  3.6305  2.1580  1.8763  4.6711  3.9243  1.0556  0.3494 -0.1409 -0.3428
 235  1.321705  3.6269  2.0897  1.9302  4.6143  3.8750  0.9597  0.2436 -0.2664 -0.4764
 236  1.321946  3.6231  2.0215  1.9837  4.5570  3.8264  0.8664  0.1407 -0.3906 -0.6091
 237  1.322159  3.6195  1.9548  2.0357  4.5021  3.7810  0.7787  0.0445 -0.5104 -0.7379
 238  1.322349  3.6158  1.8894  2.0864  4.4494  3.7385  0.6964 -0.0456 -0.6260 -0.8631
 239  1.322517  3.6121  1.8255  2.1356  4.3977  3.6975  0.6193 -0.1297 -0.7378 -0.9850
 240  1.322670  3.6084  1.7621  2.1844  4.3464  3.6571  0.5462 -0.2091 -0.8476 -1.1055
 241  1.322805  3.6047  1.7001  2.2318  4.2968  3.6184  0.4780 -0.2821 -0.9537 -1.2226
 242  1.322927  3.6012  1.6393  2.2782  4.2487  3.5810  0.4146 -0.3491 -1.0568 -1.3373
 243  1.323037  3.5976  1.5799  2.3233  4.2021  3.5444  0.3563 -0.4097 -1.1562 -1.4488
 244  1.323136  3.5941  1.5216  2.3676  4.1557  3.5078  0.3026 -0.4651 -1.2524 -1.5575
 245  1.323226  3.5905  1.4644  2.4108  4.1102  3.4718  0.2545 -0.5137 -1.3451 -1.6634
 246  1.323307  3.5871  1.4081  2.4530  4.0676  3.4373  0.2130 -0.5543 -1.4344 -1.7667
 247  1.323381  3.5836  1.3530  2.4942  4.0278  3.4037  0.1773 -0.5871 -1.5202 -1.8674
 248  1.323448  3.5801  1.2993  2.5344  3.9910  3.3712  0.1477 -0.6117 -1.6027 -1.9654
 249  1.323510  3.5768  1.2463  2.5737  3.9562  3.3395  0.1246 -0.6290 -1.6820 -2.0611
 250  1.323566  3.5734  1.1946  2.6121  3.9239  3.3083  0.1083 -0.6380 -1.7572 -2.1535
 251  1.323618  3.5701  1.1443  2.6495  3.8956  3.2785  0.1005 -0.6366 -1.8284 -2.2431
 252  1.323665  3.5670  1.0945  2.6862  3.8704  3.2496  0.1000 -0.6280 -1.8963 -2.3303
 253  1.323708  3.5638  1.0464  2.7217  3.8494  3.2227  0.1070 -0.6127 -1.9588 -2.4133
 254  1.323749  3.5606  0.9986  2.7568  3.8330  3.1998  0.1203 -0.5957 -2.0171 -2.4931
 255  1.323786  3.5575  0.9521  2.7907  3.8221  3.1813  0.1428 -0.5737 -2.0697 -2.5685
 256  1.323821  3.5543  0.9065  2.8239  3.8148  3.1633  0.1770 -0.5399 -2.1165 -2.6400
 257  1.323852  3.5513  0.8619  2.8562  3.8115  3.1450  0.2249 -0.4900 -2.1571 -2.7075
 258  1.323882  3.5482  0.8181  2.8878  3.8132  3.1254  0.2985 -0.4027 -2.1905 -2.7721
 259  1.323909  3.5452  0.7754  2.9188  3.8184  3.0965  0.3886 -0.2897 -2.2168 -2.8323
 260  1.323935  3.5422  0.7333  2.9489  3.8265  3.0661  0.4914 -0.1631 -2.2358 -2.8884
 261  1.323960  3.5393  0.6923  2.9783  3.8368  3.0355  0.6034 -0.0309 -2.2476 -2.9394
 262  1.323982  3.5365  0.6521  3.0070  3.8482  3.0050  0.7309  0.1068 -2.2481 -2.9840
 263  1.324003  3.5337  0.6126  3.0351  3.8599  2.9766  0.8798  0.2443 -2.2312 -3.0185
 264  1.324023  3.5309  0.5741  3.0625  3.8725  2.9499  1.0337  0.3781 -2.2071 -3.0478
 265  1.324042  3.5281  0.5362  3.0892  3.8865  2.9262  1.1909  0.5084 -2.1764 -3.0720
 266  1.324059  3.5253  0.4992  3.1154  3.9007  2.9043  1.3406  0.6265 -2.1433 -3.0927
 267  1.324075  3.5226  0.4626  3.1409  3.9153  2.8931  1.4553  0.7017 -2.1148 -3.1113
 268  1.324091  3.5200  0.4271  3.1658  3.9284  2.8891  1.5372  0.7415 -2.0934 -3.1301
 269  1.324105  3.5173  0.3923  3.1901  3.9418  2.8895  1.6078  0.7678 -2.0717 -3.1465
 270  1.324120  3.5147  0.3581  3.2139  3.9549  2.8937  1.6701  0.7828 -2.0493 -3.1605
 271  1.324133  3.5122  0.3248  3.2371  3.9667  2.9000  1.7239  0.7881 -2.0274 -3.1729
 272  1.324146  3.5096  0.2916  3.2599  3.9775  2.9060  1.7740  0.7933 -2.0042 -3.1830
 273  1.324157  3.5070  0.2591  3.2819  3.9872  2.9116  1.8202  0.7984 -1.9805 -3.1909
 274  1.324168  3.5045  0.2275  3.3036  3.9925  2.9148  1.8554  0.7966 -1.9624 -3.2009
 275  1.324180  3.5020  0.1966  3.3248  3.9963  2.9189  1.8825  0.7883 -1.9467 -3.2107
 276  1.324189  3.4996  0.1663  3.3453  3.9995  2.9248  1.9020  0.7739 -1.9336 -3.2206
 277  1.324200  3.4973  0.1371  3.3652  4.0019  2.9318  1.9174  0.7580 -1.9228 -3.2308
 278  1.324209  3.4950  0.1089  3.3842  4.0039  2.9399  1.9340  0.7486 -1.9154 -3.2431
 279  1.324271  3.4930  0.0858  3.3994  4.0083  2.9505  1.9506  0.7427 -1.9071 -3.2514
