#NUMBER OF AGES= 1
#----------------------------------------------------       
#MIX-LEN  Y      Z          Zeff        [Fe/H] [a/Fe]
# 1.9380  0.2925 2.9511E-02 2.9511E-02   0.28   0.00 
#----------------------------------------------------       
#**PHOTOMETRIC SYSTEM**: SkyMapper (AB)                     
#----------------------------------------------------       
#AGE= 5.500 EEPS=271
#EEP   M/Mo    LogTeff  LogG   LogL/Lo u       v       g       r       i       z
   9  0.105964  3.4976  5.2557 -2.8485 17.7472 17.2859 14.5230 13.6053 11.9753 11.3985
  10  0.126328  3.4976  5.1854 -2.7025 17.3561 16.8716 14.1581 13.2415 11.6145 11.0352
  11  0.154835  3.4985  5.1118 -2.5368 16.8956 16.3827 13.7285 12.8148 11.2004 10.6217
  12  0.194344  3.5040  5.0535 -2.3575 16.3239 15.7721 13.1954 12.2941 10.7300 10.1664
  13  0.223592  3.5080  5.0180 -2.2453 15.9625 15.3881 12.8578 11.9658 10.4345  9.8813
  14  0.245517  3.5108  4.9942 -2.1693 15.7172 15.1280 12.6280 11.7430 10.2340  9.6883
  15  0.266532  3.5136  4.9733 -2.1020 15.5019 14.9005 12.4255 11.5470 10.0569  9.5180
  16  0.286309  3.5159  4.9556 -2.0434 15.3145 14.7031 12.2488 11.3762  9.9023  9.3698
  17  0.300212  3.5176  4.9434 -2.0042 15.1894 14.5715 12.1304 11.2621  9.7989  9.2707
  18  0.308999  3.5186  4.9348 -1.9791 15.1109 14.4889 12.0562 11.1904  9.7333  9.2075
  19  0.315230  3.5192  4.9285 -1.9614 15.0559 14.4310 12.0043 11.1403  9.6872  9.1631
  20  0.318796  3.5194  4.9272 -1.9547 15.0372 14.4117 11.9860 11.1223  9.6701  9.1464
  21  0.321387  3.5201  4.9283 -1.9495 15.0143 14.3877 11.9641 11.1020  9.6544  9.1328
  22  0.324395  3.5204  4.9236 -1.9394 14.9839 14.3557 11.9357 11.0745  9.6285  9.1076
  23  0.327078  3.5206  4.9182 -1.9297 14.9566 14.3269 11.9101 11.0494  9.6043  9.0836
  24  0.329879  3.5209  4.9145 -1.9212 14.9302 14.2991 11.8852 11.0255  9.5819  9.0619
  25  0.331250  3.5204  4.9165 -1.9237 14.9450 14.3153 11.8982 11.0370  9.5901  9.0687
  26  0.335435  3.5216  4.9161 -1.9127 14.8998 14.2676 11.8554 10.9971  9.5582  9.0404
  27  0.341243  3.5222  4.9090 -1.8957 14.8480 14.2131 11.8065 10.9498  9.5142  8.9977
  28  0.368134  3.5267  4.8943 -1.8329 14.6367 13.9942 11.5991 10.7497  9.3451  8.8414
  29  0.510457  3.5531  4.7740 -1.4591 13.4208 12.7300 10.4135  9.6250  8.3455  7.9107
  30  0.509457  3.5544  4.7735 -1.4574 13.4156 12.7286 10.3946  9.6041  8.3384  7.9090
  31  0.522508  3.5584  4.7621 -1.4194 13.2912 12.6029 10.2617  9.4761  8.2343  7.8165
  32  0.533882  3.5619  4.7522 -1.3859 13.1805 12.4919 10.1411  9.3592  8.1426  7.7354
  33  0.544901  3.5655  4.7427 -1.3531 13.0725 12.3840 10.0215  9.2427  8.0531  7.6566
  34  0.556974  3.5694  4.7323 -1.3174 12.9554 12.2675  9.8900  9.1140  7.9557  7.5711
  35  0.571584  3.5744  4.7203 -1.2741 12.8122 12.1263  9.7261  8.9533  7.8360  7.4673
  36  0.589711  3.5812  4.7063 -1.2198 12.6276 11.9461  9.5099  8.7397  7.6836  7.3374
  37  0.611135  3.5894  4.6905 -1.1553 12.3992 11.7254  9.2379  8.4680  7.4998  7.1844
  38  0.634129  3.5988  4.6747 -1.0858 12.1558 11.4877  8.9432  8.1764  7.3018  7.0191
  39  0.651069  3.6055  4.6625 -1.0353 11.9812 11.3152  8.7387  7.9759  7.1621  6.9006
  40  0.665823  3.6122  4.6535 -0.9897 11.8179 11.1582  8.5386  7.7763  7.0329  6.7956
  41  0.710282  3.6329  4.6311 -0.8569 11.2645 10.6082  7.9592  7.2194  6.6594  6.4831
  42  0.749302  3.6506  4.6126 -0.7446 10.7205 10.0586  7.4896  6.7927  6.3477  6.2092
  43  0.771400  3.6604  4.6024 -0.6824 10.3945  9.7300  7.2393  6.5747  6.1784  6.0557
  44  0.788829  3.6683  4.5944 -0.6330 10.1232  9.4575  7.0438  6.4091  6.0453  5.9328
  45  0.803758  3.6752  4.5872 -0.5903  9.8825  9.2174  6.8786  6.2711  5.9313  5.8266
  46  0.816808  3.6811  4.5806 -0.5528  9.6689  9.0067  6.7372  6.1533  5.8326  5.7343
  47  0.827840  3.6860  4.5748 -0.5215  9.4936  8.8348  6.6216  6.0570  5.7510  5.6582
  48  0.837839  3.6903  4.5693 -0.4935  9.3397  8.6849  6.5199  5.9720  5.6786  5.5907
  49  0.847586  3.6944  4.5635 -0.4666  9.1928  8.5422  6.4237  5.8914  5.6093  5.5263
  50  0.857223  3.6983  4.5578 -0.4401  9.0504  8.4049  6.3308  5.8132  5.5418  5.4635
  51  0.866769  3.7021  4.5518 -0.4141  8.9110  8.2713  6.2405  5.7370  5.4754  5.4019
  52  0.873733  3.7049  4.5472 -0.3950  8.8094  8.1737  6.1753  5.6817  5.4274  5.3572
  53  0.880597  3.7076  4.5426 -0.3762  8.7097  8.0780  6.1118  5.6276  5.3802  5.3133
  54  0.887360  3.7102  4.5379 -0.3578  8.6122  7.9846  6.0499  5.5747  5.3340  5.2704
  55  0.894017  3.7127  4.5330 -0.3397  8.5172  7.8937  5.9897  5.5233  5.2887  5.2283
  56  0.900557  3.7151  4.5282 -0.3219  8.4245  7.8054  5.9312  5.4732  5.2446  5.1872
  57  0.906993  3.7175  4.5233 -0.3043  8.3342  7.7193  5.8744  5.4242  5.2014  5.1469
  58  0.913329  3.7198  4.5183 -0.2870  8.2461  7.6355  5.8191  5.3765  5.1590  5.1074
  59  0.919565  3.7220  4.5132 -0.2702  8.1610  7.5545  5.7654  5.3298  5.1172  5.0686
  60  0.925690  3.7242  4.5081 -0.2536  8.0782  7.4757  5.7131  5.2843  5.0765  5.0305
  61  0.931722  3.7262  4.5029 -0.2374  7.9981  7.3994  5.6622  5.2398  5.0365  4.9932
  62  0.937649  3.7282  4.4977 -0.2214  7.9201  7.3251  5.6127  5.1964  4.9975  4.9566
  63  0.943478  3.7301  4.4923 -0.2057  7.8441  7.2529  5.5646  5.1541  4.9591  4.9206
  64  0.949203  3.7320  4.4871 -0.1904  7.7702  7.1826  5.5177  5.1127  4.9216  4.8854
  65  0.954833  3.7338  4.4816 -0.1752  7.6988  7.1146  5.4721  5.0722  4.8848  4.8508
  66  0.960355  3.7355  4.4763 -0.1604  7.6295  7.0486  5.4277  5.0327  4.8488  4.8169
  67  0.965758  3.7372  4.4709 -0.1460  7.5627  6.9848  5.3843  4.9943  4.8139  4.7839
  68  0.971060  3.7387  4.4655 -0.1318  7.4985  6.9233  5.3421  4.9568  4.7797  4.7516
  69  0.976252  3.7403  4.4600 -0.1179  7.4364  6.8635  5.3009  4.9203  4.7463  4.7201
  70  0.981353  3.7418  4.4545 -0.1043  7.3762  6.8058  5.2608  4.8845  4.7135  4.6891
  71  0.986360  3.7432  4.4491 -0.0910  7.3181  6.7498  5.2216  4.8496  4.6815  4.6588
  72  0.991280  3.7446  4.4436 -0.0779  7.2617  6.6955  5.1835  4.8154  4.6501  4.6290
  73  0.996120  3.7459  4.4382 -0.0650  7.2070  6.6429  5.1462  4.7818  4.6191  4.5996
  74  1.000782  3.7471  4.4327 -0.0526  7.1549  6.5926  5.1103  4.7495  4.5893  4.5713
  75  1.005063  3.7482  4.4275 -0.0410  7.1071  6.5465  5.0772  4.7197  4.5616  4.5449
  76  1.009051  3.7493  4.4225 -0.0302  7.0628  6.5036  5.0462  4.6917  4.5355  4.5201
  77  1.012817  3.7503  4.4176 -0.0198  7.0206  6.4629  5.0166  4.6648  4.5107  4.4963
  78  1.016489  3.7512  4.4128 -0.0095  6.9800  6.4234  4.9877  4.6385  4.4862  4.4730
  79  1.020157  3.7521  4.4078  0.0006  6.9396  6.3842  4.9591  4.6125  4.4619  4.4497
  80  1.023929  3.7530  4.4027  0.0110  6.8989  6.3446  4.9299  4.5859  4.4371  4.4260
  81  1.027955  3.7540  4.3973  0.0218  6.8565  6.3034  4.8996  4.5581  4.4112  4.4012
  82  1.031064  3.7546  4.3932  0.0300  6.8245  6.2722  4.8766  4.5372  4.3917  4.3823
  83  1.034445  3.7554  4.3890  0.0386  6.7908  6.2393  4.8523  4.5151  4.3710  4.3626
  84  1.038290  3.7562  4.3842  0.0482  6.7539  6.2035  4.8257  4.4908  4.3482  4.3407
  85  1.042757  3.7571  4.3788  0.0589  6.7128  6.1632  4.7958  4.4633  4.3224  4.3159
  86  1.048353  3.7581  4.3720  0.0720  6.6635  6.1152  4.7594  4.4298  4.2908  4.2854
  87  1.070011  3.7612  4.3433  0.1223  6.4863  5.9410  4.6229  4.3024  4.1697  4.1678
  88  1.099095  3.7643  4.3025  0.1871  6.2751  5.7311  4.4501  4.1389  4.0123  4.0140
  89  1.106593  3.7649  4.2926  0.2021  6.2297  5.6855  4.4109  4.1014  3.9759  3.9781
  90  1.102270  3.7645  4.2980  0.1936  6.2574  5.7127  4.4337  4.1231  3.9969  3.9988
  91  1.106617  3.7647  4.2911  0.2026  6.2335  5.6883  4.4110  4.1007  3.9748  3.9766
  92  1.110408  3.7646  4.2847  0.2105  6.2141  5.6684  4.3914  4.0811  3.9551  3.9569
  93  1.114204  3.7646  4.2779  0.2183  6.1962  5.6498  4.3723  4.0618  3.9356  3.9372
  94  1.118575  3.7644  4.2704  0.2269  6.1771  5.6299  4.3515  4.0406  3.9140  3.9154
  95  1.123999  3.7641  4.2616  0.2370  6.1545  5.6064  4.3270  4.0156  3.8886  3.8898
  96  1.130850  3.7639  4.2505  0.2496  6.1269  5.5776  4.2963  3.9844  3.8569  3.8578
  97  1.140678  3.7634  4.2343  0.2674  6.0889  5.5379  4.2532  3.9400  3.8115  3.8118
  98  1.152085  3.7626  4.2146  0.2884  6.0471  5.4937  4.2033  3.8883  3.7583  3.7577
  99  1.162638  3.7619  4.1960  0.3081  6.0092  5.4535  4.1570  3.8401  3.7087  3.7071
 100  1.171103  3.7613  4.1810  0.3239  5.9779  5.4203  4.1193  3.8011  3.6685  3.6662
 101  1.176470  3.7611  4.1712  0.3346  5.9547  5.3961  4.0933  3.7745  3.6414  3.6388
 102  1.180355  3.7609  4.1639  0.3431  5.9350  5.3757  4.0725  3.7536  3.6203  3.6176
 103  1.183434  3.7610  4.1578  0.3502  5.9173  5.3575  4.0547  3.7358  3.6025  3.5997
 104  1.185891  3.7610  4.1528  0.3564  5.9004  5.3402  4.0389  3.7202  3.5872  3.5845
 105  1.187979  3.7611  4.1482  0.3619  5.8857  5.3253  4.0248  3.7064  3.5734  3.5707
 106  1.189837  3.7613  4.1441  0.3672  5.8709  5.3102  4.0114  3.6933  3.5605  3.5580
 107  1.191541  3.7615  4.1405  0.3722  5.8550  5.2944  3.9980  3.6806  3.5482  3.5460
 108  1.192901  3.7616  4.1371  0.3766  5.8420  5.2813  3.9865  3.6696  3.5375  3.5353
 109  1.194028  3.7618  4.1344  0.3808  5.8281  5.2674  3.9754  3.6592  3.5275  3.5257
 110  1.195132  3.7621  4.1316  0.3849  5.8147  5.2540  3.9646  3.6490  3.5177  3.5161
 111  1.196162  3.7623  4.1290  0.3888  5.8012  5.2406  3.9539  3.6389  3.5083  3.5068
 112  1.197288  3.7626  4.1260  0.3937  5.7839  5.2234  3.9406  3.6267  3.4967  3.4957
 113  1.198355  3.7630  4.1229  0.3986  5.7655  5.2053  3.9269  3.6141  3.4849  3.4843
 114  1.199339  3.7634  4.1199  0.4037  5.7462  5.1862  3.9127  3.6012  3.4728  3.4728
 115  1.200261  3.7639  4.1170  0.4090  5.7264  5.1666  3.8981  3.5881  3.4607  3.4611
 116  1.201144  3.7644  4.1140  0.4142  5.7057  5.1462  3.8833  3.5748  3.4483  3.4493
 117  1.201943  3.7650  4.1111  0.4196  5.6844  5.1253  3.8680  3.5611  3.4358  3.4375
 118  1.202689  3.7655  4.1082  0.4250  5.6628  5.1039  3.8527  3.5474  3.4232  3.4254
 119  1.203357  3.7661  4.1051  0.4306  5.6403  5.0816  3.8366  3.5331  3.4101  3.4130
 120  1.203973  3.7667  4.1021  0.4363  5.6176  5.0591  3.8205  3.5187  3.3970  3.4005
 121  1.204557  3.7673  4.0990  0.4421  5.5945  5.0363  3.8041  3.5041  3.3836  3.3879
 122  1.205109  3.7679  4.0959  0.4479  5.5716  5.0136  3.7877  3.4895  3.3702  3.3752
 123  1.205622  3.7686  4.0927  0.4537  5.5482  4.9905  3.7712  3.4748  3.3567  3.3624
 124  1.206122  3.7692  4.0895  0.4595  5.5248  4.9674  3.7547  3.4601  3.3433  3.3494
 125  1.206612  3.7697  4.0862  0.4653  5.5017  4.9445  3.7384  3.4454  3.3297  3.3366
 126  1.207086  3.7703  4.0829  0.4712  5.4787  4.9218  3.7220  3.4307  3.3161  3.3237
 127  1.207524  3.7709  4.0790  0.4774  5.4549  4.8982  3.7045  3.4149  3.3014  3.3095
 128  1.207851  3.7715  4.0761  0.4827  5.4337  4.8773  3.6896  3.4017  3.2893  3.2980
 129  1.208155  3.7720  4.0727  0.4885  5.4116  4.8554  3.6736  3.3872  3.2759  3.2851
 130  1.208483  3.7725  4.0690  0.4943  5.3898  4.8337  3.6575  3.3726  3.2623  3.2721
 131  1.208843  3.7730  4.0653  0.5002  5.3684  4.8123  3.6414  3.3579  3.2485  3.2588
 132  1.209235  3.7735  4.0614  0.5061  5.3470  4.7911  3.6252  3.3430  3.2346  3.2454
 133  1.209656  3.7739  4.0572  0.5121  5.3263  4.7703  3.6089  3.3280  3.2204  3.2317
 134  1.210119  3.7743  4.0528  0.5182  5.3064  4.7503  3.5927  3.3128  3.2058  3.2175
 135  1.210836  3.7738  4.0452  0.5243  5.2971  4.7399  3.5789  3.2979  3.1902  3.2013
 136  1.211716  3.7732  4.0402  0.5272  5.2979  4.7398  3.5734  3.2910  3.1821  3.1925
 137  1.212764  3.7723  4.0369  0.5270  5.3116  4.7523  3.5767  3.2918  3.1809  3.1904
 138  1.213763  3.7717  4.0292  0.5330  5.3040  4.7437  3.5634  3.2773  3.1654  3.1742
 139  1.214810  3.7707  4.0243  0.5343  5.3146  4.7530  3.5632  3.2745  3.1606  3.1684
 140  1.215775  3.7706  4.0170  0.5413  5.2992  4.7367  3.5460  3.2569  3.1429  3.1504
 141  1.216880  3.7698  4.0143  0.5415  5.3086  4.7452  3.5474  3.2564  3.1410  3.1478
 142  1.218046  3.7683  4.0076  0.5428  5.3264  4.7612  3.5489  3.2540  3.1358  3.1410
 143  1.219336  3.7672  3.9982  0.5477  5.3307  4.7638  3.5401  3.2420  3.1214  3.1251
 144  1.220636  3.7664  3.9914  0.5521  5.3304  4.7623  3.5316  3.2314  3.1093  3.1122
 145  1.221900  3.7659  3.9861  0.5556  5.3296  4.7606  3.5246  3.2227  3.0994  3.1018
 146  1.223130  3.7653  3.9812  0.5587  5.3303  4.7603  3.5185  3.2149  3.0906  3.0922
 147  1.224314  3.7648  3.9764  0.5619  5.3300  4.7592  3.5122  3.2070  3.0817  3.0827
 148  1.225451  3.7643  3.9719  0.5651  5.3293  4.7576  3.5056  3.1989  3.0727  3.0732
 149  1.226551  3.7637  3.9668  0.5683  5.3304  4.7576  3.4996  3.1910  3.0636  3.0635
 150  1.227617  3.7632  3.9617  0.5713  5.3322  4.7584  3.4939  3.1834  3.0548  3.0540
 151  1.228652  3.7625  3.9565  0.5742  5.3342  4.7595  3.4888  3.1765  3.0466  3.0450
 152  1.229657  3.7618  3.9515  0.5769  5.3368  4.7610  3.4841  3.1700  3.0387  3.0364
 153  1.230637  3.7611  3.9465  0.5794  5.3404  4.7637  3.4799  3.1640  3.0314  3.0281
 154  1.231593  3.7604  3.9413  0.5818  5.3454  4.7675  3.4764  3.1585  3.0243  3.0203
 155  1.232528  3.7595  3.9361  0.5840  5.3517  4.7725  3.4735  3.1535  3.0178  3.0128
 156  1.233446  3.7586  3.9310  0.5860  5.3594  4.7789  3.4713  3.1491  3.0118  3.0058
 157  1.234349  3.7577  3.9257  0.5877  5.3692  4.7871  3.4700  3.1454  3.0061  2.9991
 158  1.235239  3.7566  3.9205  0.5892  5.3811  4.7972  3.4696  3.1424  3.0012  2.9929
 159  1.236110  3.7555  3.9152  0.5903  5.3952  4.8096  3.4704  3.1402  2.9969  2.9874
 160  1.236955  3.7543  3.9098  0.5910  5.4123  4.8245  3.4726  3.1394  2.9937  2.9828
 161  1.237752  3.7530  3.9048  0.5912  5.4315  4.8417  3.4765  3.1398  2.9917  2.9793
 162  1.239685  3.7494  3.8925  0.5898  5.4917  4.8959  3.4928  3.1464  2.9913  2.9747
 163  1.241486  3.7455  3.8814  0.5856  5.5644  4.9627  3.5183  3.1609  2.9977  2.9762
 164  1.243155  3.7411  3.8715  0.5788  5.6521  5.0436  3.5525  3.1830  3.0109  2.9841
 165  1.244683  3.7365  3.8626  0.5698  5.7517  5.1359  3.5939  3.2113  3.0299  2.9974
 166  1.246092  3.7318  3.8545  0.5595  5.8596  5.2361  3.6405  3.2440  3.0525  3.0139
 167  1.247425  3.7268  3.8464  0.5485  5.9742  5.3425  3.6905  3.2795  3.0775  3.0325
 168  1.248739  3.7217  3.8371  0.5374  6.0948  5.4540  3.7421  3.3162  3.1033  3.0515
 169  1.250110  3.7162  3.8256  0.5275  6.2216  5.5708  3.7943  3.3523  3.1275  3.0683
 170  1.251645  3.7102  3.8094  0.5203  6.3530  5.6911  3.8437  3.3839  3.1454  3.0782
 171  1.253360  3.7041  3.7860  0.5201  6.4718  5.7976  3.8778  3.3998  3.1472  3.0715
 172  1.254971  3.6994  3.7588  0.5284  6.5446  5.8604  3.8853  3.3927  3.1284  3.0458
 173  1.256322  3.6959  3.7325  0.5418  6.5754  5.8840  3.8722  3.3692  3.0967  3.0094
 174  1.257466  3.6936  3.7080  0.5571  6.5825  5.8860  3.8485  3.3383  3.0599  2.9691
 175  1.258483  3.6918  3.6853  0.5730  6.5780  5.8777  3.8200  3.3041  3.0212  2.9276
 176  1.259417  3.6904  3.6636  0.5894  6.5655  5.8622  3.7882  3.2679  2.9813  2.8856
 177  1.260292  3.6892  3.6426  0.6059  6.5479  5.8418  3.7545  3.2305  2.9409  2.8434
 178  1.261122  3.6881  3.6221  0.6225  6.5270  5.8186  3.7196  3.1924  2.9000  2.8010
 179  1.261914  3.6873  3.6021  0.6393  6.5031  5.7926  3.6835  3.1535  2.8589  2.7585
 180  1.262674  3.6864  3.5822  0.6561  6.4776  5.7652  3.6469  3.1144  2.8175  2.7159
 181  1.263406  3.6856  3.5625  0.6729  6.4508  5.7365  3.6097  3.0750  2.7760  2.6733
 182  1.264120  3.6849  3.5425  0.6903  6.4221  5.7060  3.5710  3.0342  2.7333  2.6294
 183  1.264825  3.6843  3.5224  0.7080  6.3916  5.6737  3.5314  2.9924  2.6898  2.5848
 184  1.265526  3.6836  3.5023  0.7257  6.3602  5.6408  3.4913  2.9505  2.6462  2.5401
 185  1.266224  3.6830  3.4823  0.7434  6.3284  5.6074  3.4510  2.9084  2.6025  2.4954
 186  1.266906  3.6824  3.4614  0.7620  6.2948  5.5724  3.4089  2.8645  2.5568  2.4486
 187  1.267573  3.6817  3.4396  0.7813  6.2597  5.5357  3.3649  2.8186  2.5092  2.3999
 188  1.268232  3.6810  3.4175  0.8010  6.2240  5.4985  3.3202  2.7720  2.4608  2.3504
 189  1.268878  3.6804  3.3950  0.8210  6.1872  5.4602  3.2744  2.7242  2.4112  2.2998
 190  1.269516  3.6797  3.3720  0.8417  6.1496  5.4210  3.2276  2.6754  2.3607  2.2480
 191  1.270142  3.6789  3.3486  0.8625  6.1115  5.3812  3.1800  2.6258  2.3093  2.1955
 192  1.270758  3.6783  3.3245  0.8838  6.0731  5.3412  3.1315  2.5752  2.2567  2.1417
 193  1.271361  3.6775  3.2999  0.9059  6.0335  5.3000  3.0814  2.5230  2.2026  2.0863
 194  1.271956  3.6768  3.2747  0.9281  5.9938  5.2587  3.0309  2.4703  2.1478  2.0302
 195  1.272540  3.6760  3.2494  0.9506  5.9545  5.2177  2.9802  2.4172  2.0925  1.9737
 196  1.273113  3.6752  3.2235  0.9734  5.9149  5.1765  2.9288  2.3633  2.0365  1.9163
 197  1.273674  3.6744  3.1972  0.9966  5.8749  5.1348  2.8766  2.3086  1.9794  1.8580
 198  1.274222  3.6735  3.1702  1.0203  5.8345  5.0929  2.8235  2.2529  1.9213  1.7984
 199  1.274759  3.6726  3.1427  1.0443  5.7940  5.0507  2.7698  2.1964  1.8624  1.7378
 200  1.275281  3.6716  3.1146  1.0689  5.7529  5.0081  2.7150  2.1388  1.8021  1.6760
 201  1.275788  3.6707  3.0858  1.0940  5.7116  4.9651  2.6594  2.0800  1.7406  1.6129
 202  1.276282  3.6697  3.0564  1.1195  5.6702  4.9223  2.6030  2.0206  1.6781  1.5487
 203  1.276763  3.6686  3.0264  1.1454  5.6287  4.8792  2.5458  1.9602  1.6148  1.4836
 204  1.277227  3.6675  2.9959  1.1718  5.5870  4.8360  2.4880  1.8988  1.5502  1.4172
 205  1.277677  3.6663  2.9644  1.1986  5.5462  4.7935  2.4297  1.8368  1.4847  1.3497
 206  1.278111  3.6651  2.9323  1.2259  5.5057  4.7516  2.3708  1.7740  1.4182  1.2811
 207  1.278531  3.6638  2.8997  1.2535  5.4652  4.7097  2.3114  1.7104  1.3507  1.2115
 208  1.278936  3.6625  2.8665  1.2816  5.4252  4.6683  2.2516  1.6463  1.2825  1.1410
 209  1.279327  3.6611  2.8327  1.3101  5.3854  4.6273  2.1913  1.5814  1.2135  1.0697
 210  1.279704  3.6597  2.7984  1.3389  5.3460  4.5865  2.1308  1.5162  1.1437  0.9976
 211  1.280068  3.6583  2.7636  1.3679  5.3068  4.5462  2.0699  1.4506  1.0734  0.9246
 212  1.280421  3.6567  2.7284  1.3972  5.2680  4.5061  2.0088  1.3847  1.0025  0.8512
 213  1.280767  3.6552  2.6929  1.4267  5.2296  4.4666  1.9477  1.3186  0.9314  0.7775
 214  1.281111  3.6537  2.6576  1.4561  5.1919  4.4280  1.8873  1.2532  0.8607  0.7040
 215  1.281483  3.6520  2.6194  1.4876  5.1513  4.3871  1.8229  1.1835  0.7849  0.6252
 216  1.282027  3.6517  2.6082  1.4977  5.1340  4.3695  1.8003  1.1601  0.7602  0.5998
 217  1.282081  3.6519  2.6122  1.4945  5.1374  4.3728  1.8064  1.1668  0.7677  0.6077
 218  1.282131  3.6521  2.6166  1.4910  5.1411  4.3765  1.8132  1.1743  0.7761  0.6165
 219  1.282178  3.6523  2.6213  1.4873  5.1451  4.3803  1.8203  1.1822  0.7850  0.6257
 220  1.282222  3.6525  2.6261  1.4834  5.1493  4.3844  1.8277  1.1903  0.7941  0.6354
 221  1.282265  3.6528  2.6312  1.4794  5.1536  4.3887  1.8355  1.1989  0.8037  0.6455
 222  1.282311  3.6531  2.6365  1.4752  5.1582  4.3932  1.8435  1.2078  0.8137  0.6559
 223  1.282362  3.6533  2.6417  1.4711  5.1624  4.3974  1.8513  1.2164  0.8234  0.6662
 224  1.282419  3.6536  2.6466  1.4672  5.1664  4.4013  1.8586  1.2245  0.8325  0.6757
 225  1.282483  3.6539  2.6505  1.4642  5.1694  4.4041  1.8643  1.2309  0.8398  0.6834
 226  1.282554  3.6540  2.6532  1.4621  5.1707  4.4054  1.8677  1.2349  0.8445  0.6884
 227  1.283190  3.6524  2.6156  1.4937  5.1293  4.3630  1.8018  1.1636  0.7682  0.6095
 228  1.283792  3.6498  2.5563  1.5427  5.0670  4.3014  1.7028  1.0560  0.6507  0.4873
 229  1.284339  3.6471  2.4980  1.5905  5.0098  4.2456  1.6084  0.9529  0.5368  0.3682
 230  1.284822  3.6435  2.4218  1.6520  4.9406  4.1778  1.4882  0.8211  0.3904  0.2149
 231  1.285246  3.6397  2.3472  1.7120  4.8750  4.1151  1.3738  0.6950  0.2486  0.0659
 232  1.285615  3.6361  2.2747  1.7699  4.8125  4.0568  1.2652  0.5752  0.1120 -0.0782
 233  1.285939  3.6323  2.2033  1.8267  4.7517  4.0015  1.1606  0.4599 -0.0213 -0.2193
 234  1.286224  3.6287  2.1329  1.8824  4.6925  3.9491  1.0602  0.3491 -0.1516 -0.3575
 235  1.286473  3.6251  2.0648  1.9361  4.6345  3.8992  0.9652  0.2445 -0.2765 -0.4907
 236  1.286696  3.6213  1.9971  1.9892  4.5771  3.8509  0.8735  0.1438 -0.3994 -0.6223
 237  1.286894  3.6177  1.9301  2.0413  4.5223  3.8057  0.7873  0.0494 -0.5188 -0.7512
 238  1.287069  3.6139  1.8652  2.0915  4.4692  3.7631  0.7067 -0.0386 -0.6332 -0.8754
 239  1.287226  3.6102  1.8010  2.1410  4.4170  3.7215  0.6306 -0.1212 -0.7452 -0.9977
 240  1.287366  3.6065  1.7372  2.1899  4.3654  3.6809  0.5588 -0.1986 -0.8550 -1.1187
 241  1.287491  3.6029  1.6755  2.2371  4.3161  3.6422  0.4923 -0.2693 -0.9604 -1.2354
 242  1.287603  3.5993  1.6152  2.2831  4.2684  3.6047  0.4311 -0.3334 -1.0620 -1.3490
 243  1.287705  3.5957  1.5555  2.3284  4.2211  3.5674  0.3743 -0.3921 -1.1614 -1.4607
 244  1.287796  3.5921  1.4969  2.3729  4.1739  3.5298  0.3224 -0.4451 -1.2574 -1.5698
 245  1.287879  3.5886  1.4397  2.4159  4.1291  3.4937  0.2772 -0.4900 -1.3490 -1.6751
 246  1.287953  3.5851  1.3838  2.4578  4.0878  3.4594  0.2388 -0.5265 -1.4369 -1.7775
 247  1.288022  3.5816  1.3284  2.4993  4.0491  3.4257  0.2058 -0.5549 -1.5227 -1.8789
 248  1.288083  3.5782  1.2744  2.5396  4.0132  3.3931  0.1797 -0.5752 -1.6044 -1.9769
 249  1.288140  3.5748  1.2218  2.5787  3.9796  3.3613  0.1604 -0.5875 -1.6820 -2.0716
 250  1.288192  3.5715  1.1700  2.6170  3.9492  3.3302  0.1492 -0.5900 -1.7560 -2.1638
 251  1.288239  3.5681  1.1194  2.6545  3.9225  3.3005  0.1459 -0.5842 -1.8261 -2.2531
 252  1.288282  3.5650  1.0698  2.6912  3.8996  3.2725  0.1505 -0.5711 -1.8916 -2.3390
 253  1.288322  3.5617  1.0215  2.7267  3.8812  3.2476  0.1612 -0.5552 -1.9521 -2.4208
 254  1.288360  3.5585  0.9738  2.7616  3.8684  3.2279  0.1802 -0.5366 -2.0076 -2.4988
 255  1.288394  3.5554  0.9269  2.7958  3.8600  3.2095  0.2117 -0.5057 -2.0569 -2.5729
 256  1.288425  3.5522  0.8814  2.8287  3.8556  3.1912  0.2569 -0.4594 -2.0995 -2.6422
 257  1.288454  3.5491  0.8366  2.8612  3.8555  3.1720  0.3249 -0.3803 -2.1359 -2.7093
 258  1.288482  3.5460  0.7931  2.8926  3.8598  3.1432  0.4132 -0.2694 -2.1641 -2.7711
 259  1.288507  3.5430  0.7502  2.9235  3.8669  3.1121  0.5144 -0.1440 -2.1854 -2.8292
 260  1.288531  3.5401  0.7083  2.9536  3.8762  3.0803  0.6261 -0.0108 -2.1990 -2.8823
 261  1.288553  3.5372  0.6672  2.9829  3.8876  3.0490  0.7537  0.1291 -2.2014 -2.9288
 262  1.288574  3.5343  0.6268  3.0117  3.8984  3.0197  0.9026  0.2671 -2.1861 -2.9653
 263  1.288592  3.5314  0.5873  3.0397  3.9109  2.9929  1.0581  0.4022 -2.1624 -2.9956
 264  1.288611  3.5287  0.5488  3.0671  3.9238  2.9689  1.2126  0.5282 -2.1332 -3.0212
 265  1.288628  3.5258  0.5107  3.0938  3.9387  2.9485  1.3658  0.6474 -2.0992 -3.0424
 266  1.288644  3.5230  0.4737  3.1199  3.9521  2.9366  1.4782  0.7207 -2.0726 -3.0627
 267  1.288659  3.5203  0.4374  3.1453  3.9645  2.9326  1.5581  0.7577 -2.0522 -3.0825
 268  1.288674  3.5176  0.4017  3.1702  3.9778  2.9330  1.6278  0.7826 -2.0313 -3.0998
 269  1.288687  3.5150  0.3669  3.1945  3.9907  2.9364  1.6877  0.7972 -2.0106 -3.1154
 270  1.288700  3.5123  0.3327  3.2182  4.0027  2.9423  1.7418  0.8036 -1.9889 -3.1286
 271  1.288711  3.5098  0.2993  3.2414  4.0127  2.9464  1.7924  0.8119 -1.9670 -3.1402
 272  1.288723  3.5070  0.2657  3.2640  4.0234  2.9522  1.8414  0.8200 -1.9421 -3.1480
 273  1.288734  3.5046  0.2335  3.2860  4.0290  2.9550  1.8787  0.8211 -1.9235 -3.1583
 274  1.288745  3.5020  0.2019  3.3077  4.0330  2.9583  1.9089  0.8170 -1.9073 -3.1686
 275  1.288755  3.4995  0.1710  3.3288  4.0358  2.9631  1.9311  0.8063 -1.8940 -3.1792
 276  1.288764  3.4972  0.1407  3.3493  4.0389  2.9708  1.9502  0.7944 -1.8829 -3.1902
 277  1.288773  3.4947  0.1114  3.3691  4.0410  2.9791  1.9683  0.7863 -1.8757 -3.2034
 278  1.288782  3.4925  0.0834  3.3880  4.0431  2.9887  1.9841  0.7781 -1.8703 -3.2167
 279  1.289209  3.4906  0.0615  3.4024  4.0471  2.9996  1.9985  0.7728 -1.8641 -3.2251
