#NUMBER OF AGES= 1
#----------------------------------------------------       
#MIX-LEN  Y      Z          Zeff        [Fe/H] [a/Fe]
# 1.9380  0.2714 1.7313E-02 1.7313E-02   0.03   0.00 
#----------------------------------------------------       
#**PHOTOMETRIC SYSTEM**: SDSS (AB)                          
#----------------------------------------------------       
#AGE= 6.000 EEPS=269
#EEP   M/Mo    LogTeff  LogG   LogL/Lo sdss_u  sdss_g  sdss_r  sdss_i  sdss_z
  10  0.119403  3.5060  5.2334 -2.7411 17.7755 14.6331 13.1258 11.8749 11.1620
  11  0.140592  3.5062  5.1635 -2.5993 17.3623 14.2659 12.7680 11.5210 10.8085
  12  0.175717  3.5101  5.0929 -2.4166 16.7574 13.7354 12.2585 11.0445 10.3488
  13  0.209774  3.5157  5.0494 -2.2734 16.2366 13.2790 11.8259 10.6569  9.9861
  14  0.232285  3.5192  5.0233 -2.1893 15.9356 13.0122 11.5733 10.4299  9.7736
  15  0.251680  3.5220  5.0026 -2.1225 15.6979 12.8002 11.3727 10.2495  9.6049
  16  0.274553  3.5251  4.9815 -2.0510 15.4485 12.5744 11.1592 10.0569  9.4248
  17  0.292158  3.5275  4.9653 -1.9984 15.2667 12.4089 11.0027  9.9153  9.2922
  18  0.302319  3.5288  4.9547 -1.9677 15.1624 12.3136 10.9124  9.8332  9.2151
  19  0.308774  3.5296  4.9474 -1.9480 15.0965 12.2533 10.8552  9.7808  9.1656
  20  0.313675  3.5302  4.9411 -1.9323 15.0440 12.2052 10.8099  9.7390  9.1260
  21  0.317135  3.5305  4.9353 -1.9205 15.0072 12.1715 10.7777  9.7086  9.0966
  22  0.319825  3.5309  4.9319 -1.9121 14.9798 12.1463 10.7537  9.6864  9.0756
  23  0.322169  3.5312  4.9291 -1.9049 14.9555 12.1239 10.7326  9.6673  9.0575
  24  0.324380  3.5315  4.9264 -1.8981 14.9332 12.1034 10.7131  9.6492  9.0405
  25  0.327241  3.5320  4.9224 -1.8884 14.8993 12.0725 10.6843  9.6230  9.0160
  26  0.330599  3.5322  4.9194 -1.8799 14.8735 12.0483 10.6610  9.6012  8.9951
  27  0.335770  3.5328  4.9170 -1.8684 14.8338 12.0112 10.6258  9.5699  8.9661
  28  0.345302  3.5339  4.9104 -1.8450 14.7552 11.9381 10.5564  9.5073  8.9075
  29  0.473260  3.5566  4.8060 -1.5104 13.5960 10.8316  9.5076  8.5868  8.0731
  30  0.461806  3.5556  4.8124 -1.5352 13.6810 10.9032  9.5650  8.6505  8.1377
  31  0.487654  3.5616  4.7882 -1.4625 13.4304 10.6556  9.3305  8.4487  7.9580
  32  0.502104  3.5655  4.7741 -1.4197 13.2831 10.5036  9.1827  8.3291  7.8543
  33  0.513513  3.5690  4.7633 -1.3854 13.1641 10.3790  9.0613  8.2322  7.7714
  34  0.523738  3.5723  4.7538 -1.3540 13.0556 10.2642  8.9491  8.1429  7.6957
  35  0.534821  3.5760  4.7437 -1.3197 12.9369 10.1368  8.8239  8.0444  7.6133
  36  0.548810  3.5810  4.7313 -1.2766 12.7873  9.9748  8.6643  7.9202  7.5102
  37  0.565685  3.5870  4.7162 -1.2239 12.6015  9.7737  8.4650  7.7675  7.3854
  38  0.583622  3.5940  4.7008 -1.1670 12.4057  9.5571  8.2554  7.6044  7.2509
  39  0.601270  3.6012  4.6867 -1.1112 12.2181  9.3447  8.0565  7.4461  7.1183
  40  0.620339  3.6098  4.6737 -1.0502 11.9930  9.0933  7.8171  7.2659  6.9748
  41  0.641542  3.6197  4.6602 -0.9831 11.7378  8.8157  7.5605  7.0700  6.8173
  42  0.658558  3.6279  4.6498 -0.9281 11.5207  8.5902  7.3662  6.9154  6.6884
  43  0.675320  3.6365  4.6408 -0.8735 11.2665  8.3519  7.1668  6.7590  6.5587
  44  0.697173  3.6479  4.6303 -0.8039 10.8865  8.0414  6.9161  6.5582  6.3877
  45  0.719183  3.6596  4.6210 -0.7345 10.4625  7.7308  6.6783  6.3617  6.2142
  46  0.740916  3.6707  4.6113 -0.6674 10.0433  7.4378  6.4601  6.1760  6.0461
  47  0.761850  3.6811  4.6011 -0.6035  9.6485  7.1705  6.2606  6.0032  5.8878
  48  0.778724  3.6892  4.5923 -0.5528  9.3421  6.9656  6.1072  5.8689  5.7646
  49  0.791805  3.6952  4.5851 -0.5146  9.1255  6.8164  5.9939  5.7687  5.6725
  50  0.802760  3.6999  4.5789 -0.4834  8.9557  6.6983  5.9031  5.6877  5.5982
  51  0.812761  3.7040  4.5730 -0.4556  8.7993  6.5945  5.8230  5.6160  5.5324
  52  0.819931  3.7069  4.5687 -0.4358  8.6873  6.5219  5.7665  5.5655  5.4860
  53  0.826998  3.7098  4.5644 -0.4163  8.5778  6.4513  5.7116  5.5161  5.4407
  54  0.833920  3.7125  4.5599 -0.3971  8.4719  6.3828  5.6580  5.4680  5.3961
  55  0.840679  3.7152  4.5553 -0.3783  8.3691  6.3163  5.6058  5.4207  5.3526
  56  0.847244  3.7178  4.5507 -0.3599  8.2690  6.2514  5.5546  5.3745  5.3099
  57  0.853623  3.7205  4.5459 -0.3416  8.1719  6.1884  5.5048  5.3292  5.2680
  58  0.859850  3.7228  4.5412 -0.3238  8.0774  6.1272  5.4560  5.2849  5.2270
  59  0.865953  3.7254  4.5363 -0.3062  7.9854  6.0677  5.4082  5.2413  5.1866
  60  0.871944  3.7277  4.5314 -0.2889  7.8952  6.0101  5.3615  5.1984  5.1466
  61  0.877853  3.7300  4.5263 -0.2718  7.8072  5.9540  5.3158  5.1562  5.1073
  62  0.883680  3.7322  4.5212 -0.2550  7.7217  5.8993  5.2708  5.1148  5.0687
  63  0.889463  3.7343  4.5160 -0.2384  7.6390  5.8457  5.2269  5.0741  5.0305
  64  0.895208  3.7363  4.5105 -0.2220  7.5596  5.7928  5.1836  5.0341  4.9932
  65  0.900889  3.7383  4.5051 -0.2057  7.4824  5.7408  5.1411  4.9949  4.9564
  66  0.906523  3.7403  4.4996 -0.1897  7.4071  5.6897  5.0992  4.9562  4.9201
  67  0.912079  3.7421  4.4938 -0.1739  7.3346  5.6398  5.0581  4.9181  4.8843
  68  0.917557  3.7439  4.4882 -0.1583  7.2639  5.5909  5.0178  4.8807  4.8491
  69  0.922947  3.7458  4.4825 -0.1430  7.1953  5.5432  4.9781  4.8438  4.8145
  70  0.928253  3.7475  4.4766 -0.1278  7.1290  5.4966  4.9393  4.8077  4.7802
  71  0.933449  3.7491  4.4707 -0.1130  7.0649  5.4513  4.9013  4.7723  4.7468
  72  0.938553  3.7506  4.4648 -0.0985  7.0024  5.4070  4.8642  4.7375  4.7140
  73  0.943543  3.7521  4.4589 -0.0843  6.9421  5.3641  4.8278  4.7036  4.6817
  74  0.948433  3.7535  4.4529 -0.0703  6.8838  5.3221  4.7924  4.6702  4.6501
  75  0.953226  3.7549  4.4469 -0.0567  6.8274  5.2815  4.7577  4.6376  4.6191
  76  0.957910  3.7563  4.4409 -0.0433  6.7728  5.2417  4.7239  4.6057  4.5888
  77  0.962501  3.7575  4.4349 -0.0301  6.7198  5.2029  4.6907  4.5745  4.5590
  78  0.967011  3.7588  4.4289 -0.0172  6.6686  5.1651  4.6581  4.5438  4.5297
  79  0.971485  3.7599  4.4228 -0.0044  6.6184  5.1277  4.6259  4.5134  4.5006
  80  0.975944  3.7610  4.4167  0.0083  6.5692  5.0906  4.5938  4.4832  4.4717
  81  0.980385  3.7621  4.4105  0.0209  6.5208  5.0540  4.5622  4.4532  4.4431
  82  0.984117  3.7631  4.4051  0.0316  6.4808  5.0234  4.5356  4.4280  4.4190
  83  0.987808  3.7639  4.3999  0.0420  6.4415  4.9932  4.5093  4.4031  4.3950
  84  0.991448  3.7648  4.3946  0.0522  6.4029  4.9634  4.4834  4.3785  4.3715
  85  0.995032  3.7656  4.3893  0.0625  6.3655  4.9343  4.4579  4.3542  4.3483
  86  0.998565  3.7665  4.3840  0.0725  6.3288  4.9058  4.4328  4.3304  4.3253
  87  1.002028  3.7672  4.3787  0.0824  6.2935  4.8778  4.4082  4.3069  4.3028
  88  1.005410  3.7679  4.3734  0.0920  6.2590  4.8505  4.3841  4.2839  4.2805
  89  1.008704  3.7687  4.3681  0.1015  6.2258  4.8239  4.3605  4.2614  4.2588
  90  1.011890  3.7693  4.3629  0.1107  6.1938  4.7981  4.3375  4.2395  4.2377
  91  1.014947  3.7699  4.3579  0.1196  6.1630  4.7733  4.3154  4.2183  4.2172
  92  1.017851  3.7705  4.3529  0.1281  6.1340  4.7496  4.2942  4.1979  4.1974
  93  1.020555  3.7710  4.3481  0.1362  6.1066  4.7270  4.2740  4.1785  4.1787
  94  1.011599  3.7707  4.3602  0.1191  6.1578  4.7722  4.3171  4.2209  4.2208
  95  1.018039  3.7713  4.3500  0.1347  6.1091  4.7302  4.2782  4.1830  4.1836
  96  1.020160  3.7719  4.3461  0.1418  6.0838  4.7102  4.2605  4.1662  4.1675
  97  1.022652  3.7725  4.3418  0.1493  6.0572  4.6888  4.2415  4.1482  4.1500
  98  1.025286  3.7731  4.3376  0.1571  6.0301  4.6671  4.2222  4.1298  4.1322
  99  1.027969  3.7736  4.3332  0.1647  6.0038  4.6455  4.2031  4.1114  4.1145
 100  1.030648  3.7741  4.3288  0.1722  5.9783  4.6247  4.1842  4.0933  4.0971
 101  1.033290  3.7745  4.3244  0.1796  5.9541  4.6044  4.1659  4.0758  4.0799
 102  1.035911  3.7750  4.3198  0.1868  5.9311  4.5848  4.1479  4.0584  4.0631
 103  1.038482  3.7753  4.3153  0.1938  5.9092  4.5659  4.1305  4.0415  4.0465
 104  1.041004  3.7756  4.3107  0.2006  5.8881  4.5474  4.1134  4.0248  4.0302
 105  1.043506  3.7758  4.3061  0.2074  5.8675  4.5293  4.0965  4.0084  4.0141
 106  1.045966  3.7761  4.3015  0.2141  5.8477  4.5116  4.0798  3.9921  3.9981
 107  1.048478  3.7763  4.2968  0.2208  5.8277  4.4937  4.0630  3.9756  3.9820
 108  1.050915  3.7766  4.2920  0.2275  5.8084  4.4763  4.0465  3.9594  3.9659
 109  1.053232  3.7768  4.2873  0.2340  5.7898  4.4593  4.0304  3.9437  3.9505
 110  1.055528  3.7770  4.2827  0.2404  5.7710  4.4423  4.0144  3.9280  3.9350
 111  1.057797  3.7772  4.2780  0.2468  5.7526  4.4255  3.9985  3.9124  3.9195
 112  1.059841  3.7774  4.2739  0.2525  5.7366  4.4108  3.9844  3.8987  3.9060
 113  1.061898  3.7775  4.2696  0.2582  5.7207  4.3959  3.9703  3.8846  3.8921
 114  1.063985  3.7776  4.2652  0.2639  5.7045  4.3808  3.9558  3.8704  3.8781
 115  1.066100  3.7778  4.2606  0.2698  5.6880  4.3656  3.9412  3.8560  3.8638
 116  1.068230  3.7779  4.2561  0.2758  5.6714  4.3501  3.9264  3.8414  3.8494
 117  1.070379  3.7781  4.2515  0.2819  5.6547  4.3345  3.9113  3.8265  3.8346
 118  1.072548  3.7782  4.2467  0.2879  5.6378  4.3187  3.8961  3.8115  3.8198
 119  1.074730  3.7784  4.2420  0.2941  5.6206  4.3026  3.8807  3.7963  3.8047
 120  1.076923  3.7784  4.2370  0.3005  5.6035  4.2865  3.8652  3.7809  3.7894
 121  1.079125  3.7786  4.2321  0.3067  5.5862  4.2702  3.8495  3.7654  3.7741
 122  1.081337  3.7787  4.2271  0.3132  5.5688  4.2537  3.8337  3.7498  3.7586
 123  1.083506  3.7789  4.2221  0.3196  5.5502  4.2366  3.8174  3.7338  3.7428
 124  1.085707  3.7790  4.2171  0.3263  5.5315  4.2195  3.8013  3.7180  3.7271
 125  1.087916  3.7792  4.2123  0.3327  5.5124  4.2021  3.7850  3.7020  3.7114
 126  1.090114  3.7794  4.2074  0.3394  5.4932  4.1847  3.7687  3.6860  3.6957
 127  1.092188  3.7797  4.2028  0.3458  5.4734  4.1674  3.7528  3.6705  3.6806
 128  1.093884  3.7800  4.1987  0.3518  5.4538  4.1509  3.7380  3.6562  3.6665
 129  1.095481  3.7802  4.1943  0.3578  5.4343  4.1343  3.7232  3.6419  3.6525
 130  1.097127  3.7804  4.1896  0.3640  5.4157  4.1180  3.7083  3.6273  3.6381
 131  1.098855  3.7806  4.1848  0.3701  5.3973  4.1016  3.6933  3.6124  3.6235
 132  1.100653  3.7808  4.1800  0.3763  5.3784  4.0850  3.6781  3.5976  3.6089
 133  1.102492  3.7809  4.1751  0.3827  5.3596  4.0683  3.6627  3.5825  3.5940
 134  1.104369  3.7811  4.1701  0.3891  5.3406  4.0513  3.6472  3.5672  3.5788
 135  1.106218  3.7817  4.1666  0.3953  5.3167  4.0330  3.6316  3.5524  3.5647
 136  1.108079  3.7819  4.1621  0.4018  5.2951  4.0151  3.6158  3.5371  3.5497
 137  1.109926  3.7822  4.1570  0.4084  5.2752  3.9975  3.5994  3.5211  3.5340
 138  1.111837  3.7824  4.1516  0.4155  5.2545  3.9790  3.5822  3.5042  3.5173
 139  1.113804  3.7825  4.1460  0.4224  5.2341  3.9605  3.5650  3.4872  3.5005
 140  1.115820  3.7827  4.1399  0.4298  5.2134  3.9413  3.5467  3.4691  3.4825
 141  1.117893  3.7828  4.1336  0.4371  5.1940  3.9226  3.5284  3.4509  3.4644
 142  1.120018  3.7828  4.1270  0.4447  5.1750  3.9035  3.5094  3.4319  3.4454
 143  1.122187  3.7827  4.1197  0.4525  5.1560  3.8840  3.4897  3.4121  3.4256
 144  1.124405  3.7826  4.1122  0.4605  5.1378  3.8644  3.4692  3.3917  3.4050
 145  1.126659  3.7824  4.1041  0.4688  5.1205  3.8448  3.4483  3.3704  3.3834
 146  1.128943  3.7822  4.0956  0.4771  5.1046  3.8252  3.4266  3.3484  3.3611
 147  1.131256  3.7818  4.0865  0.4857  5.0895  3.8056  3.4045  3.3258  3.3380
 148  1.133588  3.7813  4.0768  0.4943  5.0770  3.7867  3.3819  3.3023  3.3140
 149  1.135934  3.7806  4.0664  0.5031  5.0633  3.7673  3.3595  3.2790  3.2899
 150  1.138290  3.7801  4.0559  0.5120  5.0489  3.7477  3.3370  3.2556  3.2657
 151  1.140648  3.7793  4.0446  0.5209  5.0363  3.7287  3.3145  3.2319  3.2410
 152  1.143018  3.7783  4.0330  0.5299  5.0238  3.7098  3.2919  3.2079  3.2161
 153  1.145398  3.7774  4.0209  0.5388  5.0122  3.6910  3.2695  3.1841  3.1910
 154  1.147775  3.7762  4.0085  0.5477  5.0019  3.6731  3.2475  3.1603  3.1658
 155  1.150143  3.7750  3.9956  0.5564  4.9935  3.6559  3.2262  3.1370  3.1409
 156  1.152510  3.7735  3.9822  0.5649  4.9882  3.6402  3.2055  3.1141  3.1164
 157  1.154879  3.7718  3.9680  0.5730  4.9894  3.6272  3.1855  3.0914  3.0916
 158  1.157272  3.7697  3.9530  0.5804  4.9968  3.6171  3.1671  3.0697  3.0674
 159  1.159697  3.7670  3.9369  0.5871  5.0141  3.6117  3.1511  3.0497  3.0442
 160  1.162136  3.7637  3.9194  0.5920  5.0448  3.6137  3.1394  3.0329  3.0233
 161  1.164361  3.7598  3.9026  0.5943  5.0922  3.6257  3.1353  3.0226  3.0084
 162  1.165744  3.7567  3.8910  0.5938  5.1381  3.6406  3.1376  3.0201  3.0022
 163  1.167052  3.7530  3.8797  0.5910  5.2021  3.6634  3.1464  3.0236  3.0015
 164  1.168299  3.7488  3.8686  0.5858  5.2806  3.6953  3.1616  3.0326  3.0057
 165  1.169460  3.7442  3.8578  0.5784  5.3703  3.7375  3.1834  3.0470  3.0142
 166  1.170542  3.7392  3.8470  0.5695  5.4727  3.7866  3.2105  3.0658  3.0266
 167  1.171575  3.7338  3.8356  0.5597  5.5876  3.8411  3.2409  3.0871  3.0411
 168  1.172627  3.7280  3.8221  0.5503  5.7136  3.8993  3.2719  3.1083  3.0546
 169  1.173786  3.7217  3.8040  0.5434  5.8462  3.9555  3.2986  3.1241  3.0619
 170  1.175077  3.7152  3.7797  0.5427  5.9679  3.9983  3.3119  3.1261  3.0551
 171  1.176329  3.7101  3.7519  0.5503  6.0491  4.0139  3.3032  3.1081  3.0298
 172  1.177365  3.7067  3.7258  0.5631  6.0865  4.0050  3.2787  3.0773  2.9940
 173  1.178237  3.7043  3.7018  0.5779  6.0973  3.9842  3.2474  3.0414  2.9548
 174  1.179028  3.7024  3.6794  0.5933  6.0936  3.9580  3.2132  3.0039  2.9145
 175  1.179762  3.7010  3.6581  0.6093  6.0808  3.9279  3.1770  2.9652  2.8736
 176  1.180456  3.6998  3.6374  0.6255  6.0608  3.8955  3.1397  2.9257  2.8322
 177  1.181119  3.6988  3.6173  0.6419  6.0366  3.8614  3.1014  2.8855  2.7904
 178  1.181758  3.6981  3.5975  0.6584  6.0092  3.8258  3.0623  2.8448  2.7483
 179  1.182371  3.6973  3.5779  0.6751  5.9800  3.7894  3.0226  2.8037  2.7059
 180  1.182967  3.6965  3.5585  0.6921  5.9491  3.7520  2.9825  2.7622  2.6633
 181  1.183544  3.6960  3.5394  0.7090  5.9163  3.7137  2.9419  2.7204  2.6205
 182  1.184047  3.6955  3.5220  0.7244  5.8866  3.6791  2.9050  2.6824  2.5816
 183  1.184547  3.6949  3.5044  0.7401  5.8554  3.6432  2.8671  2.6435  2.5418
 184  1.185043  3.6945  3.4867  0.7563  5.8224  3.6061  2.8281  2.6036  2.5011
 185  1.185537  3.6940  3.4683  0.7729  5.7886  3.5680  2.7880  2.5626  2.4594
 186  1.186026  3.6935  3.4497  0.7899  5.7532  3.5286  2.7468  2.5206  2.4164
 187  1.186511  3.6931  3.4303  0.8075  5.7169  3.4879  2.7042  2.4771  2.3720
 188  1.186992  3.6926  3.4107  0.8256  5.6792  3.4461  2.6604  2.4324  2.3266
 189  1.187469  3.6921  3.3905  0.8440  5.6408  3.4031  2.6156  2.3866  2.2801
 190  1.187940  3.6916  3.3695  0.8631  5.6029  3.3593  2.5695  2.3395  2.2320
 191  1.188409  3.6910  3.3481  0.8825  5.5645  3.3148  2.5226  2.2914  2.1831
 192  1.188869  3.6904  3.3256  0.9027  5.5266  3.2693  2.4744  2.2417  2.1324
 193  1.189328  3.6898  3.3026  0.9232  5.4875  3.2226  2.4249  2.1911  2.0807
 194  1.189780  3.6891  3.2791  0.9443  5.4473  3.1748  2.3742  2.1390  2.0275
 195  1.190224  3.6884  3.2549  0.9661  5.4061  3.1252  2.3217  2.0852  1.9727
 196  1.190664  3.6877  3.2298  0.9884  5.3654  3.0752  2.2684  2.0303  1.9165
 197  1.191096  3.6869  3.2039  1.0113  5.3241  3.0240  2.2136  1.9739  1.8588
 198  1.191523  3.6862  3.1776  1.0346  5.2823  2.9718  2.1578  1.9164  1.8000
 199  1.191931  3.6853  3.1496  1.0592  5.2398  2.9174  2.0993  1.8560  1.7382
 200  1.192330  3.6844  3.1209  1.0844  5.1968  2.8619  2.0394  1.7942  1.6748
 201  1.192722  3.6834  3.0916  1.1100  5.1542  2.8057  1.9787  1.7313  1.6103
 202  1.193100  3.6824  3.0612  1.1364  5.1105  2.7481  1.9163  1.6665  1.5438
 203  1.193466  3.6813  3.0300  1.1634  5.0669  2.6894  1.8524  1.6003  1.4758
 204  1.193821  3.6802  2.9979  1.1911  5.0233  2.6298  1.7873  1.5327  1.4063
 205  1.194165  3.6790  2.9649  1.2192  4.9810  2.5695  1.7211  1.4638  1.3353
 206  1.194498  3.6777  2.9312  1.2479  4.9390  2.5088  1.6539  1.3938  1.2632
 207  1.194816  3.6762  2.8966  1.2773  4.8971  2.4472  1.5855  1.3223  1.1895
 208  1.195122  3.6748  2.8614  1.3070  4.8553  2.3846  1.5162  1.2499  1.1145
 209  1.195416  3.6734  2.8253  1.3373  4.8139  2.3216  1.4458  1.1761  1.0384
 210  1.195698  3.6719  2.7887  1.3681  4.7730  2.2581  1.3748  1.1016  0.9613
 211  1.195966  3.6703  2.7514  1.3992  4.7320  2.1938  1.3030  1.0263  0.8832
 212  1.196225  3.6687  2.7135  1.4307  4.6922  2.1295  1.2306  0.9500  0.8042
 213  1.196473  3.6671  2.6753  1.4624  4.6526  2.0647  1.1576  0.8732  0.7245
 214  1.196711  3.6654  2.6365  1.4946  4.6142  2.0001  1.0844  0.7959  0.6440
 215  1.196937  3.6639  2.6006  1.5242  4.5793  1.9399  1.0160  0.7240  0.5696
 216  1.197122  3.6617  2.5539  1.5625  4.5390  1.8653  0.9300  0.6326  0.4743
 217  1.197152  3.6614  2.5468  1.5684  4.5328  1.8538  0.9168  0.6184  0.4596
 218  1.197180  3.6611  2.5395  1.5743  4.5267  1.8423  0.9036  0.6042  0.4447
 219  1.197210  3.6607  2.5322  1.5803  4.5204  1.8308  0.8903  0.5901  0.4299
 220  1.197239  3.6604  2.5249  1.5863  4.5143  1.8193  0.8771  0.5758  0.4149
 221  1.197270  3.6601  2.5176  1.5923  4.5082  1.8077  0.8638  0.5615  0.4000
 222  1.197298  3.6598  2.5103  1.5982  4.5020  1.7963  0.8506  0.5474  0.3852
 223  1.197327  3.6594  2.5032  1.6041  4.4961  1.7851  0.8376  0.5336  0.3708
 224  1.197353  3.6591  2.4964  1.6095  4.4905  1.7746  0.8254  0.5205  0.3570
 225  1.197377  3.6589  2.4907  1.6143  4.4856  1.7654  0.8149  0.5091  0.3452
 226  1.197403  3.6586  2.4857  1.6183  4.4816  1.7577  0.8059  0.4995  0.3352
 227  1.197648  3.6586  2.4804  1.6233  4.4703  1.7453  0.7936  0.4870  0.3224
 228  1.197935  3.6631  2.5707  1.5513  4.5312  1.8800  0.9527  0.6580  0.5018
 229  1.198322  3.6613  2.5262  1.5887  4.4850  1.8040  0.8671  0.5681  0.4085
 230  1.198677  3.6576  2.4489  1.6514  4.4251  1.6837  0.7267  0.4182  0.2521
 231  1.198984  3.6540  2.3760  1.7102  4.3737  1.5735  0.5966  0.2788  0.1060
 232  1.199259  3.6503  2.3036  1.7682  4.3272  1.4669  0.4695  0.1417 -0.0377
 233  1.199496  3.6468  2.2349  1.8229  4.2868  1.3681  0.3507  0.0129 -0.1732
 234  1.199708  3.6433  2.1655  1.8781  4.2502  1.2706  0.2324 -0.1161 -0.3093
 235  1.199893  3.6398  2.0987  1.9309  4.2186  1.1789  0.1204 -0.2389 -0.4393
 236  1.200060  3.6362  2.0316  1.9837  4.1896  1.0892  0.0100 -0.3611 -0.5690
 237  1.200206  3.6326  1.9663  2.0348  4.1662  1.0044 -0.0951 -0.4787 -0.6945
 238  1.200337  3.6289  1.9012  2.0853  4.1467  0.9231 -0.1964 -0.5936 -0.8180
 239  1.200454  3.6253  1.8382  2.1341  4.1292  0.8460 -0.2928 -0.7040 -0.9373
 240  1.200559  3.6219  1.7759  2.1820  4.1126  0.7719 -0.3852 -0.8115 -1.0544
 241  1.200653  3.6182  1.7150  2.2287  4.0978  0.7022 -0.4727 -0.9151 -1.1683
 242  1.200736  3.6148  1.6556  2.2744  4.0834  0.6360 -0.5557 -1.0153 -1.2792
 243  1.200813  3.6113  1.5965  2.3196  4.0692  0.5722 -0.6352 -1.1135 -1.3892
 244  1.200882  3.6079  1.5395  2.3630  4.0559  0.5128 -0.7087 -1.2070 -1.4949
 245  1.200944  3.6046  1.4832  2.4059  4.0442  0.4572 -0.7772 -1.2976 -1.5992
 246  1.201000  3.6012  1.4279  2.4477  4.0357  0.4074 -0.8392 -1.3845 -1.7008
 247  1.201051  3.5978  1.3736  2.4887  4.0254  0.3606 -0.8976 -1.4684 -1.8001
 248  1.201098  3.5945  1.3205  2.5285  4.0133  0.3171 -0.9523 -1.5493 -1.8963
 249  1.201141  3.5914  1.2689  2.5674  3.9978  0.2760 -1.0055 -1.6273 -1.9893
 250  1.201180  3.5881  1.2178  2.6057  3.9808  0.2379 -1.0544 -1.7031 -2.0809
 251  1.201217  3.5849  1.1677  2.6430  3.9639  0.2035 -1.0967 -1.7756 -2.1703
 252  1.201249  3.5818  1.1190  2.6793  3.9474  0.1737 -1.1298 -1.8443 -2.2570
 253  1.201280  3.5788  1.0712  2.7148  3.9302  0.1468 -1.1548 -1.9103 -2.3422
 254  1.201308  3.5757  1.0242  2.7497  3.9127  0.1234 -1.1734 -1.9736 -2.4256
 255  1.201333  3.5727  0.9783  2.7834  3.8960  0.1039 -1.1869 -2.0336 -2.5063
 256  1.201358  3.5696  0.9329  2.8167  3.8804  0.0894 -1.1951 -2.0904 -2.5854
 257  1.201380  3.5666  0.8887  2.8489  3.8677  0.0758 -1.2067 -2.1450 -2.6620
 258  1.201401  3.5637  0.8454  2.8805  3.8575  0.0680 -1.2123 -2.1960 -2.7362
 259  1.201420  3.5608  0.8029  2.9113  3.8493  0.0659 -1.2109 -2.2434 -2.8078
 260  1.201437  3.5579  0.7614  2.9414  3.8454  0.0668 -1.2067 -2.2886 -2.8771
 261  1.201454  3.5550  0.7207  2.9707  3.8435  0.0699 -1.1949 -2.3329 -2.9454
 262  1.201470  3.5522  0.6805  2.9996  3.8402  0.0806 -1.1672 -2.3733 -3.0117
 263  1.201485  3.5494  0.6415  3.0276  3.8338  0.1001 -1.1220 -2.4083 -3.0748
 264  1.201499  3.5468  0.6033  3.0549  3.8217  0.1368 -1.0440 -2.4351 -3.1345
 265  1.201511  3.5441  0.5656  3.0817  3.7928  0.1915 -0.9186 -2.4519 -3.1898
 266  1.201524  3.5414  0.5287  3.1079  3.7589  0.2645 -0.7649 -2.4584 -3.2395
 267  1.201535  3.5387  0.4927  3.1335  3.7224  0.3548 -0.5877 -2.4552 -3.2840
 268  1.201546  3.5361  0.4573  3.1585  3.6865  0.4667 -0.3845 -2.4395 -3.3216
 269  1.201556  3.5337  0.4227  3.1830  3.6560  0.5923 -0.1826 -2.4141 -3.3510
 270  1.201566  3.5311  0.3889  3.2068  3.6333  0.7258  0.0015 -2.3821 -3.3729
 271  1.201575  3.5286  0.3558  3.2301  3.6143  0.8552  0.1625 -2.3504 -3.3918
 272  1.201584  3.5263  0.3233  3.2528  3.5997  0.9781  0.2968 -2.3193 -3.4075
 273  1.201592  3.5238  0.2914  3.2751  3.5891  1.0916  0.4023 -2.2906 -3.4215
 274  1.201600  3.5215  0.2601  3.2969  3.5830  1.1905  0.4727 -2.2670 -3.4348
 275  1.201608  3.5189  0.2285  3.3181  3.5884  1.2797  0.5011 -2.2453 -3.4457
 276  1.201615  3.5165  0.1984  3.3388  3.5942  1.3513  0.5043 -2.2299 -3.4577
 277  1.201622  3.5142  0.1694  3.3588  3.6013  1.4138  0.4936 -2.2167 -3.4692
 278  1.201628  3.5120  0.1415  3.3780  3.6087  1.4681  0.4743 -2.2052 -3.4803
