#NUMBER OF AGES= 1
#----------------------------------------------------       
#MIX-LEN  Y      Z          Zeff        [Fe/H] [a/Fe]
# 1.9380  0.2714 1.7313E-02 1.7313E-02   0.03   0.00 
#----------------------------------------------------       
#**PHOTOMETRIC SYSTEM**: SDSS (AB)                          
#----------------------------------------------------       
#AGE= 6.500 EEPS=270
#EEP   M/Mo    LogTeff  LogG   LogL/Lo sdss_u  sdss_g  sdss_r  sdss_i  sdss_z
  10  0.113508  3.5059  5.2560 -2.7856 17.9031 14.7467 13.2368 11.9854 11.2727
  11  0.132329  3.5060  5.1882 -2.6511 17.5153 14.4019 12.9002 11.6508 10.9379
  12  0.161286  3.5078  5.1156 -2.4852 17.0000 13.9471 12.4603 11.2279 10.5224
  13  0.197984  3.5140  5.0634 -2.3197 16.4025 13.4253 11.9647 10.7819 10.1033
  14  0.222267  3.5177  5.0333 -2.2245 16.0622 13.1249 11.6800 10.5253  9.8626
  15  0.241093  3.5206  5.0122 -2.1567 15.8199 12.9095 11.4761 10.3421  9.6915
  16  0.261252  3.5233  4.9917 -2.0901 15.5853 12.6987 11.2767 10.1623  9.5231
  17  0.282140  3.5262  4.9728 -2.0263 15.3635 12.4973 11.0863  9.9906  9.3624
  18  0.296865  3.5281  4.9587 -1.9824 15.2129 12.3599 10.9563  9.8727  9.2519
  19  0.305009  3.5291  4.9500 -1.9576 15.1295 12.2836 10.8842  9.8069  9.1899
  20  0.310897  3.5299  4.9430 -1.9393 15.0681 12.2275 10.8310  9.7581  9.1438
  21  0.315085  3.5303  4.9368 -1.9256 15.0244 12.1874 10.7928  9.7224  9.1095
  22  0.318270  3.5307  4.9328 -1.9158 14.9924 12.1579 10.7648  9.6965  9.0850
  23  0.320911  3.5311  4.9298 -1.9079 14.9654 12.1332 10.7414  9.6752  9.0650
  24  0.323209  3.5314  4.9269 -1.9008 14.9421 12.1117 10.7212  9.6565  9.0472
  25  0.325829  3.5318  4.9231 -1.8916 14.9104 12.0827 10.6940  9.6318  9.0242
  26  0.328683  3.5320  4.9203 -1.8842 14.8879 12.0617 10.6737  9.6127  9.0057
  27  0.332756  3.5325  4.9184 -1.8749 14.8561 12.0321 10.6456  9.5876  8.9825
  28  0.339444  3.5333  4.9133 -1.8582 14.8003 11.9803 10.5965  9.5429  8.9406
  29  0.454985  3.5527  4.8228 -1.5608 13.7692 11.0023  9.6707  8.7281  8.1980
  30  0.479858  3.5583  4.7982 -1.4900 13.5267 10.7627  9.4416  8.5296  8.0226
  31  0.476282  3.5587  4.7983 -1.4943 13.5402 10.7676  9.4389  8.5377  8.0354
  32  0.492172  3.5629  4.7823 -1.4475 13.3796 10.6035  9.2799  8.4072  7.9215
  33  0.505650  3.5667  4.7693 -1.4072 13.2410 10.4599  9.1402  8.2946  7.8243
  34  0.516505  3.5701  4.7590 -1.3743 13.1269 10.3400  9.0231  8.2013  7.7447
  35  0.526804  3.5735  4.7494 -1.3426 13.0171 10.2232  8.9089  8.1106  7.6681
  36  0.538560  3.5775  4.7388 -1.3061 12.8907 10.0872  8.7752  8.0058  7.5807
  37  0.553588  3.5828  4.7252 -1.2595 12.7283  9.9113  8.6013  7.8711  7.4695
  38  0.570823  3.5892  4.7099 -1.2052 12.5371  9.7034  8.3958  7.7138  7.3411
  39  0.588675  3.5963  4.6948 -1.1482 12.3445  9.4877  8.1897  7.5517  7.2062
  40  0.605879  3.6034  4.6813 -1.0936 12.1573  9.2768  7.9923  7.3958  7.0769
  41  0.624485  3.6120  4.6687 -1.0336 11.9333  9.0284  7.7567  7.2188  6.9363
  42  0.644869  3.6216  4.6557 -0.9686 11.6874  8.7598  7.5104  7.0298  6.7834
  43  0.662480  3.6302  4.6452 -0.9117 11.4508  8.5209  7.3057  6.8680  6.6493
  44  0.678914  3.6387  4.6365 -0.8582 11.1905  8.2869  7.1125  6.7153  6.5213
  45  0.698546  3.6490  4.6271 -0.7952 10.8411  8.0059  6.8875  6.5341  6.3661
  46  0.717968  3.6594  4.6185 -0.7334 10.4628  7.7292  6.6760  6.3590  6.2113
  47  0.736679  3.6692  4.6101 -0.6746 10.0948  7.4720  6.4843  6.1963  6.0642
  48  0.754111  3.6780  4.6014 -0.6206  9.7606  7.2441  6.3145  6.0496  5.9299
  49  0.769225  3.6855  4.5934 -0.5742  9.4766  7.0540  6.1724  5.9255  5.8161
  50  0.781615  3.6914  4.5865 -0.5368  9.2545  6.9050  6.0602  5.8269  5.7256
  51  0.792073  3.6961  4.5804 -0.5058  9.0834  6.7856  5.9692  5.7461  5.6513
  52  0.799102  3.6992  4.5762 -0.4854  8.9731  6.7087  5.9099  5.6932  5.6027
  53  0.806139  3.7022  4.5720 -0.4653  8.8621  6.6339  5.8522  5.6415  5.5552
  54  0.813116  3.7051  4.5677 -0.4457  8.7514  6.5614  5.7959  5.5911  5.5090
  55  0.820013  3.7079  4.5633 -0.4264  8.6426  6.4910  5.7411  5.5419  5.4638
  56  0.826798  3.7106  4.5588 -0.4075  8.5369  6.4226  5.6877  5.4938  5.4195
  57  0.833446  3.7133  4.5543 -0.3889  8.4346  6.3562  5.6356  5.4469  5.3762
  58  0.839924  3.7159  4.5497 -0.3705  8.3349  6.2917  5.5848  5.4010  5.3338
  59  0.846217  3.7184  4.5450 -0.3524  8.2382  6.2289  5.5352  5.3561  5.2921
  60  0.852332  3.7209  4.5402 -0.3347  8.1443  6.1678  5.4866  5.3120  5.2514
  61  0.858305  3.7232  4.5354 -0.3173  8.0531  6.1084  5.4392  5.2687  5.2113
  62  0.864139  3.7255  4.5304 -0.3001  7.9642  6.0508  5.3929  5.2263  5.1720
  63  0.869865  3.7279  4.5255 -0.2833  7.8770  5.9950  5.3474  5.1846  5.1330
  64  0.875503  3.7300  4.5203 -0.2668  7.7922  5.9408  5.3029  5.1434  5.0947
  65  0.881048  3.7321  4.5152 -0.2504  7.7099  5.8878  5.2594  5.1032  5.0569
  66  0.886541  3.7342  4.5099 -0.2342  7.6299  5.8358  5.2167  5.0636  5.0200
  67  0.891980  3.7361  4.5044 -0.2183  7.5533  5.7847  5.1748  5.0249  4.9836
  68  0.897377  3.7380  4.4990 -0.2025  7.4787  5.7343  5.1334  4.9868  4.9478
  69  0.902717  3.7399  4.4935 -0.1869  7.4065  5.6849  5.0928  4.9492  4.9126
  70  0.907987  3.7416  4.4878 -0.1716  7.3363  5.6365  5.0529  4.9121  4.8778
  71  0.913174  3.7435  4.4821 -0.1565  7.2682  5.5892  5.0137  4.8758  4.8434
  72  0.918289  3.7451  4.4762 -0.1416  7.2020  5.5429  4.9752  4.8399  4.8097
  73  0.923314  3.7467  4.4705 -0.1269  7.1379  5.4978  4.9375  4.8047  4.7765
  74  0.928258  3.7483  4.4645 -0.1125  7.0757  5.4537  4.9005  4.7702  4.7438
  75  0.933116  3.7498  4.4586 -0.0982  7.0154  5.4106  4.8642  4.7361  4.7116
  76  0.937866  3.7512  4.4526 -0.0844  6.9569  5.3687  4.8288  4.7029  4.6800
  77  0.942519  3.7525  4.4465 -0.0707  6.9002  5.3279  4.7940  4.6703  4.6489
  78  0.947072  3.7538  4.4406 -0.0574  6.8454  5.2882  4.7601  4.6384  4.6186
  79  0.951533  3.7552  4.4346 -0.0443  6.7920  5.2494  4.7269  4.6072  4.5888
  80  0.955898  3.7563  4.4286 -0.0315  6.7404  5.2116  4.6944  4.5766  4.5596
  81  0.960172  3.7575  4.4226 -0.0189  6.6905  5.1747  4.6626  4.5464  4.5309
  82  0.963822  3.7585  4.4174 -0.0081  6.6484  5.1434  4.6355  4.5208  4.5064
  83  0.967407  3.7594  4.4122  0.0025  6.6075  5.1125  4.6089  4.4957  4.4823
  84  0.970953  3.7603  4.4069  0.0130  6.5674  5.0821  4.5825  4.4707  4.4583
  85  0.974479  3.7612  4.4016  0.0233  6.5279  5.0521  4.5564  4.4459  4.4347
  86  0.977987  3.7621  4.3963  0.0336  6.4892  5.0224  4.5305  4.4214  4.4111
  87  0.981475  3.7629  4.3908  0.0439  6.4513  4.9932  4.5048  4.3969  4.3876
  88  0.984938  3.7636  4.3854  0.0541  6.4142  4.9642  4.4794  4.3727  4.3643
  89  0.988377  3.7645  4.3800  0.0641  6.3777  4.9355  4.4542  4.3487  4.3412
  90  0.991774  3.7652  4.3745  0.0740  6.3420  4.9074  4.4294  4.3250  4.3184
  91  0.995128  3.7660  4.3691  0.0838  6.3070  4.8797  4.4049  4.3017  4.2959
  92  0.998434  3.7666  4.3638  0.0934  6.2729  4.8526  4.3808  4.2786  4.2737
  93  1.001698  3.7672  4.3583  0.1029  6.2399  4.8260  4.3571  4.2559  4.2517
  94  1.004907  3.7679  4.3528  0.1122  6.2075  4.7998  4.3338  4.2335  4.2301
  95  1.008069  3.7685  4.3475  0.1214  6.1761  4.7742  4.3108  4.2115  4.2087
  96  1.011185  3.7690  4.3421  0.1305  6.1452  4.7491  4.2882  4.1897  4.1877
  97  1.014267  3.7697  4.3366  0.1394  6.1154  4.7244  4.2659  4.1683  4.1668
  98  1.017394  3.7701  4.3310  0.1484  6.0859  4.6998  4.2436  4.1467  4.1459
  99  1.025433  3.7706  4.3180  0.1665  6.0339  4.6525  4.1984  4.1023  4.1018
 100  1.027787  3.7709  4.3133  0.1737  6.0109  4.6329  4.1804  4.0848  4.0848
 101  1.015103  3.7710  4.3313  0.1508  6.0710  4.6910  4.2379  4.1424  4.1425
 102  1.017483  3.7714  4.3269  0.1580  6.0470  4.6711  4.2200  4.1251  4.1258
 103  1.020108  3.7719  4.3222  0.1654  6.0230  4.6508  4.2015  4.1071  4.1082
 104  1.022832  3.7722  4.3173  0.1729  5.9992  4.6304  4.1827  4.0891  4.0905
 105  1.025581  3.7725  4.3123  0.1803  5.9760  4.6104  4.1642  4.0709  4.0728
 106  1.028326  3.7728  4.3072  0.1878  5.9535  4.5905  4.1457  4.0529  4.0551
 107  1.031077  3.7731  4.3021  0.1951  5.9318  4.5711  4.1273  4.0350  4.0374
 108  1.033738  3.7733  4.2969  0.2024  5.9107  4.5519  4.1093  4.0173  4.0200
 109  1.036310  3.7736  4.2918  0.2095  5.8900  4.5332  4.0916  3.9999  4.0029
 110  1.038813  3.7739  4.2867  0.2166  5.8697  4.5149  4.0741  3.9828  3.9861
 111  1.041260  3.7740  4.2817  0.2234  5.8499  4.4968  4.0569  3.9660  3.9694
 112  1.043386  3.7742  4.2774  0.2293  5.8335  4.4816  4.0424  3.9517  3.9553
 113  1.045518  3.7743  4.2730  0.2351  5.8171  4.4664  4.0278  3.9372  3.9410
 114  1.047659  3.7744  4.2684  0.2410  5.8006  4.4510  4.0129  3.9225  3.9265
 115  1.049811  3.7746  4.2638  0.2471  5.7838  4.4353  3.9979  3.9077  3.9118
 116  1.051971  3.7747  4.2591  0.2532  5.7670  4.4195  3.9826  3.8927  3.8969
 117  1.054133  3.7749  4.2543  0.2594  5.7499  4.4035  3.9672  3.8776  3.8819
 118  1.056303  3.7749  4.2495  0.2656  5.7329  4.3876  3.9518  3.8622  3.8667
 119  1.058473  3.7751  4.2446  0.2718  5.7158  4.3714  3.9362  3.8468  3.8514
 120  1.060644  3.7753  4.2397  0.2781  5.6985  4.3552  3.9205  3.8313  3.8360
 121  1.062811  3.7753  4.2347  0.2845  5.6812  4.3389  3.9046  3.8156  3.8204
 122  1.064966  3.7754  4.2296  0.2909  5.6637  4.3224  3.8887  3.7998  3.8048
 123  1.066982  3.7756  4.2246  0.2974  5.6452  4.3054  3.8725  3.7839  3.7891
 124  1.068965  3.7758  4.2196  0.3039  5.6264  4.2882  3.8561  3.7679  3.7733
 125  1.070959  3.7760  4.2146  0.3105  5.6074  4.2708  3.8398  3.7518  3.7574
 126  1.072961  3.7762  4.2097  0.3172  5.5882  4.2534  3.8232  3.7356  3.7414
 127  1.074943  3.7765  4.2048  0.3237  5.5682  4.2358  3.8068  3.7195  3.7256
 128  1.076783  3.7767  4.1999  0.3304  5.5482  4.2180  3.7901  3.7032  3.7097
 129  1.078571  3.7769  4.1948  0.3372  5.5281  4.2000  3.7731  3.6866  3.6934
 130  1.080360  3.7770  4.1893  0.3439  5.5094  4.1825  3.7562  3.6700  3.6768
 131  1.082171  3.7772  4.1836  0.3507  5.4908  4.1648  3.7392  3.6531  3.6601
 132  1.084008  3.7773  4.1782  0.3576  5.4719  4.1471  3.7222  3.6364  3.6435
 133  1.085843  3.7775  4.1725  0.3644  5.4535  4.1296  3.7053  3.6195  3.6268
 134  1.087675  3.7775  4.1667  0.3713  5.4352  4.1121  3.6882  3.6026  3.6099
 135  1.089514  3.7776  4.1608  0.3782  5.4173  4.0945  3.6709  3.5855  3.5928
 136  1.091353  3.7776  4.1549  0.3851  5.3989  4.0770  3.6538  3.5685  3.5759
 137  1.093170  3.7777  4.1490  0.3919  5.3809  4.0595  3.6367  3.5514  3.5589
 138  1.094949  3.7778  4.1432  0.3987  5.3630  4.0422  3.6198  3.5346  3.5422
 139  1.096705  3.7779  4.1374  0.4055  5.3451  4.0249  3.6029  3.5179  3.5256
 140  1.098449  3.7779  4.1316  0.4122  5.3276  4.0078  3.5860  3.5011  3.5088
 141  1.100189  3.7780  4.1256  0.4190  5.3100  3.9906  3.5693  3.4843  3.4921
 142  1.101932  3.7779  4.1196  0.4257  5.2927  3.9735  3.5523  3.4674  3.4752
 143  1.103681  3.7780  4.1135  0.4326  5.2752  3.9563  3.5352  3.4503  3.4581
 144  1.105449  3.7779  4.1072  0.4395  5.2582  3.9390  3.5179  3.4330  3.4407
 145  1.107235  3.7778  4.1004  0.4465  5.2416  3.9218  3.5004  3.4153  3.4229
 146  1.109043  3.7777  4.0935  0.4536  5.2250  3.9044  3.4827  3.3974  3.4049
 147  1.110877  3.7775  4.0862  0.4608  5.2088  3.8869  3.4646  3.3791  3.3863
 148  1.112736  3.7772  4.0786  0.4681  5.1934  3.8697  3.4463  3.3604  3.3672
 149  1.114624  3.7769  4.0703  0.4755  5.1785  3.8523  3.4278  3.3414  3.3477
 150  1.116542  3.7764  4.0619  0.4831  5.1636  3.8349  3.4089  3.3219  3.3277
 151  1.118488  3.7759  4.0528  0.4908  5.1499  3.8177  3.3899  3.3020  3.3072
 152  1.120466  3.7752  4.0434  0.4985  5.1364  3.8005  3.3706  3.2818  3.2863
 153  1.122479  3.7746  4.0334  0.5064  5.1236  3.7832  3.3511  3.2612  3.2648
 154  1.124532  3.7738  4.0229  0.5144  5.1121  3.7663  3.3314  3.2402  3.2428
 155  1.126631  3.7728  4.0118  0.5225  5.1026  3.7497  3.3112  3.2187  3.2201
 156  1.128787  3.7716  3.9998  0.5307  5.0959  3.7340  3.2909  3.1965  3.1966
 157  1.131017  3.7702  3.9866  0.5389  5.0931  3.7194  3.2706  3.1740  3.1723
 158  1.133360  3.7684  3.9721  0.5470  5.0960  3.7065  3.2506  3.1511  3.1472
 159  1.135854  3.7659  3.9553  0.5548  5.1087  3.6975  3.2317  3.1283  3.1214
 160  1.138539  3.7624  3.9359  0.5616  5.1374  3.6957  3.2157  3.1070  3.0960
 161  1.141140  3.7580  3.9154  0.5652  5.1904  3.7067  3.2082  3.0927  3.0762
 162  1.142501  3.7549  3.9035  0.5656  5.2357  3.7186  3.2086  3.0887  3.0688
 163  1.143799  3.7514  3.8914  0.5637  5.2977  3.7392  3.2153  3.0900  3.0662
 164  1.145034  3.7471  3.8793  0.5595  5.3737  3.7700  3.2286  3.0969  3.0678
 165  1.146184  3.7424  3.8672  0.5530  5.4634  3.8110  3.2488  3.1092  3.0741
 166  1.147253  3.7372  3.8550  0.5448  5.5680  3.8592  3.2742  3.1262  3.0844
 167  1.148276  3.7316  3.8417  0.5360  5.6860  3.9135  3.3027  3.1453  3.0963
 168  1.149336  3.7255  3.8259  0.5278  5.8153  3.9708  3.3315  3.1637  3.1067
 169  1.150524  3.7188  3.8041  0.5235  5.9489  4.0231  3.3532  3.1739  3.1078
 170  1.151764  3.7128  3.7769  0.5267  6.0566  4.0548  3.3564  3.1662  3.0917
 171  1.152853  3.7083  3.7495  0.5369  6.1188  4.0592  3.3403  3.1420  3.0613
 172  1.153769  3.7054  3.7247  0.5502  6.1460  4.0463  3.3140  3.1101  3.0250
 173  1.154574  3.7032  3.7019  0.5647  6.1519  4.0245  3.2827  3.0749  2.9867
 174  1.155314  3.7015  3.6804  0.5798  6.1456  3.9980  3.2490  3.0381  2.9474
 175  1.156012  3.7002  3.6600  0.5954  6.1298  3.9680  3.2135  3.0003  2.9076
 176  1.156679  3.6992  3.6401  0.6111  6.1094  3.9364  3.1773  2.9619  2.8675
 177  1.157328  3.6983  3.6208  0.6270  6.0848  3.9030  3.1400  2.9231  2.8270
 178  1.157960  3.6975  3.6019  0.6430  6.0575  3.8685  3.1022  2.8837  2.7864
 179  1.158576  3.6968  3.5832  0.6592  6.0285  3.8329  3.0639  2.8441  2.7456
 180  1.159182  3.6961  3.5648  0.6754  5.9984  3.7969  3.0253  2.8042  2.7046
 181  1.159780  3.6956  3.5464  0.6916  5.9667  3.7601  2.9862  2.7641  2.6635
 182  1.160309  3.6951  3.5300  0.7064  5.9374  3.7265  2.9507  2.7275  2.6262
 183  1.160836  3.6946  3.5132  0.7215  5.9069  3.6919  2.9144  2.6903  2.5882
 184  1.161360  3.6942  3.4965  0.7369  5.8749  3.6562  2.8771  2.6523  2.5494
 185  1.161880  3.6938  3.4793  0.7525  5.8425  3.6201  2.8392  2.6137  2.5101
 186  1.162397  3.6935  3.4618  0.7685  5.8093  3.5831  2.8004  2.5740  2.4697
 187  1.162910  3.6930  3.4439  0.7850  5.7749  3.5449  2.7605  2.5332  2.4283
 188  1.163416  3.6926  3.4254  0.8019  5.7396  3.5056  2.7197  2.4915  2.3856
 189  1.163916  3.6921  3.4062  0.8197  5.7026  3.4643  2.6765  2.4475  2.3410
 190  1.164408  3.6917  3.3858  0.8382  5.6649  3.4213  2.6314  2.4015  2.2941
 191  1.164889  3.6911  3.3644  0.8577  5.6260  3.3765  2.5845  2.3534  2.2452
 192  1.165362  3.6906  3.3420  0.8781  5.5862  3.3300  2.5353  2.3030  2.1940
 193  1.165824  3.6900  3.3185  0.8993  5.5444  3.2812  2.4841  2.2505  2.1405
 194  1.166276  3.6893  3.2941  0.9214  5.5017  3.2308  2.4309  2.1961  2.0850
 195  1.166718  3.6887  3.2689  0.9440  5.4581  3.1790  2.3762  2.1400  2.0277
 196  1.167149  3.6879  3.2426  0.9675  5.4143  3.1260  2.3198  2.0822  1.9687
 197  1.167571  3.6871  3.2154  0.9917  5.3698  3.0716  2.2619  2.0225  1.9078
 198  1.167982  3.6863  3.1875  1.0165  5.3252  3.0162  2.2028  1.9617  1.8455
 199  1.168376  3.6854  3.1581  1.0423  5.2800  2.9587  2.1410  1.8979  1.7803
 200  1.168763  3.6845  3.1282  1.0687  5.2347  2.9005  2.0783  1.8332  1.7140
 201  1.169135  3.6835  3.0973  1.0958  5.1896  2.8412  2.0144  1.7670  1.6460
 202  1.169495  3.6824  3.0654  1.1234  5.1435  2.7807  1.9487  1.6989  1.5763
 203  1.169843  3.6813  3.0327  1.1517  5.0979  2.7193  1.8819  1.6298  1.5051
 204  1.170178  3.6800  2.9993  1.1805  5.0524  2.6570  1.8139  1.5591  1.4325
 205  1.170500  3.6787  2.9648  1.2099  5.0081  2.5943  1.7449  1.4873  1.3586
 206  1.170812  3.6774  2.9298  1.2398  4.9646  2.5312  1.6752  1.4145  1.2836
 207  1.171108  3.6760  2.8937  1.2701  4.9213  2.4671  1.6042  1.3404  1.2070
 208  1.171392  3.6746  2.8572  1.3010  4.8784  2.4027  1.5324  1.2653  1.1294
 209  1.171664  3.6730  2.8199  1.3323  4.8359  2.3376  1.4599  1.1893  1.0508
 210  1.171923  3.6715  2.7821  1.3640  4.7940  2.2724  1.3868  1.1125  0.9714
 211  1.172172  3.6699  2.7438  1.3960  4.7525  2.2067  1.3131  1.0351  0.8911
 212  1.172410  3.6682  2.7050  1.4282  4.7121  2.1409  1.2390  0.9571  0.8103
 213  1.172640  3.6664  2.6657  1.4607  4.6724  2.0750  1.1647  0.8786  0.7288
 214  1.172861  3.6648  2.6287  1.4914  4.6362  2.0130  1.0944  0.8046  0.6519
 215  1.173047  3.6630  2.5890  1.5239  4.6001  1.9483  1.0201  0.7262  0.5705
 216  1.173250  3.6606  2.5350  1.5683  4.5523  1.8615  0.9204  0.6200  0.4598
 217  1.173273  3.6604  2.5280  1.5741  4.5462  1.8504  0.9077  0.6063  0.4454
 218  1.173297  3.6600  2.5209  1.5799  4.5404  1.8394  0.8950  0.5926  0.4311
 219  1.173320  3.6597  2.5139  1.5856  4.5345  1.8284  0.8824  0.5791  0.4170
 220  1.173343  3.6594  2.5074  1.5909  4.5290  1.8180  0.8704  0.5663  0.4035
 221  1.173366  3.6591  2.5019  1.5954  4.5245  1.8096  0.8606  0.5556  0.3924
 222  1.173389  3.6589  2.4968  1.5996  4.5205  1.8018  0.8514  0.5459  0.3821
 223  1.173413  3.6587  2.4921  1.6033  4.5168  1.7945  0.8431  0.5369  0.3726
 224  1.173439  3.6584  2.4878  1.6068  4.5136  1.7879  0.8354  0.5286  0.3640
 225  1.173464  3.6583  2.4842  1.6098  4.5104  1.7822  0.8287  0.5214  0.3565
 226  1.173493  3.6582  2.4814  1.6122  4.5075  1.7773  0.8234  0.5158  0.3506
 227  1.173720  3.6592  2.5006  1.5973  4.5161  1.8035  0.8554  0.5507  0.3876
 228  1.174012  3.6634  2.5802  1.5345  4.5640  1.9186  0.9932  0.6995  0.5440
 229  1.174381  3.6603  2.5106  1.5915  4.5031  1.8064  0.8642  0.5626  0.4015
 230  1.174696  3.6566  2.4350  1.6527  4.4463  1.6901  0.7279  0.4169  0.2491
 231  1.174974  3.6530  2.3615  1.7119  4.3954  1.5797  0.5973  0.2767  0.1022
 232  1.175220  3.6494  2.2904  1.7688  4.3503  1.4753  0.4725  0.1422 -0.0389
 233  1.175434  3.6459  2.2211  1.8241  4.3102  1.3760  0.3530  0.0124 -0.1755
 234  1.175626  3.6423  2.1516  1.8792  4.2743  1.2788  0.2351 -0.1163 -0.3114
 235  1.175791  3.6388  2.0850  1.9317  4.2434  1.1881  0.1240 -0.2386 -0.4409
 236  1.175942  3.6352  2.0180  1.9846  4.2151  1.0987  0.0139 -0.3606 -0.5707
 237  1.176075  3.6315  1.9521  2.0360  4.1925  1.0142 -0.0911 -0.4785 -0.6967
 238  1.176194  3.6279  1.8876  2.0860  4.1733  0.9337 -0.1913 -0.5923 -0.8192
 239  1.176299  3.6244  1.8242  2.1351  4.1557  0.8567 -0.2874 -0.7030 -0.9390
 240  1.176395  3.6208  1.7618  2.1830  4.1391  0.7832 -0.3794 -0.8104 -1.0562
 241  1.176479  3.6172  1.7013  2.2295  4.1244  0.7144 -0.4656 -0.9130 -1.1694
 242  1.176555  3.6137  1.6417  2.2752  4.1095  0.6484 -0.5481 -1.0132 -1.2805
 243  1.176625  3.6102  1.5827  2.3204  4.0954  0.5854 -0.6265 -1.1109 -1.3903
 244  1.176687  3.6068  1.5257  2.3638  4.0820  0.5265 -0.6991 -1.2040 -1.4960
 245  1.176743  3.6035  1.4692  2.4067  4.0714  0.4724 -0.7659 -1.2942 -1.6003
 246  1.176794  3.6001  1.4139  2.4485  4.0622  0.4232 -0.8273 -1.3805 -1.7017
 247  1.176841  3.5967  1.3597  2.4894  4.0510  0.3770 -0.8849 -1.4641 -1.8008
 248  1.176883  3.5935  1.3067  2.5292  4.0378  0.3340 -0.9395 -1.5446 -1.8968
 249  1.176923  3.5903  1.2548  2.5682  4.0211  0.2933 -0.9922 -1.6225 -1.9899
 250  1.176958  3.5870  1.2039  2.6063  4.0039  0.2562 -1.0394 -1.6976 -2.0811
 251  1.176991  3.5838  1.1537  2.6439  3.9868  0.2228 -1.0793 -1.7698 -2.1708
 252  1.177020  3.5807  1.1050  2.6800  3.9699  0.1940 -1.1094 -1.8380 -2.2576
 253  1.177048  3.5777  1.0572  2.7155  3.9520  0.1679 -1.1318 -1.9035 -2.3426
 254  1.177073  3.5746  1.0101  2.7503  3.9345  0.1457 -1.1488 -1.9662 -2.4259
 255  1.177096  3.5715  0.9641  2.7841  3.9181  0.1276 -1.1612 -2.0254 -2.5063
 256  1.177119  3.5684  0.9188  2.8173  3.9030  0.1123 -1.1720 -2.0822 -2.5854
 257  1.177139  3.5655  0.8745  2.8495  3.8918  0.1012 -1.1814 -2.1359 -2.6618
 258  1.177157  3.5625  0.8312  2.8812  3.8822  0.0951 -1.1850 -2.1861 -2.7356
 259  1.177175  3.5596  0.7887  2.9118  3.8747  0.0948 -1.1809 -2.2327 -2.8070
 260  1.177191  3.5567  0.7471  2.9419  3.8731  0.0958 -1.1756 -2.2784 -2.8767
 261  1.177207  3.5538  0.7063  2.9712  3.8706  0.1012 -1.1575 -2.3219 -2.9449
 262  1.177221  3.5511  0.6662  3.0000  3.8660  0.1154 -1.1223 -2.3608 -3.0107
 263  1.177235  3.5483  0.6272  3.0282  3.8573  0.1401 -1.0666 -2.3935 -3.0730
 264  1.177247  3.5455  0.5890  3.0555  3.8371  0.1868 -0.9624 -2.4157 -3.1315
 265  1.177259  3.5428  0.5512  3.0822  3.8047  0.2526 -0.8188 -2.4270 -3.1845
 266  1.177270  3.5401  0.5143  3.1084  3.7690  0.3322 -0.6560 -2.4300 -3.2326
 267  1.177281  3.5375  0.4783  3.1340  3.7320  0.4359 -0.4606 -2.4200 -3.2742
 268  1.177290  3.5349  0.4428  3.1590  3.6966  0.5550 -0.2522 -2.4001 -3.3090
 269  1.177299  3.5323  0.4082  3.1833  3.6712  0.6895 -0.0563 -2.3692 -3.3336
 270  1.177308  3.5298  0.3744  3.2072  3.6504  0.8224  0.1172 -2.3369 -3.3541
 271  1.177317  3.5274  0.3414  3.2305  3.6333  0.9503  0.2664 -2.3051 -3.3716
 272  1.177325  3.5249  0.3087  3.2532  3.6211  1.0703  0.3869 -2.2743 -3.3863
 273  1.177332  3.5225  0.2767  3.2756  3.6123  1.1785  0.4769 -2.2475 -3.3997
 274  1.177339  3.5200  0.2452  3.2973  3.6122  1.2686  0.5191 -2.2272 -3.4131
 275  1.177346  3.5174  0.2136  3.3185  3.6197  1.3522  0.5332 -2.2067 -3.4234
 276  1.177353  3.5152  0.1837  3.3391  3.6255  1.4174  0.5265 -2.1936 -3.4360
 277  1.177359  3.5129  0.1546  3.3592  3.6334  1.4768  0.5094 -2.1808 -3.4473
 278  1.177364  3.5107  0.1268  3.3783  3.6408  1.5286  0.4863 -2.1692 -3.4581
 279  1.177313  3.5087  0.1023  3.3948  3.6781  1.5858  0.4743 -2.1523 -3.4640
