#NUMBER OF AGES= 1
#----------------------------------------------------       
#MIX-LEN  Y      Z          Zeff        [Fe/H] [a/Fe]
# 1.9380  0.2714 1.7313E-02 1.7313E-02   0.03   0.00 
#----------------------------------------------------       
#**PHOTOMETRIC SYSTEM**: SDSS (AB)                          
#----------------------------------------------------       
#AGE= 7.000 EEPS=269
#EEP   M/Mo    LogTeff  LogG   LogL/Lo sdss_u  sdss_g  sdss_r  sdss_i  sdss_z
  11  0.125695  3.5060  5.2103 -2.6958 17.6448 14.5170 13.0125 11.7622 11.0491
  12  0.150073  3.5067  5.1387 -2.5441 17.1927 14.1163 12.6230 11.3808 10.6704
  13  0.185909  3.5118  5.0782 -2.3701 16.5869 13.5868 12.1177 10.9185 10.2308
  14  0.212946  3.5163  5.0433 -2.2589 16.1855 13.2342 11.7835 10.6182  9.9494
  15  0.232099  3.5191  5.0206 -2.1871 15.9287 13.0067 11.5680 10.4245  9.7682
  16  0.249128  3.5217  5.0019 -2.1275 15.7172 12.8180 11.3895 10.2639  9.6179
  17  0.270875  3.5246  4.9812 -2.0584 15.4758 12.5997 11.1832 10.0776  9.4435
  18  0.289318  3.5272  4.9643 -2.0030 15.2843 12.4254 11.0182  9.9285  9.3039
  19  0.300709  3.5286  4.9530 -1.9690 15.1681 12.3192 10.9178  9.8373  9.2182
  20  0.307798  3.5296  4.9451 -1.9473 15.0954 12.2527 10.8549  9.7796  9.1639
  21  0.312835  3.5302  4.9384 -1.9313 15.0435 12.2051 10.8096  9.7376  9.1238
  22  0.316593  3.5305  4.9339 -1.9199 15.0060 12.1706 10.7768  9.7074  9.0952
  23  0.319610  3.5309  4.9306 -1.9108 14.9757 12.1427 10.7505  9.6834  9.0726
  24  0.322092  3.5312  4.9276 -1.9033 14.9508 12.1198 10.7287  9.6633  9.0536
  25  0.324636  3.5317  4.9239 -1.8944 14.9198 12.0915 10.7023  9.6392  9.0311
  26  0.327200  3.5318  4.9211 -1.8874 14.8990 12.0721 10.6837  9.6216  9.0140
  27  0.330590  3.5322  4.9192 -1.8797 14.8719 12.0468 10.6597  9.6002  8.9942
  28  0.335793  3.5329  4.9149 -1.8661 14.8273 12.0056 10.6205  9.5644  8.9605
  29  0.344249  3.5339  4.9106 -1.8471 14.7621 11.9446 10.5627  9.5128  8.9127
  30  0.463531  3.5546  4.8134 -1.5354 13.6823 10.9173  9.5896  8.6572  8.1349
  31  0.455294  3.5542  4.8166 -1.5512 13.7365 10.9590  9.6193  8.6955  8.1768
  32  0.481690  3.5602  4.7916 -1.4768 13.4811 10.7076  9.3808  8.4892  7.9928
  33  0.496872  3.5642  4.7764 -1.4317 13.3265 10.5488  9.2268  8.3638  7.8836
  34  0.509283  3.5679  4.7644 -1.3945 13.1977 10.4146  9.0960  8.2590  7.7935
  35  0.519752  3.5712  4.7544 -1.3624 13.0869 10.2977  8.9819  8.1679  7.7161
  36  0.530349  3.5747  4.7446 -1.3296 12.9731 10.1763  8.8629  8.0738  7.6370
  37  0.543024  3.5792  4.7330 -1.2901 12.8367 10.0290  8.7179  7.9603  7.5425
  38  0.558927  3.5849  4.7187 -1.2403 12.6622  9.8398  8.5303  7.8163  7.4242
  39  0.576379  3.5916  4.7033 -1.1849 12.4678  9.6270  8.3212  7.6559  7.2933
  40  0.593936  3.5987  4.6886 -1.1288 12.2806  9.4150  8.1214  7.4968  7.1599
  41  0.610687  3.6058  4.6757 -1.0752 12.0917  9.2043  7.9235  7.3426  7.0336
  42  0.629005  3.6145  4.6634 -1.0158 11.8689  8.9578  7.6913  7.1677  6.8944
  43  0.648483  3.6237  4.6511 -0.9531 11.6309  8.6992  7.4569  6.9867  6.7471
  44  0.665953  3.6324  4.6408 -0.8964 11.3840  8.4565  7.2504  6.8243  6.6127
  45  0.682039  3.6408  4.6325 -0.8440 11.1189  8.2262  7.0618  6.6745  6.4865
  46  0.699815  3.6502  4.6237 -0.7866 10.7964  7.9707  6.8590  6.5101  6.3446
  47  0.717261  3.6596  4.6158 -0.7305 10.4521  7.7200  6.6680  6.3517  6.2043
  48  0.733711  3.6684  4.6082 -0.6781 10.1239  7.4903  6.4968  6.2064  6.0731
  49  0.748809  3.6760  4.6006 -0.6307  9.8298  7.2890  6.3470  6.0771  5.9547
  50  0.762208  3.6828  4.5935 -0.5888  9.5724  7.1161  6.2178  5.9646  5.8516
  51  0.773594  3.6883  4.5869 -0.5535  9.3597  6.9742  6.1113  5.8714  5.7658
  52  0.780466  3.6917  4.5829 -0.5326  9.2368  6.8914  6.0488  5.8161  5.7152
  53  0.787316  3.6948  4.5787 -0.5118  9.1227  6.8117  5.9879  5.7621  5.6656
  54  0.794109  3.6979  4.5745 -0.4916  9.0131  6.7350  5.9290  5.7096  5.6172
  55  0.800890  3.7009  4.5702 -0.4717  8.9056  6.6608  5.8717  5.6583  5.5701
  56  0.807642  3.7038  4.5659 -0.4523  8.7964  6.5888  5.8158  5.6083  5.5242
  57  0.814341  3.7065  4.5615 -0.4332  8.6889  6.5187  5.7614  5.5594  5.4793
  58  0.820942  3.7092  4.5571 -0.4145  8.5836  6.4507  5.7082  5.5117  5.4355
  59  0.827425  3.7119  4.5526 -0.3961  8.4823  6.3850  5.6567  5.4653  5.3926
  60  0.833772  3.7144  4.5480 -0.3779  8.3837  6.3209  5.6064  5.4198  5.3506
  61  0.839965  3.7169  4.5433 -0.3601  8.2880  6.2586  5.5571  5.3753  5.3092
  62  0.845971  3.7193  4.5385 -0.3426  8.1952  6.1982  5.5091  5.3316  5.2688
  63  0.851808  3.7216  4.5336 -0.3253  8.1049  6.1393  5.4621  5.2888  5.2292
  64  0.857504  3.7239  4.5287 -0.3085  8.0171  6.0820  5.4162  5.2468  5.1902
  65  0.863067  3.7261  4.5237 -0.2918  7.9316  6.0264  5.3712  5.2056  5.1520
  66  0.868524  3.7282  4.5187 -0.2755  7.8477  5.9726  5.3272  5.1650  5.1141
  67  0.873881  3.7304  4.5135 -0.2593  7.7663  5.9203  5.2843  5.1253  5.0769
  68  0.879159  3.7324  4.5084 -0.2434  7.6869  5.8690  5.2420  5.0861  5.0403
  69  0.884371  3.7343  4.5029 -0.2278  7.6104  5.8189  5.2006  5.0478  5.0042
  70  0.889520  3.7362  4.4976 -0.2123  7.5368  5.7695  5.1600  5.0102  4.9691
  71  0.894616  3.7380  4.4921 -0.1971  7.4655  5.7210  5.1202  4.9733  4.9343
  72  0.899670  3.7397  4.4864 -0.1820  7.3961  5.6734  5.0808  4.9369  4.9001
  73  0.904653  3.7414  4.4808 -0.1672  7.3287  5.6267  5.0421  4.9010  4.8664
  74  0.909568  3.7431  4.4750 -0.1525  7.2632  5.5810  5.0042  4.8658  4.8330
  75  0.914410  3.7447  4.4693 -0.1380  7.1997  5.5364  4.9669  4.8309  4.8001
  76  0.919166  3.7462  4.4634 -0.1238  7.1380  5.4926  4.9303  4.7967  4.7679
  77  0.923843  3.7477  4.4574 -0.1098  7.0781  5.4500  4.8944  4.7631  4.7359
  78  0.928438  3.7491  4.4515 -0.0960  7.0200  5.4083  4.8591  4.7300  4.7046
  79  0.932949  3.7505  4.4455 -0.0825  6.9634  5.3675  4.8245  4.6977  4.6738
  80  0.937371  3.7518  4.4395 -0.0692  6.9083  5.3278  4.7906  4.6658  4.6435
  81  0.941692  3.7530  4.4335 -0.0562  6.8552  5.2891  4.7576  4.6346  4.6138
  82  0.945474  3.7541  4.4282 -0.0448  6.8090  5.2554  4.7286  4.6072  4.5877
  83  0.949168  3.7551  4.4228 -0.0336  6.7644  5.2225  4.7004  4.5805  4.5622
  84  0.952785  3.7561  4.4175 -0.0226  6.7210  5.1905  4.6727  4.5544  4.5372
  85  0.956329  3.7570  4.4120 -0.0119  6.6790  5.1593  4.6456  4.5286  4.5125
  86  0.959801  3.7579  4.4068 -0.0014  6.6379  5.1285  4.6188  4.5035  4.4884
  87  0.963217  3.7588  4.4014  0.0091  6.5984  5.0985  4.5926  4.4786  4.4645
  88  0.966573  3.7597  4.3960  0.0193  6.5598  5.0690  4.5670  4.4541  4.4410
  89  0.969878  3.7605  4.3906  0.0294  6.5221  5.0401  4.5416  4.4299  4.4179
  90  0.973143  3.7613  4.3853  0.0394  6.4852  5.0116  4.5165  4.4061  4.3949
  91  0.976403  3.7620  4.3799  0.0493  6.4489  4.9832  4.4916  4.3824  4.3720
  92  0.979644  3.7627  4.3744  0.0591  6.4132  4.9552  4.4669  4.3588  4.3493
  93  0.982878  3.7635  4.3688  0.0689  6.3784  4.9276  4.4425  4.3354  4.3267
  94  0.986095  3.7642  4.3634  0.0787  6.3440  4.9003  4.4181  4.3122  4.3043
  95  0.989304  3.7648  4.3578  0.0883  6.3104  4.8733  4.3941  4.2891  4.2820
  96  0.992496  3.7655  4.3522  0.0978  6.2773  4.8467  4.3703  4.2663  4.2600
  97  0.995657  3.7661  4.3466  0.1072  6.2448  4.8205  4.3468  4.2437  4.2381
  98  0.998801  3.7666  4.3411  0.1165  6.2132  4.7947  4.3235  4.2214  4.2164
  99  1.001931  3.7672  4.3354  0.1256  6.1824  4.7692  4.3006  4.1993  4.1949
 100  1.005060  3.7677  4.3297  0.1347  6.1520  4.7441  4.2778  4.1773  4.1735
 101  1.008217  3.7682  4.3240  0.1438  6.1222  4.7192  4.2551  4.1553  4.1521
 102  1.011448  3.7687  4.3180  0.1531  6.0924  4.6941  4.2321  4.1330  4.1304
 103  1.014892  3.7691  4.3117  0.1627  6.0617  4.6680  4.2081  4.1097  4.1075
 104  1.021417  3.7695  4.3000  0.1782  6.0190  4.6281  4.1695  4.0716  4.0697
 105  1.024038  3.7698  4.2947  0.1860  5.9948  4.6071  4.1500  4.0526  4.0512
 106  1.026400  3.7702  4.2897  0.1934  5.9720  4.5873  4.1318  4.0348  4.0337
 107  1.028470  3.7703  4.2848  0.2001  5.9512  4.5692  4.1148  4.0183  4.0175
 108  1.030239  3.7706  4.2804  0.2063  5.9321  4.5525  4.0994  4.0032  4.0028
 109  1.026423  3.7708  4.2863  0.1995  5.9492  4.5696  4.1167  4.0208  4.0204
 110  1.025490  3.7710  4.2877  0.1986  5.9495  4.5712  4.1190  4.0234  4.0233
 111  1.026642  3.7712  4.2843  0.2030  5.9362  4.5593  4.1078  4.0124  4.0125
 112  1.028366  3.7713  4.2806  0.2082  5.9212  4.5456  4.0950  3.9998  4.0001
 113  1.030224  3.7715  4.2764  0.2137  5.9057  4.5312  4.0813  3.9864  3.9868
 114  1.032136  3.7716  4.2721  0.2194  5.8896  4.5165  4.0672  3.9726  3.9732
 115  1.034090  3.7718  4.2678  0.2252  5.8728  4.5013  4.0528  3.9584  3.9591
 116  1.036071  3.7719  4.2634  0.2310  5.8561  4.4860  4.0382  3.9439  3.9449
 117  1.038070  3.7721  4.2588  0.2370  5.8390  4.4704  4.0233  3.9293  3.9305
 118  1.040083  3.7722  4.2542  0.2431  5.8220  4.4547  4.0082  3.9144  3.9157
 119  1.042105  3.7723  4.2495  0.2492  5.8047  4.4387  3.9930  3.8995  3.9009
 120  1.044135  3.7725  4.2447  0.2554  5.7873  4.4227  3.9776  3.8843  3.8858
 121  1.046160  3.7727  4.2399  0.2616  5.7697  4.4065  3.9620  3.8689  3.8707
 122  1.048159  3.7728  4.2352  0.2678  5.7521  4.3903  3.9465  3.8537  3.8556
 123  1.049912  3.7730  4.2305  0.2740  5.7337  4.3738  3.9310  3.8385  3.8406
 124  1.051560  3.7733  4.2258  0.2804  5.7149  4.3571  3.9153  3.8230  3.8254
 125  1.053237  3.7734  4.2210  0.2868  5.6961  4.3402  3.8993  3.8074  3.8100
 126  1.054947  3.7737  4.2160  0.2932  5.6774  4.3231  3.8832  3.7915  3.7945
 127  1.056687  3.7738  4.2110  0.2997  5.6586  4.3061  3.8668  3.7755  3.7786
 128  1.058439  3.7739  4.2056  0.3063  5.6398  4.2888  3.8503  3.7593  3.7625
 129  1.060232  3.7741  4.2003  0.3130  5.6211  4.2713  3.8336  3.7428  3.7462
 130  1.062037  3.7742  4.1948  0.3197  5.6027  4.2540  3.8168  3.7262  3.7297
 131  1.063848  3.7744  4.1892  0.3266  5.5843  4.2366  3.7999  3.7094  3.7131
 132  1.065664  3.7744  4.1834  0.3333  5.5659  4.2191  3.7829  3.6927  3.6964
 133  1.067476  3.7745  4.1777  0.3401  5.5477  4.2016  3.7659  3.6757  3.6795
 134  1.069284  3.7746  4.1718  0.3470  5.5298  4.1842  3.7488  3.6587  3.6626
 135  1.071093  3.7746  4.1656  0.3539  5.5124  4.1670  3.7316  3.6415  3.6453
 136  1.072899  3.7746  4.1595  0.3609  5.4947  4.1496  3.7144  3.6243  3.6281
 137  1.074704  3.7746  4.1532  0.3678  5.4773  4.1321  3.6971  3.6071  3.6109
 138  1.076503  3.7746  4.1469  0.3747  5.4600  4.1149  3.6798  3.5897  3.5935
 139  1.078297  3.7745  4.1405  0.3817  5.4428  4.0975  3.6624  3.5723  3.5760
 140  1.080086  3.7745  4.1340  0.3887  5.4258  4.0801  3.6451  3.5548  3.5584
 141  1.081868  3.7743  4.1273  0.3957  5.4091  4.0629  3.6277  3.5373  3.5407
 142  1.083647  3.7742  4.1206  0.4026  5.3924  4.0457  3.6101  3.5196  3.5230
 143  1.085419  3.7742  4.1137  0.4097  5.3757  4.0284  3.5925  3.5018  3.5051
 144  1.087190  3.7740  4.1068  0.4168  5.3596  4.0112  3.5750  3.4841  3.4871
 145  1.088958  3.7738  4.0996  0.4238  5.3439  3.9941  3.5574  3.4662  3.4689
 146  1.090723  3.7735  4.0923  0.4310  5.3280  3.9771  3.5396  3.4481  3.4506
 147  1.092488  3.7732  4.0848  0.4382  5.3128  3.9602  3.5220  3.4300  3.4322
 148  1.094237  3.7729  4.0771  0.4452  5.2980  3.9434  3.5043  3.4119  3.4135
 149  1.095976  3.7727  4.0693  0.4524  5.2841  3.9271  3.4865  3.3936  3.3949
 150  1.097709  3.7722  4.0612  0.4594  5.2708  3.9109  3.4688  3.3752  3.3760
 151  1.099442  3.7717  4.0529  0.4666  5.2583  3.8948  3.4510  3.3568  3.3569
 152  1.101186  3.7713  4.0443  0.4738  5.2465  3.8790  3.4333  3.3380  3.3376
 153  1.102947  3.7706  4.0353  0.4810  5.2358  3.8635  3.4153  3.3191  3.3180
 154  1.104738  3.7698  4.0257  0.4882  5.2267  3.8485  3.3973  3.2999  3.2979
 155  1.106570  3.7689  4.0156  0.4955  5.2187  3.8338  3.3790  3.2804  3.2773
 156  1.108459  3.7678  4.0046  0.5029  5.2133  3.8196  3.3608  3.2605  3.2560
 157  1.110428  3.7666  3.9928  0.5103  5.2109  3.8061  3.3424  3.2400  3.2342
 158  1.112516  3.7649  3.9795  0.5178  5.2139  3.7946  3.3241  3.2193  3.2112
 159  1.114768  3.7626  3.9639  0.5251  5.2265  3.7867  3.3067  3.1982  3.1874
 160  1.117236  3.7593  3.9454  0.5314  5.2559  3.7854  3.2921  3.1784  3.1637
 161  1.119647  3.7550  3.9255  0.5350  5.3125  3.7954  3.2851  3.1651  3.1453
 162  1.120993  3.7520  3.9136  0.5354  5.3586  3.8069  3.2854  3.1612  3.1380
 163  1.122283  3.7484  3.9012  0.5338  5.4195  3.8281  3.2918  3.1620  3.1345
 164  1.123516  3.7440  3.8884  0.5299  5.4948  3.8595  3.3047  3.1681  3.1352
 165  1.124675  3.7392  3.8751  0.5240  5.5876  3.9003  3.3239  3.1793  3.1401
 166  1.125772  3.7338  3.8613  0.5169  5.6965  3.9487  3.3479  3.1942  3.1482
 167  1.126851  3.7279  3.8455  0.5095  5.8180  4.0019  3.3738  3.2101  3.1563
 168  1.127967  3.7216  3.8259  0.5043  5.9455  4.0536  3.3964  3.2219  3.1598
 169  1.129158  3.7152  3.8008  0.5041  6.0665  4.0952  3.4080  3.2222  3.1513
 170  1.130332  3.7097  3.7724  0.5112  6.1553  4.1140  3.4014  3.2056  3.1271
 171  1.131317  3.7061  3.7457  0.5235  6.1994  4.1083  3.3789  3.1762  3.0923
 172  1.132157  3.7036  3.7218  0.5376  6.2145  4.0905  3.3496  3.1423  3.0547
 173  1.132915  3.7017  3.6997  0.5525  6.2138  4.0663  3.3172  3.1064  3.0159
 174  1.133619  3.7002  3.6789  0.5678  6.2022  4.0382  3.2827  3.0693  2.9765
 175  1.134290  3.6990  3.6590  0.5834  6.1831  4.0073  3.2471  3.0314  2.9368
 176  1.134938  3.6980  3.6395  0.5990  6.1608  3.9754  3.2107  2.9931  2.8969
 177  1.135570  3.6973  3.6208  0.6147  6.1348  3.9416  3.1736  2.9545  2.8568
 178  1.136193  3.6966  3.6023  0.6305  6.1064  3.9068  3.1360  2.9155  2.8167
 179  1.136806  3.6959  3.5843  0.6465  6.0763  3.8712  3.0980  2.8764  2.7765
 180  1.137414  3.6953  3.5663  0.6624  6.0459  3.8356  3.0599  2.8372  2.7364
 181  1.138020  3.6948  3.5486  0.6783  6.0139  3.7992  3.0216  2.7980  2.6963
 182  1.138557  3.6944  3.5331  0.6923  5.9851  3.7667  2.9875  2.7632  2.6608
 183  1.139093  3.6940  3.5177  0.7066  5.9554  3.7337  2.9531  2.7280  2.6250
 184  1.139630  3.6938  3.5021  0.7210  5.9248  3.7000  2.9181  2.6922  2.5886
 185  1.140165  3.6934  3.4863  0.7356  5.8942  3.6664  2.8830  2.6563  2.5521
 186  1.140700  3.6930  3.4702  0.7503  5.8632  3.6320  2.8471  2.6199  2.5150
 187  1.141235  3.6926  3.4540  0.7653  5.8314  3.5970  2.8107  2.5828  2.4772
 188  1.141765  3.6922  3.4374  0.7807  5.7989  3.5612  2.7735  2.5448  2.4386
 189  1.142288  3.6919  3.4197  0.7971  5.7645  3.5227  2.7335  2.5040  2.3973
 190  1.142805  3.6915  3.4008  0.8145  5.7283  3.4821  2.6912  2.4609  2.3533
 191  1.143309  3.6910  3.3805  0.8331  5.6904  3.4390  2.6460  2.4148  2.3065
 192  1.143805  3.6905  3.3591  0.8528  5.6500  3.3932  2.5982  2.3661  2.2570
 193  1.144285  3.6901  3.3359  0.8741  5.6071  3.3441  2.5468  2.3135  2.2036
 194  1.144753  3.6893  3.3114  0.8963  5.5635  3.2932  2.4934  2.2587  2.1478
 195  1.145214  3.6888  3.2862  0.9191  5.5187  3.2409  2.4381  2.2022  2.0902
 196  1.145660  3.6881  3.2595  0.9431  5.4731  3.1863  2.3804  2.1430  2.0298
 197  1.146094  3.6873  3.2318  0.9680  5.4263  3.1298  2.3206  2.0815  1.9671
 198  1.146516  3.6865  3.2029  0.9937  5.3792  3.0720  2.2591  2.0182  1.9024
 199  1.146922  3.6856  3.1727  1.0204  5.3318  3.0126  2.1953  1.9526  1.8352
 200  1.147322  3.6846  3.1420  1.0475  5.2844  2.9524  2.1308  1.8860  1.7671
 201  1.147703  3.6836  3.1099  1.0755  5.2367  2.8904  2.0640  1.8170  1.6963
 202  1.148071  3.6824  3.0768  1.1044  5.1882  2.8271  1.9956  1.7461  1.6237
 203  1.148429  3.6813  3.0429  1.1338  5.1403  2.7631  1.9261  1.6742  1.5498
 204  1.148767  3.6801  3.0081  1.1640  5.0920  2.6978  1.8549  1.6003  1.4739
 205  1.149093  3.6788  2.9722  1.1947  5.0448  2.6319  1.7826  1.5251  1.3965
 206  1.149407  3.6774  2.9356  1.2260  4.9985  2.5655  1.7095  1.4489  1.3179
 207  1.149703  3.6760  2.8979  1.2579  4.9527  2.4982  1.6350  1.3711  1.2376
 208  1.149986  3.6745  2.8596  1.2903  4.9073  2.4304  1.5597  1.2924  1.1563
 209  1.150256  3.6728  2.8206  1.3230  4.8623  2.3622  1.4837  1.2128  1.0740
 210  1.150514  3.6712  2.7811  1.3562  4.8180  2.2936  1.4070  1.1323  0.9909
 211  1.150759  3.6696  2.7411  1.3896  4.7743  2.2249  1.3300  1.0513  0.9070
 212  1.150993  3.6679  2.7006  1.4233  4.7317  2.1559  1.2526  0.9699  0.8224
 213  1.151223  3.6661  2.6601  1.4570  4.6904  2.0877  1.1755  0.8886  0.7381
 214  1.151436  3.6645  2.6232  1.4874  4.6540  2.0256  1.1052  0.8149  0.6617
 215  1.151600  3.6625  2.5788  1.5240  4.6140  1.9534  1.0222  0.7271  0.5704
 216  1.151830  3.6598  2.5193  1.5727  4.5629  1.8591  0.9137  0.6109  0.4490
 217  1.151848  3.6595  2.5126  1.5782  4.5570  1.8485  0.9014  0.5978  0.4352
 218  1.151867  3.6592  2.5059  1.5838  4.5515  1.8379  0.8894  0.5847  0.4217
 219  1.151886  3.6589  2.4994  1.5890  4.5461  1.8277  0.8776  0.5721  0.4083
 220  1.151903  3.6587  2.4936  1.5938  4.5411  1.8187  0.8671  0.5608  0.3965
 221  1.151919  3.6585  2.4899  1.5967  4.5381  1.8131  0.8607  0.5538  0.3892
 222  1.151938  3.6584  2.4872  1.5990  4.5357  1.8086  0.8555  0.5484  0.3835
 223  1.151961  3.6582  2.4848  1.6011  4.5334  1.8046  0.8509  0.5435  0.3785
 224  1.151987  3.6581  2.4827  1.6028  4.5313  1.8011  0.8469  0.5393  0.3741
 225  1.152017  3.6581  2.4810  1.6041  4.5296  1.7982  0.8438  0.5360  0.3706
 226  1.152050  3.6581  2.4803  1.6049  4.5280  1.7964  0.8419  0.5341  0.3688
 227  1.152273  3.6605  2.5259  1.5690  4.5533  1.8613  0.9202  0.6189  0.4579
 228  1.152572  3.6630  2.5733  1.5318  4.5803  1.9289  1.0015  0.7068  0.5505
 229  1.152909  3.6595  2.4954  1.5958  4.5118  1.8032  0.8569  0.5535  0.3910
 230  1.153195  3.6559  2.4208  1.6560  4.4567  1.6888  0.7226  0.4099  0.2407
 231  1.153453  3.6523  2.3466  1.7157  4.4060  1.5777  0.5910  0.2685  0.0926
 232  1.153675  3.6488  2.2769  1.7715  4.3626  1.4759  0.4692  0.1369 -0.0456
 233  1.153872  3.6451  2.2067  1.8274  4.3226  1.3756  0.3484  0.0057 -0.1836
 234  1.154047  3.6415  2.1375  1.8822  4.2876  1.2796  0.2314 -0.1221 -0.3187
 235  1.154202  3.6379  2.0693  1.9361  4.2565  1.1869  0.1180 -0.2473 -0.4514
 236  1.154336  3.6344  2.0034  1.9879  4.2299  1.0997  0.0102 -0.3668 -0.5786
 237  1.154459  3.6308  1.9371  2.0396  4.2078  1.0151 -0.0947 -0.4851 -0.7052
 238  1.154566  3.6272  1.8734  2.0890  4.1894  0.9360 -0.1933 -0.5973 -0.8262
 239  1.154663  3.6235  1.8101  2.1379  4.1719  0.8598 -0.2886 -0.7073 -0.9455
 240  1.154749  3.6199  1.7478  2.1858  4.1556  0.7867 -0.3799 -0.8144 -1.0625
 241  1.154826  3.6164  1.6872  2.2324  4.1409  0.7183 -0.4657 -0.9170 -1.1757
 242  1.154896  3.6130  1.6275  2.2781  4.1263  0.6528 -0.5476 -1.0169 -1.2870
 243  1.154959  3.6095  1.5688  2.3230  4.1123  0.5905 -0.6249 -1.1138 -1.3959
 244  1.155016  3.6060  1.5112  2.3668  4.0989  0.5318 -0.6973 -1.2075 -1.5028
 245  1.155067  3.6026  1.4552  2.4093  4.0896  0.4795 -0.7622 -1.2962 -1.6059
 246  1.155114  3.5993  1.3996  2.4512  4.0798  0.4306 -0.8232 -1.3827 -1.7078
 247  1.155156  3.5959  1.3458  2.4919  4.0682  0.3853 -0.8801 -1.4655 -1.8060
 248  1.155195  3.5926  1.2929  2.5316  4.0537  0.3426 -0.9349 -1.5457 -1.9015
 249  1.155230  3.5894  1.2408  2.5707  4.0365  0.3023 -0.9869 -1.6236 -1.9950
 250  1.155263  3.5862  1.1900  2.6087  4.0194  0.2662 -1.0322 -1.6979 -2.0858
 251  1.155293  3.5830  1.1402  2.6458  4.0022  0.2344 -1.0690 -1.7688 -2.1744
 252  1.155319  3.5799  1.0913  2.6823  3.9846  0.2056 -1.0970 -1.8372 -2.2619
 253  1.155345  3.5767  1.0435  2.7177  3.9666  0.1801 -1.1183 -1.9022 -2.3470
 254  1.155369  3.5736  0.9968  2.7521  3.9495  0.1589 -1.1343 -1.9641 -2.4295
 255  1.155390  3.5706  0.9504  2.7861  3.9335  0.1423 -1.1455 -2.0227 -2.5103
 256  1.155410  3.5676  0.9053  2.8191  3.9201  0.1266 -1.1589 -2.0794 -2.5888
 257  1.155428  3.5646  0.8612  2.8513  3.9095  0.1167 -1.1673 -2.1323 -2.6647
 258  1.155445  3.5617  0.8178  2.8827  3.9007  0.1121 -1.1689 -2.1819 -2.7385
 259  1.155462  3.5587  0.7754  2.9134  3.8952  0.1118 -1.1652 -2.2286 -2.8098
 260  1.155476  3.5558  0.7339  2.9433  3.8936  0.1131 -1.1559 -2.2746 -2.8797
 261  1.155490  3.5529  0.6929  2.9728  3.8906  0.1215 -1.1316 -2.3173 -2.9480
 262  1.155503  3.5501  0.6531  3.0014  3.8847  0.1389 -1.0892 -2.3544 -3.0128
 263  1.155516  3.5472  0.6138  3.0295  3.8750  0.1734 -1.0169 -2.3836 -3.0749
 264  1.155526  3.5446  0.5756  3.0569  3.8462  0.2274 -0.8920 -2.4017 -3.1317
 265  1.155537  3.5419  0.5378  3.0837  3.8117  0.2995 -0.7384 -2.4097 -3.1832
 266  1.155548  3.5392  0.5012  3.1097  3.7749  0.3872 -0.5640 -2.4085 -3.2291
 267  1.155557  3.5365  0.4651  3.1353  3.7378  0.4997 -0.3583 -2.3939 -3.2684
 268  1.155567  3.5339  0.4297  3.1601  3.7059  0.6267 -0.1507 -2.3691 -3.2994
 269  1.155574  3.5314  0.3951  3.1845  3.6828  0.7643  0.0392 -2.3361 -3.3219
 270  1.155582  3.5288  0.3613  3.2082  3.6633  0.8967  0.2048 -2.3037 -3.3414
 271  1.155590  3.5263  0.3281  3.2316  3.6481  1.0227  0.3431 -2.2718 -3.3576
 272  1.155598  3.5239  0.2956  3.2543  3.6376  1.1396  0.4519 -2.2419 -3.3716
 273  1.155605  3.5215  0.2637  3.2764  3.6313  1.2401  0.5229 -2.2180 -3.3854
 274  1.155611  3.5189  0.2315  3.2981  3.6370  1.3310  0.5506 -2.1956 -3.3961
 275  1.155618  3.5164  0.2006  3.3192  3.6431  1.4040  0.5527 -2.1798 -3.4083
 276  1.155623  3.5141  0.1706  3.3399  3.6502  1.4672  0.5405 -2.1667 -3.4204
 277  1.155628  3.5118  0.1415  3.3599  3.6580  1.5243  0.5194 -2.1539 -3.4315
 278  1.155634  3.5097  0.1139  3.3789  3.6949  1.5858  0.5049 -2.1382 -3.4408
 279  1.155638  3.5078  0.0910  3.3945  3.6951  1.6235  0.4862 -2.1269 -3.4480
