#NUMBER OF AGES= 1
#----------------------------------------------------       
#MIX-LEN  Y      Z          Zeff        [Fe/H] [a/Fe]
# 1.9380  0.2925 2.9511E-02 2.9511E-02   0.28   0.00 
#----------------------------------------------------       
#**PHOTOMETRIC SYSTEM**: SkyMapper (AB)                     
#----------------------------------------------------       
#AGE= 7.500 EEPS=269
#EEP   M/Mo    LogTeff  LogG   LogL/Lo u       v       g       r       i       z
  11  0.118906  3.4976  5.2091 -2.7521 17.4894 17.0127 14.2826 13.3655 11.7375 11.1590
  12  0.143188  3.4978  5.1373 -2.5988 17.0725 16.5707 13.8938 12.9784 11.3569 10.7769
  13  0.174933  3.5009  5.0761 -2.4380 16.5886 16.0545 13.4426 12.5345 10.9439 10.3718
  14  0.202430  3.5051  5.0392 -2.3209 16.2065 15.6467 13.0866 12.1880 10.6342 10.0735
  15  0.222933  3.5078  5.0132 -2.2421 15.9542 15.3786 12.8510 11.9589 10.4272  9.8735
  16  0.240805  3.5103  4.9927 -2.1786 15.7501 15.1622 12.6600 11.7735 10.2600  9.7124
  17  0.258402  3.5125  4.9743 -2.1205 15.5642 14.9657 12.4852 11.6044 10.1069  9.5651
  18  0.278139  3.5150  4.9559 -2.0603 15.3715 14.7625 12.3036 11.4288  9.9481  9.4127
  19  0.294528  3.5170  4.9413 -2.0130 15.2209 14.6039 12.1612 11.2914  9.8236  9.2933
  20  0.305018  3.5182  4.9321 -1.9839 15.1291 14.5074 12.0743 11.2076  9.7471  9.2199
  21  0.311475  3.5190  4.9290 -1.9684 15.0780 14.4540 12.0256 11.1608  9.7056  9.1807
  22  0.316417  3.5195  4.9247 -1.9550 15.0361 14.4099 11.9858 11.1226  9.6706  9.1471
  23  0.319980  3.5198  4.9199 -1.9440 15.0032 14.3753 11.9549 11.0925  9.6425  9.1196
  24  0.322711  3.5201  4.9164 -1.9356 14.9773 14.3480 11.9305 11.0689  9.6205  9.0985
  25  0.324338  3.5198  4.9173 -1.9357 14.9829 14.3546 11.9351 11.0726  9.6222  9.0990
  26  0.326657  3.5206  4.9166 -1.9285 14.9526 14.3223 11.9065 11.0460  9.6010  9.0804
  27  0.329156  3.5209  4.9115 -1.9191 14.9248 14.2929 11.8805 11.0208  9.5770  9.0568
  28  0.331497  3.5213  4.9138 -1.9170 14.9152 14.2832 11.8708 11.0117  9.5704  9.0515
  29  0.335671  3.5217  4.9104 -1.9064 14.8822 14.2486 11.8393 10.9813  9.5426  9.0247
  30  0.341348  3.5224  4.9082 -1.8943 14.8427 14.2076 11.8014 10.9450  9.5105  8.9943
  31  0.491578  3.5484  4.7847 -1.5052 13.5755 12.8878 10.5724  9.7757  8.4725  8.0242
  32  0.496186  3.5510  4.7798 -1.4889 13.5219 12.8361 10.5071  9.7119  8.4259  7.9862
  33  0.511492  3.5554  4.7664 -1.4447 13.3770 12.6891 10.3547  9.5657  8.3049  7.8781
  34  0.524495  3.5594  4.7550 -1.4065 13.2519 12.5628 10.2202  9.4360  8.2001  7.7852
  35  0.536441  3.5632  4.7447 -1.3710 13.1348 12.4454 10.0917  9.3114  8.1030  7.6993
  36  0.548409  3.5672  4.7343 -1.3351 13.0167 12.3278  9.9599  9.1828  8.0048  7.6131
  37  0.561496  3.5716  4.7230 -1.2960 12.8883 12.2005  9.8139  9.0399  7.8974  7.5194
  38  0.576439  3.5768  4.7104 -1.2510 12.7392 12.0541  9.6419  8.8707  7.7729  7.4118
  39  0.593502  3.5832  4.6967 -1.1990 12.5607 11.8804  9.4320  8.6622  7.6267  7.2880
  40  0.612297  3.5907  4.6823 -1.1412 12.3557 11.6823  9.1873  8.4176  7.4618  7.1508
  41  0.631579  3.5988  4.6685 -1.0816 12.1478 11.4789  8.9353  8.1688  7.2922  7.0089
  42  0.649696  3.6067  4.6562 -1.0255 11.9461 11.2816  8.6952  7.9318  7.1332  6.8768
  43  0.664349  3.6130  4.6463 -0.9806 11.7786 11.1184  8.5048  7.7439  7.0079  6.7726
  44  0.680388  3.6205  4.6369 -0.9309 11.5917 10.9342  8.2930  7.5380  6.8695  6.6574
  45  0.701351  3.6304  4.6255 -0.8665 11.3219 10.6645  8.0135  7.2712  6.6891  6.5057
  46  0.724788  3.6419  4.6132 -0.7942 10.9852 10.3252  7.7040  6.9839  6.4873  6.3318
  47  0.743210  3.6507  4.6037 -0.7386 10.7074 10.0443  7.4734  6.7771  6.3333  6.1953
  48  0.757732  3.6575  4.5964 -0.6958 10.4808  9.8158  7.2996  6.6254  6.2159  6.0889
  49  0.770207  3.6632  4.5901 -0.6593 10.2818  9.6162  7.1546  6.5012  6.1171  5.9981
  50  0.781114  3.6683  4.5843 -0.6273 10.1067  9.4409  7.0302  6.3961  6.0314  5.9187
  51  0.790894  3.6727  4.5789 -0.5987  9.9482  9.2827  6.9201  6.3035  5.9550  5.8474
  52  0.797704  3.6758  4.5750 -0.5786  9.8370  9.1721  6.8440  6.2397  5.9018  5.7975
  53  0.804294  3.6789  4.5711 -0.5590  9.7279  9.0640  6.7704  6.1782  5.8502  5.7493
  54  0.810724  3.6818  4.5672 -0.5398  9.6211  8.9588  6.6992  6.1186  5.8000  5.7023
  55  0.817076  3.6847  4.5632 -0.5209  9.5166  8.8563  6.6296  6.0604  5.7506  5.6560
  56  0.823371  3.6876  4.5592 -0.5021  9.4141  8.7558  6.5613  6.0032  5.7019  5.6106
  57  0.829627  3.6903  4.5550 -0.4836  9.3132  8.6575  6.4944  5.9471  5.6539  5.5659
  58  0.835873  3.6930  4.5508 -0.4651  9.2134  8.5605  6.4287  5.8919  5.6064  5.5216
  59  0.842098  3.6957  4.5464 -0.4468  9.1157  8.4658  6.3644  5.8378  5.5595  5.4780
  60  0.848275  3.6983  4.5419 -0.4288  9.0199  8.3735  6.3016  5.7847  5.5134  5.4351
  61  0.854410  3.7008  4.5374 -0.4108  8.9258  8.2830  6.2401  5.7327  5.4680  5.3927
  62  0.860467  3.7034  4.5327 -0.3932  8.8333  8.1942  6.1800  5.6815  5.4234  5.3511
  63  0.866427  3.7058  4.5280 -0.3758  8.7423  8.1068  6.1214  5.6315  5.3796  5.3103
  64  0.872292  3.7081  4.5232 -0.3588  8.6532  8.0213  6.0641  5.5825  5.3366  5.2702
  65  0.878044  3.7104  4.5183 -0.3419  8.5664  7.9381  6.0085  5.5347  5.2946  5.2311
  66  0.883665  3.7126  4.5134 -0.3255  8.4820  7.8574  5.9546  5.4883  5.2536  5.1929
  67  0.889184  3.7147  4.5084 -0.3094  8.4000  7.7790  5.9021  5.4432  5.2136  5.1555
  68  0.894572  3.7167  4.5033 -0.2936  8.3204  7.7029  5.8513  5.3992  5.1746  5.1190
  69  0.899836  3.7187  4.4983 -0.2781  8.2435  7.6295  5.8022  5.3566  5.1365  5.0834
  70  0.904992  3.7206  4.4933 -0.2630  8.1687  7.5583  5.7544  5.3149  5.0992  5.0484
  71  0.910039  3.7224  4.4881 -0.2482  8.0966  7.4894  5.7081  5.2743  5.0626  5.0143
  72  0.914988  3.7241  4.4830 -0.2337  8.0265  7.4226  5.6630  5.2347  5.0268  4.9808
  73  0.919836  3.7258  4.4778 -0.2195  7.9587  7.3578  5.6192  5.1961  4.9919  4.9479
  74  0.924591  3.7274  4.4725 -0.2055  7.8928  7.2948  5.5764  5.1583  4.9577  4.9158
  75  0.929272  3.7290  4.4673 -0.1919  7.8289  7.2338  5.5349  5.1214  4.9241  4.8841
  76  0.933872  3.7305  4.4619 -0.1784  7.7664  7.1741  5.4943  5.0853  4.8912  4.8530
  77  0.938388  3.7319  4.4566 -0.1651  7.7056  7.1161  5.4546  5.0499  4.8588  4.8224
  78  0.942833  3.7334  4.4512 -0.1522  7.6466  7.0597  5.4159  5.0153  4.8270  4.7923
  79  0.947214  3.7347  4.4459 -0.1393  7.5890  7.0046  5.3779  4.9812  4.7958  4.7627
  80  0.951513  3.7360  4.4404 -0.1266  7.5333  6.9512  5.3408  4.9479  4.7651  4.7336
  81  0.955735  3.7373  4.4350 -0.1143  7.4792  6.8992  5.3044  4.9154  4.7351  4.7051
  82  0.959148  3.7382  4.4304 -0.1043  7.4362  6.8578  5.2751  4.8891  4.7109  4.6820
  83  0.962505  3.7392  4.4260 -0.0944  7.3942  6.8172  5.2464  4.8632  4.6870  4.6594
  84  0.965806  3.7401  4.4214 -0.0847  7.3534  6.7779  5.2183  4.8379  4.6636  4.6371
  85  0.969062  3.7411  4.4169 -0.0752  7.3136  6.7394  5.1907  4.8130  4.6405  4.6150
  86  0.972270  3.7419  4.4125 -0.0658  7.2747  6.7019  5.1636  4.7885  4.6178  4.5934
  87  0.975435  3.7428  4.4079 -0.0565  7.2368  6.6650  5.1370  4.7644  4.5954  4.5720
  88  0.978562  3.7436  4.4034 -0.0473  7.1998  6.6293  5.1110  4.7407  4.5733  4.5508
  89  0.981652  3.7443  4.3989 -0.0383  7.1636  6.5942  5.0853  4.7173  4.5515  4.5300
  90  0.984700  3.7451  4.3944 -0.0294  7.1283  6.5599  5.0601  4.6943  4.5300  4.5094
  91  0.987716  3.7458  4.3898 -0.0207  7.0939  6.5265  5.0353  4.6716  4.5088  4.4891
  92  0.990698  3.7465  4.3852 -0.0120  7.0605  6.4940  5.0109  4.6493  4.4879  4.4690
  93  0.993642  3.7472  4.3807 -0.0035  7.0278  6.4621  4.9870  4.6273  4.4673  4.4491
  94  0.996553  3.7478  4.3762  0.0049  6.9960  6.4312  4.9636  4.6057  4.4469  4.4295
  95  0.999417  3.7484  4.3717  0.0132  6.9650  6.4009  4.9406  4.5846  4.4270  4.4104
  96  1.002134  3.7490  4.3673  0.0211  6.9356  6.3722  4.9188  4.5644  4.4080  4.3920
  97  1.004685  3.7496  4.3632  0.0285  6.9076  6.3448  4.8980  4.5453  4.3899  4.3747
  98  1.007075  3.7502  4.3593  0.0356  6.8809  6.3188  4.8782  4.5271  4.3728  4.3581
  99  1.009316  3.7506  4.3554  0.0424  6.8560  6.2943  4.8595  4.5098  4.3564  4.3424
 100  1.011412  3.7511  4.3517  0.0488  6.8324  6.2713  4.8418  4.4933  4.3409  4.3273
 101  1.013367  3.7515  4.3481  0.0550  6.8102  6.2496  4.8250  4.4778  4.3261  4.3131
 102  1.015203  3.7519  4.3446  0.0608  6.7895  6.2292  4.8090  4.4629  4.3120  4.2994
 103  1.016952  3.7522  4.3411  0.0664  6.7700  6.2099  4.7938  4.4487  4.2984  4.2862
 104  1.018626  3.7525  4.3376  0.0718  6.7519  6.1920  4.7793  4.4350  4.2854  4.2734
 105  1.020225  3.7527  4.3341  0.0769  6.7348  6.1751  4.7656  4.4220  4.2728  4.2612
 106  1.021844  3.7530  4.3306  0.0821  6.7183  6.1587  4.7520  4.4091  4.2604  4.2490
 107  1.023546  3.7532  4.3271  0.0872  6.7020  6.1425  4.7385  4.3962  4.2478  4.2366
 108  1.025357  3.7534  4.3234  0.0925  6.6853  6.1258  4.7246  4.3829  4.2350  4.2240
 109  1.027334  3.7536  4.3195  0.0980  6.6679  6.1085  4.7100  4.3690  4.2215  4.2108
 110  1.029481  3.7538  4.3156  0.1038  6.6494  6.0902  4.6947  4.3544  4.2073  4.1969
 111  1.031816  3.7541  4.3115  0.1099  6.6300  6.0708  4.6786  4.3391  4.1925  4.1824
 112  1.034309  3.7543  4.3074  0.1160  6.6104  6.0514  4.6624  4.3235  4.1774  4.1676
 113  1.036932  3.7546  4.3031  0.1225  6.5898  6.0308  4.6453  4.3072  4.1616  4.1521
 114  1.039674  3.7550  4.2986  0.1295  6.5668  6.0081  4.6267  4.2895  4.1447  4.1354
 115  1.042553  3.7554  4.2936  0.1371  6.5414  5.9830  4.6062  4.2703  4.1260  4.1173
 116  1.045462  3.7557  4.2883  0.1453  6.5141  5.9560  4.5843  4.2495  4.1061  4.0978
 117  1.049024  3.7562  4.2815  0.1556  6.4798  5.9221  4.5568  4.2235  4.0812  4.0733
 118  1.052914  3.7569  4.2732  0.1677  6.4398  5.8824  4.5245  4.1929  4.0516  4.0444
 119  1.056584  3.7574  4.2644  0.1804  6.3983  5.8415  4.4908  4.1609  4.0206  4.0142
 120  1.059886  3.7579  4.2553  0.1928  6.3583  5.8017  4.4579  4.1295  3.9903  3.9843
 121  1.062808  3.7584  4.2465  0.2048  6.3206  5.7641  4.4263  4.0993  3.9611  3.9556
 122  1.065405  3.7588  4.2377  0.2162  6.2853  5.7289  4.3966  4.0707  3.9332  3.9282
 123  1.068268  3.7591  4.2283  0.2282  6.2494  5.6930  4.3655  4.0407  3.9038  3.8992
 124  1.071487  3.7594  4.2185  0.2403  6.2152  5.6585  4.3344  4.0105  3.8741  3.8697
 125  1.074643  3.7596  4.2092  0.2516  6.1838  5.6266  4.3055  3.9821  3.8460  3.8418
 126  1.077681  3.7597  4.2004  0.2622  6.1552  5.5976  4.2787  3.9559  3.8201  3.8159
 127  1.080564  3.7598  4.1924  0.2718  6.1289  5.5708  4.2542  3.9318  3.7962  3.7923
 128  1.083208  3.7599  4.1852  0.2806  6.1043  5.5460  4.2316  3.9097  3.7744  3.7706
 129  1.085594  3.7600  4.1784  0.2887  6.0826  5.5239  4.2108  3.8892  3.7542  3.7504
 130  1.087834  3.7600  4.1717  0.2963  6.0635  5.5042  4.1919  3.8704  3.7353  3.7316
 131  1.089948  3.7600  4.1654  0.3033  6.0462  5.4864  4.1745  3.8530  3.7178  3.7140
 132  1.091943  3.7599  4.1595  0.3099  6.0307  5.4704  4.1583  3.8367  3.7015  3.6976
 133  1.093829  3.7599  4.1536  0.3160  6.0165  5.4557  4.1432  3.8214  3.6860  3.6820
 134  1.095628  3.7597  4.1480  0.3219  6.0035  5.4421  4.1289  3.8069  3.6712  3.6670
 135  1.097355  3.7596  4.1424  0.3277  5.9912  5.4291  4.1150  3.7927  3.6568  3.6524
 136  1.099021  3.7594  4.1369  0.3332  5.9795  5.4168  4.1016  3.7790  3.6427  3.6382
 137  1.100636  3.7592  4.1314  0.3386  5.9683  5.4049  4.0885  3.7655  3.6290  3.6242
 138  1.102208  3.7591  4.1259  0.3440  5.9576  5.3935  4.0756  3.7522  3.6153  3.6104
 139  1.103741  3.7589  4.1205  0.3494  5.9472  5.3824  4.0628  3.7390  3.6019  3.5967
 140  1.105246  3.7587  4.1150  0.3546  5.9372  5.3717  4.0503  3.7260  3.5884  3.5830
 141  1.106726  3.7585  4.1093  0.3599  5.9278  5.3613  4.0380  3.7130  3.5750  3.5693
 142  1.108187  3.7582  4.1037  0.3652  5.9185  5.3512  4.0256  3.7001  3.5616  3.5557
 143  1.109631  3.7580  4.0979  0.3704  5.9094  5.3413  4.0133  3.6872  3.5483  3.5419
 144  1.111067  3.7576  4.0921  0.3756  5.9010  5.3319  4.0011  3.6743  3.5348  3.5282
 145  1.112494  3.7573  4.0861  0.3809  5.8927  5.3226  3.9889  3.6615  3.5214  3.5143
 146  1.113919  3.7570  4.0800  0.3861  5.8849  5.3137  3.9768  3.6485  3.5078  3.5004
 147  1.115344  3.7566  4.0737  0.3914  5.8780  5.3057  3.9650  3.6357  3.4942  3.4863
 148  1.116770  3.7562  4.0673  0.3967  5.8715  5.2980  3.9531  3.6228  3.4805  3.4722
 149  1.118203  3.7556  4.0605  0.4020  5.8660  5.2912  3.9414  3.6099  3.4668  3.4579
 150  1.119644  3.7551  4.0536  0.4073  5.8616  5.2852  3.9299  3.5971  3.4530  3.4435
 151  1.121097  3.7545  4.0465  0.4125  5.8583  5.2802  3.9188  3.5844  3.4392  3.4289
 152  1.122563  3.7538  4.0390  0.4178  5.8561  5.2763  3.9079  3.5719  3.4253  3.4142
 153  1.124048  3.7530  4.0313  0.4230  5.8553  5.2737  3.8974  3.5595  3.4114  3.3995
 154  1.125556  3.7521  4.0231  0.4281  5.8566  5.2730  3.8877  3.5474  3.3976  3.3846
 155  1.127090  3.7511  4.0146  0.4332  5.8599  5.2743  3.8788  3.5358  3.3840  3.3697
 156  1.128655  3.7498  4.0053  0.4381  5.8667  5.2788  3.8712  3.5248  3.3705  3.3547
 157  1.130263  3.7484  3.9957  0.4427  5.8772  5.2869  3.8650  3.5147  3.3575  3.3399
 158  1.131907  3.7467  3.9851  0.4469  5.8938  5.3006  3.8612  3.5061  3.3453  3.3256
 159  1.133583  3.7446  3.9739  0.4504  5.9175  5.3210  3.8604  3.4995  3.3345  3.3122
 160  1.135250  3.7422  3.9623  0.4529  5.9516  5.3504  3.8637  3.4961  3.3262  3.3009
 161  1.136778  3.7394  3.9508  0.4538  5.9966  5.3901  3.8725  3.4972  3.3217  3.2930
 162  1.138171  3.7363  3.9398  0.4530  6.0506  5.4385  3.8870  3.5031  3.3213  3.2887
 163  1.139532  3.7327  3.9283  0.4504  6.1211  5.5026  3.9097  3.5150  3.3255  3.2882
 164  1.140862  3.7284  3.9163  0.4457  6.2086  5.5825  3.9408  3.5334  3.3347  3.2919
 165  1.142153  3.7235  3.9035  0.4393  6.3123  5.6774  3.9795  3.5580  3.3489  3.2996
 166  1.143419  3.7179  3.8891  0.4321  6.4316  5.7865  4.0244  3.5868  3.3658  3.3091
 167  1.144715  3.7118  3.8712  0.4260  6.5626  5.9060  4.0718  3.6158  3.3808  3.3160
 168  1.146081  3.7053  3.8474  0.4244  6.6921  6.0224  4.1111  3.6357  3.3858  3.3119
 169  1.147414  3.6996  3.8188  0.4308  6.7846  6.1035  4.1280  3.6353  3.3717  3.2899
 170  1.148585  3.6955  3.7901  0.4434  6.8321  6.1427  4.1218  3.6163  3.3425  3.2548
 171  1.149597  3.6926  3.7633  0.4590  6.8492  6.1538  4.1007  3.5861  3.3050  3.2132
 172  1.150497  3.6905  3.7381  0.4762  6.8479  6.1483  4.0712  3.5499  3.2634  3.1685
 173  1.151321  3.6889  3.7141  0.4941  6.8349  6.1319  4.0367  3.5104  3.2197  3.1224
 174  1.152096  3.6877  3.6909  0.5125  6.8144  6.1085  3.9992  3.4688  3.1747  3.0756
 175  1.152835  3.6866  3.6681  0.5311  6.7891  6.0807  3.9596  3.4258  3.1289  3.0281
 176  1.153544  3.6857  3.6459  0.5501  6.7600  6.0495  3.9183  3.3819  3.0826  2.9803
 177  1.154232  3.6849  3.6239  0.5691  6.7284  6.0158  3.8760  3.3371  3.0357  2.9323
 178  1.154903  3.6841  3.6022  0.5882  6.6947  5.9802  3.8327  3.2919  2.9886  2.8839
 179  1.155554  3.6834  3.5805  0.6075  6.6596  5.9433  3.7889  3.2461  2.9411  2.8354
 180  1.156189  3.6829  3.5589  0.6268  6.6232  5.9054  3.7444  3.1999  2.8934  2.7866
 181  1.156809  3.6823  3.5373  0.6463  6.5864  5.8669  3.6996  3.1536  2.8454  2.7375
 182  1.157284  3.6818  3.5205  0.6616  6.5566  5.8358  3.6642  3.1168  2.8076  2.6991
 183  1.157760  3.6814  3.5032  0.6773  6.5261  5.8042  3.6279  3.0794  2.7690  2.6599
 184  1.158234  3.6810  3.4857  0.6933  6.4948  5.7717  3.5908  3.0411  2.7296  2.6197
 185  1.158709  3.6805  3.4678  0.7096  6.4629  5.7385  3.5529  3.0020  2.6893  2.5786
 186  1.159182  3.6801  3.4494  0.7263  6.4299  5.7043  3.5138  2.9617  2.6479  2.5364
 187  1.159654  3.6796  3.4304  0.7436  6.3961  5.6694  3.4736  2.9203  2.6052  2.4929
 188  1.160124  3.6792  3.4112  0.7612  6.3614  5.6334  3.4327  2.8781  2.5618  2.4487
 189  1.160590  3.6786  3.3912  0.7794  6.3261  5.5969  3.3904  2.8345  2.5169  2.4029
 190  1.161053  3.6781  3.3703  0.7983  6.2906  5.5600  3.3471  2.7895  2.4704  2.3555
 191  1.161511  3.6775  3.3486  0.8179  6.2536  5.5217  3.3021  2.7428  2.4222  2.3064
 192  1.161964  3.6769  3.3261  0.8381  6.2159  5.4825  3.2556  2.6946  2.3724  2.2555
 193  1.162411  3.6763  3.3028  0.8592  6.1767  5.4418  3.2072  2.6445  2.3205  2.2025
 194  1.162853  3.6756  3.2786  0.8807  6.1373  5.4009  3.1581  2.5933  2.2675  2.1483
 195  1.163288  3.6749  3.2537  0.9030  6.0969  5.3591  3.1074  2.5404  2.2128  2.0924
 196  1.163716  3.6741  3.2278  0.9260  6.0558  5.3163  3.0551  2.4860  2.1561  2.0345
 197  1.164135  3.6733  3.2010  0.9496  6.0142  5.2731  3.0016  2.4299  2.0979  1.9749
 198  1.164544  3.6725  3.1732  0.9741  5.9718  5.2291  2.9465  2.3721  2.0376  1.9132
 199  1.164944  3.6716  3.1445  0.9994  5.9286  5.1844  2.8900  2.3128  1.9759  1.8499
 200  1.165333  3.6706  3.1149  1.0253  5.8850  5.1391  2.8321  2.2521  1.9122  1.7846
 201  1.165713  3.6696  3.0844  1.0518  5.8410  5.0935  2.7731  2.1899  1.8472  1.7179
 202  1.166081  3.6685  3.0529  1.0791  5.7963  5.0471  2.7128  2.1262  1.7805  1.6493
 203  1.166438  3.6673  3.0207  1.1069  5.7514  5.0006  2.6514  2.0613  1.7122  1.5793
 204  1.166784  3.6662  2.9875  1.1355  5.7069  4.9546  2.5890  1.9952  1.6426  1.5076
 205  1.167117  3.6649  2.9535  1.1645  5.6631  4.9091  2.5262  1.9282  1.5717  1.4346
 206  1.167439  3.6636  2.9186  1.1942  5.6192  4.8638  2.4624  1.8600  1.4995  1.3602
 207  1.167748  3.6621  2.8829  1.2243  5.5756  4.8187  2.3979  1.7909  1.4262  1.2844
 208  1.168044  3.6607  2.8466  1.2550  5.5321  4.7738  2.3327  1.7210  1.3517  1.2075
 209  1.168328  3.6592  2.8096  1.2861  5.4890  4.7293  2.2671  1.6504  1.2764  1.1295
 210  1.168603  3.6576  2.7720  1.3175  5.4462  4.6851  2.2011  1.5793  1.2002  1.0506
 211  1.168866  3.6560  2.7337  1.3493  5.4038  4.6414  2.1348  1.5078  1.1233  0.9710
 212  1.169119  3.6543  2.6951  1.3815  5.3615  4.5981  2.0682  1.4358  1.0458  0.8905
 213  1.169353  3.6525  2.6540  1.4155  5.3180  4.5539  1.9987  1.3606  0.9641  0.8056
 214  1.169621  3.6504  2.6057  1.4551  5.2677  4.5036  1.9189  1.2741  0.8690  0.7064
 215  1.170044  3.6495  2.5824  1.4750  5.2395  4.4750  1.8773  1.2297  0.8212  0.6569
 216  1.170266  3.6513  2.6181  1.4469  5.2682  4.5026  1.9294  1.2875  0.8873  0.7267
 217  1.170299  3.6517  2.6271  1.4396  5.2768  4.5111  1.9438  1.3033  0.9049  0.7451
 218  1.170333  3.6522  2.6362  1.4324  5.2842  4.5185  1.9574  1.3183  0.9218  0.7629
 219  1.170372  3.6527  2.6447  1.4259  5.2900  4.5241  1.9693  1.3318  0.9372  0.7792
 220  1.170427  3.6530  2.6508  1.4212  5.2948  4.5288  1.9782  1.3417  0.9485  0.7911
 221  1.170487  3.6529  2.6485  1.4231  5.2916  4.5255  1.9737  1.3370  0.9436  0.7860
 222  1.170535  3.6527  2.6427  1.4279  5.2858  4.5196  1.9641  1.3264  0.9322  0.7742
 223  1.170579  3.6524  2.6360  1.4332  5.2802  4.5140  1.9538  1.3150  0.9196  0.7609
 224  1.170619  3.6520  2.6293  1.4386  5.2745  4.5081  1.9433  1.3034  0.9066  0.7474
 225  1.170659  3.6517  2.6228  1.4440  5.2679  4.5016  1.9324  1.2915  0.8937  0.7340
 226  1.170701  3.6515  2.6163  1.4493  5.2613  4.4949  1.9217  1.2798  0.8809  0.7208
 227  1.171128  3.6490  2.5596  1.4963  5.2010  4.4356  1.8270  1.1771  0.7685  0.6036
 228  1.171513  3.6462  2.4983  1.5465  5.1393  4.3756  1.7271  1.0684  0.6485  0.4783
 229  1.171859  3.6424  2.4200  1.6098  5.0672  4.3053  1.6037  0.9332  0.4981  0.3208
 230  1.172159  3.6387  2.3446  1.6705  4.9997  4.2408  1.4879  0.8058  0.3545  0.1699
 231  1.172423  3.6350  2.2699  1.7302  4.9340  4.1799  1.3761  0.6828  0.2138  0.0213
 232  1.172652  3.6311  2.1967  1.7884  4.8707  4.1224  1.2692  0.5651  0.0771 -0.1233
 233  1.172853  3.6275  2.1258  1.8446  4.8096  4.0685  1.1682  0.4539 -0.0539 -0.2627
 234  1.173031  3.6237  2.0559  1.8998  4.7486  4.0160  1.0708  0.3469 -0.1823 -0.3995
 235  1.173188  3.6200  1.9870  1.9537  4.6899  3.9666  0.9786  0.2459 -0.3067 -0.5331
 236  1.173327  3.6163  1.9199  2.0060  4.6338  3.9205  0.8925  0.1519 -0.4265 -0.6624
 237  1.173450  3.6125  1.8534  2.0574  4.5790  3.8762  0.8111  0.0633 -0.5433 -0.7895
 238  1.173560  3.6088  1.7882  2.1076  4.5253  3.8334  0.7350 -0.0190 -0.6567 -0.9137
 239  1.173658  3.6050  1.7241  2.1569  4.4731  3.7918  0.6633 -0.0957 -0.7671 -1.0355
 240  1.173746  3.6013  1.6613  2.2049  4.4227  3.7519  0.5969 -0.1657 -0.8740 -1.1541
 241  1.173825  3.5976  1.5994  2.2521  4.3733  3.7127  0.5356 -0.2295 -0.9780 -1.2707
 242  1.173896  3.5940  1.5392  2.2978  4.3246  3.6738  0.4795 -0.2870 -1.0777 -1.3834
 243  1.173960  3.5903  1.4796  2.3428  4.2766  3.6351  0.4291 -0.3377 -1.1744 -1.4937
 244  1.174017  3.5868  1.4212  2.3868  4.2317  3.5979  0.3857 -0.3800 -1.2673 -1.6011
 245  1.174070  3.5831  1.3638  2.4299  4.1905  3.5624  0.3487 -0.4130 -1.3571 -1.7065
 246  1.174117  3.5796  1.3077  2.4717  4.1525  3.5282  0.3189 -0.4372 -1.4429 -1.8087
 247  1.174160  3.5761  1.2528  2.5126  4.1171  3.4951  0.2965 -0.4527 -1.5246 -1.9079
 248  1.174200  3.5727  1.1989  2.5527  4.0843  3.4623  0.2819 -0.4587 -1.6028 -2.0045
 249  1.174235  3.5692  1.1465  2.5915  4.0555  3.4310  0.2756 -0.4556 -1.6763 -2.0974
 250  1.174269  3.5659  1.0947  2.6299  4.0306  3.4013  0.2779 -0.4445 -1.7456 -2.1876
 251  1.174299  3.5625  1.0441  2.6670  4.0102  3.3745  0.2874 -0.4290 -1.8097 -2.2736
 252  1.174326  3.5592  0.9945  2.7034  3.9958  3.3532  0.3045 -0.4123 -1.8686 -2.3554
 253  1.174352  3.5560  0.9460  2.7388  3.9863  3.3339  0.3350 -0.3825 -1.9206 -2.4325
 254  1.174376  3.5527  0.8981  2.7735  3.9812  3.3143  0.3807 -0.3352 -1.9662 -2.5058
 255  1.174397  3.5494  0.8518  2.8071  3.9809  3.2942  0.4507 -0.2539 -2.0040 -2.5752
 256  1.174418  3.5462  0.8060  2.8402  3.9850  3.2637  0.5435 -0.1374 -2.0336 -2.6403
 257  1.174436  3.5432  0.7614  2.8723  3.9921  3.2311  0.6493 -0.0070 -2.0553 -2.7004
 258  1.174454  3.5400  0.7175  2.9038  4.0016  3.1974  0.7686  0.1338 -2.0683 -2.7554
 259  1.174470  3.5370  0.6748  2.9343  4.0123  3.1646  0.9050  0.2782 -2.0677 -2.8021
 260  1.174484  3.5339  0.6329  2.9642  4.0235  3.1346  1.0608  0.4201 -2.0502 -2.8390
 261  1.174498  3.5310  0.5917  2.9933  4.0363  3.1075  1.2225  0.5575 -2.0241 -2.8696
 262  1.174512  3.5280  0.5513  3.0220  4.0497  3.0840  1.3820  0.6839 -1.9928 -2.8955
 263  1.174524  3.5251  0.5118  3.0497  4.0644  3.0658  1.5322  0.7949 -1.9583 -2.9170
 264  1.174536  3.5221  0.4731  3.0768  4.0776  3.0590  1.6254  0.8445 -1.9362 -2.9390
 265  1.174547  3.5194  0.4352  3.1033  4.0898  3.0571  1.6994  0.8721 -1.9163 -2.9593
 266  1.174557  3.5165  0.3980  3.1292  4.1029  3.0595  1.7638  0.8891 -1.8957 -2.9770
 267  1.174567  3.5138  0.3616  3.1546  4.1159  3.0643  1.8206  0.8989 -1.8747 -2.9929
 268  1.174576  3.5110  0.3260  3.1792  4.1274  3.0691  1.8746  0.9076 -1.8524 -3.0064
 269  1.174585  3.5083  0.2907  3.2034  4.1377  3.0727  1.9275  0.9200 -1.8282 -3.0170
 270  1.174593  3.5054  0.2559  3.2269  4.1465  3.0774  1.9732  0.9267 -1.8050 -3.0264
 271  1.174601  3.5028  0.2223  3.2500  4.1514  3.0800  2.0088  0.9271 -1.7873 -3.0377
 272  1.174609  3.5001  0.1894  3.2724  4.1546  3.0835  2.0374  0.9227 -1.7723 -3.0491
 273  1.174616  3.4976  0.1571  3.2944  4.1573  3.0902  2.0593  0.9133 -1.7609 -3.0614
 274  1.174622  3.4949  0.1251  3.3158  4.1608  3.0998  2.0827  0.9079 -1.7517 -3.0752
 275  1.174629  3.4923  0.0941  3.3367  4.1635  3.1106  2.1013  0.9005 -1.7457 -3.0899
 276  1.174635  3.4899  0.0638  3.3570  4.1656  3.1219  2.1163  0.8913 -1.7425 -3.1053
 277  1.174640  3.4874  0.0344  3.3766  4.1686  3.1357  2.1292  0.8813 -1.7405 -3.1205
 278  1.174645  3.4852  0.0069  3.3949  4.1436  3.0815  2.1108  0.8456 -1.7503 -3.1395
 279  1.174808  3.4832 -0.0134  3.4076  4.1746  3.1521  2.1415  0.8559 -1.7398 -3.1443
