#NUMBER OF AGES= 1
#----------------------------------------------------       
#MIX-LEN  Y      Z          Zeff        [Fe/H] [a/Fe]
# 1.9380  0.2925 2.9511E-02 2.9511E-02   0.28   0.00 
#----------------------------------------------------       
#**PHOTOMETRIC SYSTEM**: SkyMapper (AB)                     
#----------------------------------------------------       
#AGE= 8.000 EEPS=269
#EEP   M/Mo    LogTeff  LogG   LogL/Lo u       v       g       r       i       z
  11  0.113210  3.4976  5.2287 -2.7930 17.5983 17.1281 14.3842 13.4669 11.8381 11.2603
  12  0.135617  3.4976  5.1572 -2.6431 17.1948 16.7005 14.0079 13.0918 11.4673 10.8874
  13  0.164731  3.4995  5.0917 -2.4855 16.7391 16.2153 13.5830 12.6718 11.0680 10.4921
  14  0.193394  3.5038  5.0502 -2.3568 16.3230 15.7707 13.1954 12.2939 10.7291 10.1650
  15  0.214589  3.5068  5.0221 -2.2722 16.0513 15.4815 12.9419 12.0471 10.5065  9.9498
  16  0.232517  3.5092  5.0006 -2.2061 15.8389 15.2559 12.7433 11.8543 10.3326  9.7822
  17  0.249283  3.5113  4.9821 -2.1486 15.6546 15.0610 12.5704 11.6868 10.1810  9.6363
  18  0.268103  3.5138  4.9635 -2.0888 15.4636 14.8593 12.3905 11.5127 10.0237  9.4850
  19  0.286876  3.5160  4.9466 -2.0333 15.2862 14.6725 12.2231 11.3511  9.8772  9.3445
  20  0.300588  3.5177  4.9343 -1.9942 15.1620 14.5419 12.1058 11.2379  9.7745  9.2460
  21  0.308394  3.5186  4.9294 -1.9745 15.0987 14.4755 12.0455 11.1799  9.7223  9.1963
  22  0.314184  3.5193  4.9250 -1.9595 15.0510 14.4253 12.0001 11.1362  9.6828  9.1585
  23  0.318308  3.5196  4.9203 -1.9475 15.0143 14.3869 11.9656 11.1027  9.6516  9.1283
  24  0.321352  3.5200  4.9168 -1.9383 14.9863 14.3573 11.9391 11.0771  9.6279  9.1054
  25  0.323197  3.5197  4.9173 -1.9377 14.9891 14.3610 11.9411 11.0785  9.6274  9.1041
  26  0.325477  3.5205  4.9166 -1.9306 14.9596 14.3295 11.9132 11.0525  9.6067  9.0857
  27  0.327775  3.5207  4.9117 -1.9216 14.9333 14.3018 11.8887 11.0287  9.5840  9.0634
  28  0.329871  3.5211  4.9139 -1.9199 14.9247 14.2931 11.8800 11.0206  9.5782  9.0587
  29  0.333378  3.5214  4.9107 -1.9106 14.8961 14.2629 11.8527 10.9943  9.5540  9.0353
  30  0.337982  3.5220  4.9089 -1.9008 14.8638 14.2294 11.8219 10.9646  9.5278  9.0107
  31  0.365241  3.5262  4.8884 -1.8319 14.6390 13.9956 11.6032 10.7534  9.3447  8.8392
  32  0.499780  3.5508  4.7765 -1.4807 13.4952 12.8054 10.4906  9.6981  8.4059  7.9639
  33  0.501956  3.5527  4.7735 -1.4707 13.4630 12.7760 10.4457  9.6530  8.3765  7.9417
  34  0.516303  3.5569  4.7609 -1.4289 13.3261 12.6375 10.3006  9.5136  8.2619  7.8396
  35  0.528962  3.5610  4.7499 -1.3914 13.2032 12.5138 10.1674  9.3848  8.1593  7.7488
  36  0.540910  3.5648  4.7394 -1.3558 13.0856 12.3962 10.0373  9.2585  8.0617  7.6628
  37  0.553319  3.5690  4.7287 -1.3184 12.9629 12.2741  9.8992  9.1236  7.9595  7.5733
  38  0.566938  3.5736  4.7170 -1.2775 12.8284 12.1414  9.7454  8.9727  7.8469  7.4753
  39  0.582470  3.5792  4.7039 -1.2305 12.6712 11.9873  9.5624  8.7921  7.7159  7.3628
  40  0.599700  3.5859  4.6902 -1.1776 12.4863 11.8082  9.3439  8.5742  7.5661  7.2370
  41  0.618053  3.5933  4.6763 -1.1207 12.2848 11.6133  9.1021  8.3330  7.4038  7.1020
  42  0.636381  3.6012  4.6632 -1.0636 12.0861 11.4180  8.8611  8.0958  7.2416  6.9662
  43  0.653195  3.6085  4.6518 -1.0114 11.8948 11.2317  8.6362  7.8733  7.0937  6.8436
  44  0.667457  3.6148  4.6423 -0.9672 11.7301 11.0709  8.4492  7.6893  6.9709  6.7415
  45  0.683126  3.6222  4.6331 -0.9185 11.5440 10.8868  8.2414  7.4880  6.8351  6.6282
  46  0.701976  3.6312  4.6227 -0.8601 11.2964 10.6388  7.9887  7.2478  6.6718  6.4905
  47  0.722264  3.6412  4.6118 -0.7970 11.0021 10.3421  7.7184  6.9971  6.4956  6.3386
  48  0.739262  3.6494  4.6029 -0.7449 10.7427 10.0799  7.5013  6.8015  6.3510  6.2107
  49  0.752843  3.6559  4.5958 -0.7041 10.5293  9.8645  7.3355  6.6562  6.2391  6.1097
  50  0.764555  3.6614  4.5897 -0.6694 10.3411  9.6756  7.1968  6.5369  6.1447  6.0233
  51  0.774897  3.6662  4.5842 -0.6389 10.1739  9.5081  7.0770  6.4350  6.0626  5.9472
  52  0.781888  3.6694  4.5802 -0.6182 10.0613  9.3954  6.9974  6.3678  6.0075  5.8960
  53  0.788653  3.6725  4.5764 -0.5983  9.9510  9.2854  6.9207  6.3034  5.9541  5.8462
  54  0.795249  3.6755  4.5724 -0.5786  9.8423  9.1771  6.8461  6.2409  5.9020  5.7973
  55  0.801701  3.6784  4.5685 -0.5591  9.7349  9.0708  6.7736  6.1800  5.8510  5.7496
  56  0.808004  3.6814  4.5645 -0.5401  9.6293  8.9666  6.7030  6.1210  5.8011  5.7030
  57  0.814202  3.6843  4.5605 -0.5214  9.5261  8.8650  6.6341  6.0633  5.7522  5.6572
  58  0.820346  3.6870  4.5564 -0.5029  9.4249  8.7660  6.5666  6.0068  5.7041  5.6122
  59  0.826441  3.6898  4.5522 -0.4845  9.3254  8.6688  6.5004  5.9512  5.6566  5.5679
  60  0.832498  3.6924  4.5479 -0.4663  9.2271  8.5732  6.4355  5.8968  5.6097  5.5242
  61  0.838532  3.6951  4.5436 -0.4482  9.1307  8.4798  6.3720  5.8433  5.5635  5.4811
  62  0.844511  3.6977  4.5391 -0.4304  9.0364  8.3888  6.3101  5.7910  5.5181  5.4388
  63  0.850430  3.7001  4.5344 -0.4129  8.9443  8.3003  6.2498  5.7398  5.4734  5.3971
  64  0.856292  3.7026  4.5298 -0.3956  8.8537  8.2133  6.1906  5.6895  5.4294  5.3561
  65  0.862070  3.7050  4.5251 -0.3785  8.7644  8.1275  6.1329  5.6401  5.3862  5.3159
  66  0.867742  3.7073  4.5203 -0.3616  8.6771  8.0436  6.0765  5.5919  5.3439  5.2764
  67  0.873319  3.7095  4.5154 -0.3450  8.5919  7.9618  6.0218  5.5449  5.3025  5.2378
  68  0.878776  3.7116  4.5105 -0.3289  8.5089  7.8823  5.9684  5.4990  5.2620  5.2000
  69  0.884112  3.7137  4.5055 -0.3130  8.4283  7.8052  5.9167  5.4544  5.2225  5.1631
  70  0.889337  3.7156  4.5005 -0.2974  8.3499  7.7303  5.8665  5.4110  5.1840  5.1271
  71  0.894442  3.7175  4.4954 -0.2821  8.2740  7.6578  5.8179  5.3688  5.1463  5.0918
  72  0.899429  3.7195  4.4903 -0.2673  8.2004  7.5877  5.7707  5.3278  5.1095  5.0574
  73  0.904300  3.7212  4.4851 -0.2527  8.1294  7.5198  5.7250  5.2878  5.0735  5.0236
  74  0.909068  3.7229  4.4801 -0.2384  8.0606  7.4541  5.6807  5.2487  5.0383  4.9906
  75  0.913747  3.7246  4.4748 -0.2244  7.9941  7.3905  5.6375  5.2106  5.0038  4.9582
  76  0.918331  3.7262  4.4697 -0.2107  7.9294  7.3287  5.5954  5.1735  4.9701  4.9265
  77  0.922828  3.7276  4.4643 -0.1972  7.8667  7.2687  5.5544  5.1371  4.9371  4.8954
  78  0.927247  3.7292  4.4591 -0.1840  7.8055  7.2103  5.5145  5.1016  4.9046  4.8648
  79  0.931588  3.7306  4.4538 -0.1710  7.7460  7.1533  5.4754  5.0668  4.8729  4.8347
  80  0.935856  3.7319  4.4484 -0.1582  7.6881  7.0980  5.4374  5.0328  4.8416  4.8052
  81  0.940057  3.7333  4.4431 -0.1456  7.6317  7.0441  5.4001  4.9993  4.8108  4.7760
  82  0.943530  3.7343  4.4385 -0.1352  7.5856  6.9999  5.3694  4.9717  4.7854  4.7519
  83  0.946954  3.7353  4.4340 -0.1250  7.5405  6.9567  5.3392  4.9446  4.7605  4.7282
  84  0.950321  3.7363  4.4294 -0.1149  7.4967  6.9146  5.3096  4.9180  4.7359  4.7048
  85  0.953630  3.7373  4.4249 -0.1049  7.4543  6.8737  5.2807  4.8919  4.7118  4.6819
  86  0.956883  3.7382  4.4203 -0.0952  7.4130  6.8339  5.2523  4.8663  4.6881  4.6592
  87  0.960082  3.7391  4.4157 -0.0855  7.3725  6.7948  5.2244  4.8411  4.6648  4.6371
  88  0.963235  3.7400  4.4111 -0.0761  7.3333  6.7570  5.1971  4.8165  4.6419  4.6152
  89  0.966346  3.7408  4.4065 -0.0667  7.2951  6.7200  5.1704  4.7922  4.6193  4.5936
  90  0.969410  3.7416  4.4019 -0.0575  7.2577  6.6838  5.1440  4.7683  4.5971  4.5724
  91  0.972443  3.7424  4.3973 -0.0484  7.2212  6.6484  5.1181  4.7447  4.5751  4.5513
  92  0.975443  3.7431  4.3927 -0.0395  7.1858  6.6139  5.0927  4.7215  4.5534  4.5304
  93  0.978408  3.7439  4.3881 -0.0306  7.1509  6.5800  5.0676  4.6987  4.5320  4.5100
  94  0.981345  3.7446  4.3833 -0.0219  7.1171  6.5470  5.0431  4.6761  4.5109  4.4896
  95  0.984256  3.7452  4.3787 -0.0133  7.0839  6.5148  5.0189  4.6539  4.4900  4.4695
  96  0.987141  3.7459  4.3741 -0.0048  7.0516  6.4834  4.9951  4.6320  4.4694  4.4497
  97  0.990004  3.7465  4.3694  0.0036  7.0201  6.4526  4.9717  4.6104  4.4490  4.4301
  98  0.992841  3.7472  4.3648  0.0119  6.9893  6.4226  4.9487  4.5892  4.4290  4.4108
  99  0.995658  3.7477  4.3601  0.0200  6.9597  6.3935  4.9262  4.5683  4.4091  4.3916
 100  0.998448  3.7482  4.3553  0.0281  6.9306  6.3651  4.9042  4.5478  4.3897  4.3727
 101  1.001157  3.7487  4.3508  0.0359  6.9028  6.3377  4.8828  4.5279  4.3707  4.3544
 102  1.003700  3.7492  4.3464  0.0433  6.8763  6.3117  4.8625  4.5090  4.3529  4.3370
 103  1.006078  3.7496  4.3423  0.0503  6.8511  6.2870  4.8432  4.4911  4.3359  4.3206
 104  1.008294  3.7500  4.3383  0.0569  6.8275  6.2638  4.8250  4.4740  4.3196  4.3049
 105  1.010352  3.7504  4.3342  0.0633  6.8052  6.2420  4.8077  4.4578  4.3042  4.2899
 106  1.012256  3.7507  4.3303  0.0694  6.7844  6.2214  4.7913  4.4424  4.2894  4.2755
 107  1.014039  3.7511  4.3265  0.0753  6.7649  6.2020  4.7755  4.4275  4.2751  4.2615
 108  1.015727  3.7513  4.3226  0.0809  6.7463  6.1835  4.7604  4.4132  4.2613  4.2481
 109  1.017360  3.7516  4.3187  0.0865  6.7284  6.1658  4.7456  4.3992  4.2478  4.2347
 110  1.018977  3.7519  4.3149  0.0920  6.7109  6.1483  4.7311  4.3853  4.2343  4.2216
 111  1.020609  3.7520  4.3110  0.0975  6.6937  6.1312  4.7167  4.3716  4.2210  4.2086
 112  1.022101  3.7522  4.3075  0.1022  6.6791  6.1166  4.7042  4.3596  4.2094  4.1971
 113  1.023676  3.7524  4.3039  0.1071  6.6643  6.1018  4.6914  4.3473  4.1974  4.1853
 114  1.025337  3.7525  4.3003  0.1122  6.6489  6.0864  4.6782  4.3347  4.1851  4.1730
 115  1.027100  3.7528  4.2965  0.1174  6.6327  6.0702  4.6645  4.3214  4.1722  4.1605
 116  1.028973  3.7529  4.2927  0.1228  6.6156  6.0532  4.6502  4.3077  4.1589  4.1474
 117  1.030958  3.7531  4.2887  0.1285  6.5975  6.0351  4.6351  4.2933  4.1450  4.1337
 118  1.033050  3.7534  4.2846  0.1346  6.5782  6.0160  4.6192  4.2782  4.1304  4.1193
 119  1.035244  3.7537  4.2804  0.1408  6.5579  5.9958  4.6025  4.2623  4.1150  4.1043
 120  1.037532  3.7539  4.2758  0.1475  6.5365  5.9745  4.5849  4.2456  4.0988  4.0884
 121  1.039880  3.7543  4.2710  0.1544  6.5138  5.9521  4.5664  4.2279  4.0817  4.0717
 122  1.042208  3.7546  4.2660  0.1618  6.4896  5.9282  4.5467  4.2093  4.0637  4.0541
 123  1.044506  3.7550  4.2607  0.1696  6.4640  5.9028  4.5261  4.1896  4.0449  4.0356
 124  1.046892  3.7554  4.2549  0.1778  6.4372  5.8763  4.5043  4.1690  4.0249  4.0161
 125  1.049447  3.7557  4.2486  0.1866  6.4089  5.8481  4.4808  4.1467  4.0033  3.9949
 126  1.052154  3.7561  4.2415  0.1961  6.3795  5.8188  4.4560  4.1228  3.9800  3.9719
 127  1.054963  3.7564  4.2339  0.2061  6.3493  5.7886  4.4300  4.0977  3.9556  3.9478
 128  1.057794  3.7567  4.2260  0.2163  6.3187  5.7579  4.4033  4.0720  3.9304  3.9229
 129  1.060588  3.7569  4.2176  0.2267  6.2889  5.7279  4.3766  4.0460  3.9048  3.8975
 130  1.063340  3.7571  4.2090  0.2370  6.2600  5.6987  4.3501  4.0200  3.8792  3.8722
 131  1.066032  3.7572  4.2004  0.2472  6.2324  5.6707  4.3242  3.9945  3.8539  3.8469
 132  1.068655  3.7572  4.1918  0.2572  6.2061  5.6439  4.2990  3.9697  3.8292  3.8223
 133  1.071192  3.7572  4.1833  0.2668  6.1813  5.6186  4.2748  3.9457  3.8053  3.7984
 134  1.073640  3.7572  4.1750  0.2760  6.1584  5.5950  4.2518  3.9228  3.7823  3.7754
 135  1.075992  3.7571  4.1670  0.2848  6.1370  5.5729  4.2300  3.9009  3.7603  3.7533
 136  1.078247  3.7571  4.1591  0.2932  6.1172  5.5523  4.2092  3.8800  3.7392  3.7321
 137  1.080406  3.7570  4.1515  0.3013  6.0988  5.5332  4.1895  3.8601  3.7192  3.7119
 138  1.082468  3.7568  4.1441  0.3089  6.0820  5.5156  4.1709  3.8412  3.7000  3.6925
 139  1.084439  3.7567  4.1369  0.3161  6.0663  5.4991  4.1532  3.8231  3.6817  3.6740
 140  1.086323  3.7564  4.1298  0.3232  6.0519  5.4839  4.1364  3.8059  3.6640  3.6561
 141  1.088125  3.7562  4.1229  0.3298  6.0389  5.4698  4.1203  3.7894  3.6470  3.6388
 142  1.089852  3.7559  4.1161  0.3363  6.0267  5.4567  4.1050  3.7734  3.6306  3.6222
 143  1.091514  3.7557  4.1094  0.3426  6.0155  5.4445  4.0903  3.7580  3.6147  3.6059
 144  1.093114  3.7553  4.1027  0.3486  6.0053  5.4332  4.0761  3.7431  3.5992  3.5900
 145  1.094662  3.7550  4.0960  0.3546  5.9958  5.4225  4.0624  3.7286  3.5841  3.5745
 146  1.096169  3.7546  4.0894  0.3604  5.9869  5.4125  4.0490  3.7143  3.5692  3.5593
 147  1.097646  3.7542  4.0825  0.3661  5.9795  5.4038  4.0362  3.7005  3.5546  3.5440
 148  1.099095  3.7538  4.0757  0.3717  5.9727  5.3958  4.0236  3.6869  3.5401  3.5290
 149  1.100526  3.7532  4.0687  0.3773  5.9668  5.3885  4.0114  3.6735  3.5257  3.5141
 150  1.101950  3.7527  4.0615  0.3827  5.9623  5.3824  3.9996  3.6603  3.5115  3.4992
 151  1.103370  3.7521  4.0541  0.3881  5.9589  5.3775  3.9884  3.6474  3.4973  3.4842
 152  1.104793  3.7514  4.0465  0.3935  5.9563  5.3734  3.9775  3.6347  3.4832  3.4694
 153  1.106225  3.7506  4.0386  0.3987  5.9554  5.3710  3.9673  3.6223  3.4693  3.4543
 154  1.107673  3.7496  4.0302  0.4039  5.9569  5.3706  3.9578  3.6103  3.4553  3.4393
 155  1.109145  3.7485  4.0215  0.4089  5.9609  5.3725  3.9491  3.5988  3.4417  3.4243
 156  1.110648  3.7473  4.0121  0.4139  5.9683  5.3777  3.9418  3.5879  3.4282  3.4092
 157  1.112195  3.7458  4.0021  0.4185  5.9803  5.3871  3.9361  3.5780  3.4153  3.3944
 158  1.113787  3.7439  3.9912  0.4227  5.9990  5.4026  3.9328  3.5696  3.4031  3.3801
 159  1.115416  3.7417  3.9795  0.4262  6.0269  5.4262  3.9326  3.5635  3.3927  3.3668
 160  1.117025  3.7391  3.9675  0.4284  6.0654  5.4596  3.9372  3.5610  3.3849  3.3559
 161  1.118477  3.7362  3.9558  0.4290  6.1133  5.5020  3.9476  3.5633  3.3813  3.3485
 162  1.119769  3.7331  3.9447  0.4281  6.1705  5.5535  3.9638  3.5702  3.3815  3.3448
 163  1.121036  3.7293  3.9327  0.4253  6.2439  5.6202  3.9876  3.5829  3.3860  3.3444
 164  1.122278  3.7249  3.9201  0.4209  6.3334  5.7018  4.0190  3.6014  3.3952  3.3479
 165  1.123492  3.7198  3.9061  0.4152  6.4389  5.7980  4.0571  3.6250  3.4083  3.3541
 166  1.124704  3.7142  3.8896  0.4095  6.5590  5.9075  4.1004  3.6515  3.4219  3.3603
 167  1.125954  3.7080  3.8691  0.4058  6.6866  6.0229  4.1426  3.6751  3.4315  3.3614
 168  1.127252  3.7018  3.8428  0.4080  6.8008  6.1247  4.1720  3.6860  3.4278  3.3492
 169  1.128474  3.6968  3.8132  0.4179  6.8711  6.1848  4.1773  3.6756  3.4051  3.3194
 170  1.129495  3.6933  3.7843  0.4334  6.8993  6.2060  4.1605  3.6479  3.3687  3.2779
 171  1.130374  3.6909  3.7576  0.4507  6.9039  6.2058  4.1326  3.6123  3.3269  3.2327
 172  1.131171  3.6892  3.7327  0.4687  6.8940  6.1922  4.0989  3.5730  3.2827  3.1860
 173  1.131911  3.6878  3.7088  0.4874  6.8746  6.1697  4.0612  3.5309  3.2372  3.1383
 174  1.132612  3.6867  3.6856  0.5064  6.8490  6.1415  4.0210  3.4873  3.1906  3.0901
 175  1.133280  3.6857  3.6629  0.5256  6.8196  6.1098  3.9790  3.4424  3.1432  3.0413
 176  1.133926  3.6849  3.6405  0.5452  6.7869  6.0751  3.9356  3.3967  3.0954  2.9922
 177  1.134550  3.6842  3.6183  0.5647  6.7520  6.0382  3.8913  3.3502  3.0472  2.9427
 178  1.135159  3.6835  3.5962  0.5844  6.7153  5.9998  3.8461  3.3034  2.9986  2.8931
 179  1.135750  3.6829  3.5743  0.6042  6.6775  5.9602  3.8005  3.2560  2.9498  2.8433
 180  1.136325  3.6825  3.5525  0.6241  6.6384  5.9195  3.7541  3.2083  2.9006  2.7932
 181  1.136887  3.6819  3.5305  0.6441  6.5991  5.8787  3.7076  3.1604  2.8512  2.7429
 182  1.137316  3.6815  3.5136  0.6597  6.5679  5.8463  3.6711  3.1228  2.8127  2.7038
 183  1.137744  3.6811  3.4962  0.6756  6.5359  5.8131  3.6339  3.0845  2.7735  2.6638
 184  1.138170  3.6808  3.4786  0.6918  6.5029  5.7790  3.5956  3.0454  2.7332  2.6229
 185  1.138597  3.6803  3.4605  0.7084  6.4695  5.7444  3.5567  3.0054  2.6922  2.5812
 186  1.139020  3.6799  3.4421  0.7255  6.4349  5.7088  3.5166  2.9642  2.6501  2.5383
 187  1.139441  3.6795  3.4229  0.7431  6.3999  5.6725  3.4756  2.9219  2.6067  2.4942
 188  1.139863  3.6791  3.4037  0.7608  6.3642  5.6357  3.4340  2.8793  2.5629  2.4497
 189  1.140281  3.6786  3.3836  0.7792  6.3281  5.5983  3.3913  2.8352  2.5177  2.4036
 190  1.140695  3.6781  3.3627  0.7982  6.2920  5.5608  3.3474  2.7899  2.4709  2.3558
 191  1.141103  3.6775  3.3409  0.8178  6.2544  5.5219  3.3019  2.7428  2.4223  2.3064
 192  1.141508  3.6769  3.3182  0.8382  6.2160  5.4821  3.2550  2.6942  2.3720  2.2551
 193  1.141905  3.6763  3.2948  0.8594  6.1762  5.4409  3.2062  2.6436  2.3198  2.2018
 194  1.142299  3.6756  3.2707  0.8810  6.1364  5.3995  3.1568  2.5923  2.2667  2.1475
 195  1.142686  3.6749  3.2456  0.9033  6.0955  5.3572  3.1057  2.5391  2.2117  2.0913
 196  1.143066  3.6742  3.2197  0.9264  6.0541  5.3141  3.0532  2.4844  2.1549  2.0333
 197  1.143440  3.6734  3.1929  0.9502  6.0124  5.2710  2.9996  2.4283  2.0965  1.9736
 198  1.143803  3.6725  3.1649  0.9747  5.9698  5.2268  2.9443  2.3704  2.0362  1.9117
 199  1.144158  3.6716  3.1362  1.0000  5.9266  5.1818  2.8876  2.3109  1.9741  1.8481
 200  1.144503  3.6707  3.1064  1.0260  5.8828  5.1365  2.8295  2.2498  1.9104  1.7827
 201  1.144840  3.6696  3.0759  1.0526  5.8388  5.0909  2.7705  2.1876  1.8452  1.7159
 202  1.145166  3.6685  3.0444  1.0799  5.7943  5.0446  2.7101  2.1238  1.7783  1.6472
 203  1.145482  3.6674  3.0121  1.1079  5.7493  4.9981  2.6485  2.0587  1.7100  1.5770
 204  1.145787  3.6661  2.9786  1.1364  5.7054  4.9525  2.5862  1.9925  1.6402  1.5050
 205  1.146083  3.6649  2.9445  1.1656  5.6616  4.9072  2.5232  1.9253  1.5691  1.4319
 206  1.146367  3.6635  2.9094  1.1952  5.6180  4.8621  2.4595  1.8570  1.4968  1.3572
 207  1.146640  3.6621  2.8737  1.2254  5.5746  4.8172  2.3950  1.7880  1.4233  1.2814
 208  1.146902  3.6606  2.8372  1.2562  5.5312  4.7725  2.3298  1.7180  1.3488  1.2043
 209  1.147154  3.6591  2.8001  1.2873  5.4885  4.7283  2.2641  1.6474  1.2733  1.1263
 210  1.147396  3.6576  2.7623  1.3189  5.4458  4.6844  2.1982  1.5762  1.1971  1.0473
 211  1.147629  3.6559  2.7240  1.3507  5.4039  4.6411  2.1320  1.5047  1.1201  0.9676
 212  1.147850  3.6543  2.6851  1.3829  5.3619  4.5981  2.0652  1.4325  1.0423  0.8868
 213  1.148051  3.6523  2.6426  1.4180  5.3175  4.5531  1.9940  1.3552  0.9581  0.7992
 214  1.148288  3.6501  2.5935  1.4583  5.2665  4.5022  1.9131  1.2675  0.8615  0.6985
 215  1.148640  3.6489  2.5640  1.4831  5.2329  4.4683  1.8617  1.2123  0.8019  0.6366
 216  1.148874  3.6507  2.5976  1.4567  5.2592  4.4934  1.9102  1.2663  0.8640  0.7021
 217  1.148901  3.6512  2.6061  1.4500  5.2664  4.5005  1.9231  1.2805  0.8799  0.7189
 218  1.148928  3.6516  2.6145  1.4434  5.2733  4.5073  1.9356  1.2944  0.8956  0.7354
 219  1.148960  3.6521  2.6225  1.4371  5.2795  4.5134  1.9473  1.3075  0.9104  0.7511
 220  1.149003  3.6523  2.6285  1.4324  5.2842  4.5179  1.9561  1.3173  0.9215  0.7628
 221  1.149053  3.6523  2.6278  1.4331  5.2826  4.5162  1.9542  1.3153  0.9197  0.7611
 222  1.149096  3.6521  2.6233  1.4369  5.2777  4.5112  1.9465  1.3070  0.9107  0.7517
 223  1.149132  3.6519  2.6177  1.4414  5.2721  4.5056  1.9373  1.2969  0.8998  0.7403
 224  1.149166  3.6516  2.6121  1.4462  5.2662  4.4997  1.9278  1.2866  0.8885  0.7285
 225  1.149199  3.6514  2.6064  1.4508  5.2604  4.4938  1.9183  1.2762  0.8773  0.7169
 226  1.149232  3.6511  2.6008  1.4554  5.2547  4.4882  1.9090  1.2661  0.8663  0.7054
 227  1.149598  3.6489  2.5493  1.4978  5.2016  4.4365  1.8244  1.1740  0.7649  0.5997
 228  1.149934  3.6456  2.4807  1.5539  5.1342  4.3705  1.7131  1.0527  0.6312  0.4600
 229  1.150231  3.6419  2.4039  1.6159  5.0645  4.3027  1.5928  0.9206  0.4838  0.3056
 230  1.150491  3.6382  2.3287  1.6762  4.9979  4.2396  1.4781  0.7945  0.3412  0.1556
 231  1.150719  3.6344  2.2549  1.7353  4.9335  4.1800  1.3680  0.6731  0.2022  0.0089
 232  1.150916  3.6307  2.1824  1.7928  4.8712  4.1239  1.2626  0.5570  0.0672 -0.1341
 233  1.151092  3.6270  2.1117  1.8487  4.8107  4.0709  1.1625  0.4468 -0.0631 -0.2728
 234  1.151246  3.6234  2.0434  1.9025  4.7517  4.0203  1.0678  0.3427 -0.1882 -0.4062
 235  1.151384  3.6196  1.9747  1.9563  4.6938  3.9720  0.9767  0.2428 -0.3120 -0.5393
 236  1.151505  3.6159  1.9078  2.0082  4.6383  3.9266  0.8915  0.1499 -0.4308 -0.6678
 237  1.151611  3.6121  1.8425  2.0586  4.5849  3.8838  0.8123  0.0635 -0.5453 -0.7924
 238  1.151708  3.6083  1.7777  2.1086  4.5317  3.8415  0.7369 -0.0181 -0.6579 -0.9159
 239  1.151793  3.6047  1.7150  2.1566  4.4810  3.8015  0.6673 -0.0925 -0.7656 -1.0347
 240  1.151870  3.6010  1.6523  2.2045  4.4309  3.7618  0.6015 -0.1618 -0.8720 -1.1530
 241  1.151940  3.5974  1.5909  2.2512  4.3821  3.7233  0.5411 -0.2246 -0.9750 -1.2684
 242  1.152002  3.5937  1.5316  2.2963  4.3339  3.6849  0.4858 -0.2812 -1.0732 -1.3795
 243  1.152058  3.5901  1.4725  2.3409  4.2869  3.6472  0.4367 -0.3308 -1.1688 -1.4887
 244  1.152108  3.5865  1.4145  2.3844  4.2424  3.6104  0.3936 -0.3725 -1.2610 -1.5954
 245  1.152155  3.5830  1.3579  2.4268  4.2022  3.5759  0.3578 -0.4043 -1.3492 -1.6989
 246  1.152197  3.5794  1.3020  2.4685  4.1643  3.5419  0.3281 -0.4282 -1.4347 -1.8009
 247  1.152234  3.5759  1.2478  2.5088  4.1293  3.5092  0.3062 -0.4429 -1.5154 -1.8988
 248  1.152270  3.5725  1.1944  2.5485  4.0970  3.4768  0.2920 -0.4484 -1.5928 -1.9944
 249  1.152301  3.5691  1.1420  2.5873  4.0686  3.4458  0.2861 -0.4449 -1.6662 -2.0872
 250  1.152330  3.5658  1.0913  2.6248  4.0441  3.4170  0.2875 -0.4350 -1.7344 -2.1757
 251  1.152357  3.5625  1.0408  2.6620  4.0237  3.3903  0.2963 -0.4202 -1.7986 -2.2618
 252  1.152382  3.5591  0.9915  2.6980  4.0102  3.3698  0.3144 -0.4022 -1.8568 -2.3428
 253  1.152404  3.5559  0.9433  2.7331  4.0009  3.3506  0.3448 -0.3723 -1.9087 -2.4196
 254  1.152425  3.5526  0.8962  2.7673  3.9960  3.3315  0.3895 -0.3252 -1.9544 -2.4923
 255  1.152444  3.5494  0.8496  2.8010  3.9963  3.3118  0.4604 -0.2426 -1.9922 -2.5618
 256  1.152463  3.5462  0.8045  2.8336  4.0006  3.2816  0.5522 -0.1271 -2.0217 -2.6263
 257  1.152479  3.5432  0.7599  2.8656  4.0084  3.2492  0.6596  0.0056 -2.0430 -2.6861
 258  1.152494  3.5401  0.7164  2.8967  4.0179  3.2156  0.7793  0.1468 -2.0556 -2.7407
 259  1.152509  3.5370  0.6739  2.9271  4.0295  3.1830  0.9171  0.2934 -2.0549 -2.7874
 260  1.152522  3.5340  0.6323  2.9567  4.0410  3.1530  1.0734  0.4364 -2.0374 -2.8240
 261  1.152535  3.5311  0.5914  2.9857  4.0538  3.1256  1.2349  0.5746 -2.0116 -2.8546
 262  1.152547  3.5281  0.5512  3.0141  4.0679  3.1021  1.3965  0.7037 -1.9793 -2.8799
 263  1.152558  3.5251  0.5118  3.0419  4.0833  3.0829  1.5495  0.8186 -1.9441 -2.9012
 264  1.152568  3.5222  0.4732  3.0688  4.0975  3.0759  1.6486  0.8739 -1.9195 -2.9220
 265  1.152578  3.5195  0.4355  3.0951  4.1103  3.0738  1.7249  0.9040 -1.8987 -2.9418
 266  1.152587  3.5166  0.3984  3.1210  4.1240  3.0762  1.7923  0.9234 -1.8768 -2.9592
 267  1.152596  3.5139  0.3623  3.1461  4.1373  3.0809  1.8512  0.9346 -1.8546 -2.9743
 268  1.152604  3.5111  0.3268  3.1707  4.1491  3.0867  1.9058  0.9419 -1.8312 -2.9870
 269  1.152611  3.5083  0.2913  3.1947  4.1610  3.0922  1.9610  0.9541 -1.8043 -2.9957
 270  1.152620  3.5055  0.2570  3.2181  4.1682  3.0952  2.0041  0.9589 -1.7832 -3.0063
 271  1.152626  3.5029  0.2233  3.2412  4.1732  3.0986  2.0394  0.9577 -1.7647 -3.0169
 272  1.152633  3.5002  0.1906  3.2634  4.1769  3.1034  2.0666  0.9505 -1.7491 -3.0275
 273  1.152639  3.4977  0.1582  3.2854  4.1802  3.1110  2.0874  0.9385 -1.7371 -3.0392
 274  1.152645  3.4950  0.1264  3.3068  4.1833  3.1206  2.1091  0.9312 -1.7281 -3.0528
 275  1.152651  3.4925  0.0955  3.3276  4.1857  3.1311  2.1268  0.9226 -1.7219 -3.0672
 276  1.152656  3.4900  0.0651  3.3479  4.1882  3.1433  2.1418  0.9131 -1.7180 -3.0822
 277  1.152662  3.4875  0.0355  3.3676  4.1865  3.1479  2.1507  0.8994 -1.7175 -3.0983
 278  1.152666  3.4852  0.0074  3.3864  4.1580  3.0849  2.1286  0.8612 -1.7283 -3.1180
 279  1.152763  3.4831 -0.0166  3.4023  4.1900  3.1645  2.1598  0.8707 -1.7212 -3.1279
