#NUMBER OF AGES= 1
#----------------------------------------------------       
#MIX-LEN  Y      Z          Zeff        [Fe/H] [a/Fe]
# 1.9380  0.2925 2.9511E-02 2.9511E-02   0.28   0.00 
#----------------------------------------------------       
#**PHOTOMETRIC SYSTEM**: SkyMapper (AB)                     
#----------------------------------------------------       
#AGE= 8.500 EEPS=269
#EEP   M/Mo    LogTeff  LogG   LogL/Lo u       v       g       r       i       z
  11  0.108083  3.4976  5.2471 -2.8314 17.7013 17.2372 14.4804 13.5628 11.9332 11.3560
  12  0.129139  3.4976  5.1759 -2.6833 17.3041 16.8164 14.1099 13.1934 11.5671 10.9877
  13  0.155859  3.4986  5.1078 -2.5295 16.8732 16.3583 13.7080 12.7946 11.1815 10.6032
  14  0.184737  3.5025  5.0608 -2.3930 16.4418 15.8973 13.3062 12.4016 10.8249 10.2570
  15  0.206834  3.5057  5.0311 -2.3011 16.1445 15.5804 13.0291 12.1320 10.5829 10.0236
  16  0.224861  3.5082  5.0083 -2.2324 15.9239 15.3462 12.8231 11.9317 10.4021  9.8490
  17  0.241525  3.5103  4.9891 -2.1734 15.7343 15.1451 12.6455 11.7594 10.2465  9.6991
  18  0.258541  3.5125  4.9712 -2.1171 15.5547 14.9554 12.4766 11.5959 10.0984  9.5567
  19  0.278433  3.5150  4.9526 -2.0563 15.3605 14.7507 12.2936 11.4190  9.9384  9.4030
  20  0.295108  3.5171  4.9375 -2.0077 15.2052 14.5871 12.1470 11.2776  9.8102  9.2801
  21  0.305026  3.5182  4.9300 -1.9814 15.1220 14.4998 12.0679 11.2014  9.7412  9.2141
  22  0.311754  3.5190  4.9256 -1.9644 15.0674 14.4425 12.0160 11.1514  9.6960  9.1709
  23  0.316544  3.5195  4.9208 -1.9510 15.0262 14.3992 11.9769 11.1137  9.6613  9.1375
  24  0.319995  3.5198  4.9170 -1.9411 14.9952 14.3667 11.9477 11.0855  9.6353  9.1124
  25  0.322111  3.5197  4.9175 -1.9396 14.9950 14.3671 11.9468 11.0840  9.6324  9.1088
  26  0.324434  3.5204  4.9165 -1.9324 14.9657 14.3359 11.9192 11.0582  9.6117  9.0904
  27  0.326627  3.5206  4.9118 -1.9238 14.9404 14.3090 11.8955 11.0353  9.5898  9.0689
  28  0.328565  3.5210  4.9139 -1.9221 14.9323 14.3010 11.8874 11.0277  9.5843  9.0644
  29  0.331611  3.5213  4.9108 -1.9138 14.9066 14.2739 11.8631 11.0041  9.5627  9.0435
  30  0.335465  3.5218  4.9094 -1.9055 14.8793 14.2455 11.8368 10.9790  9.5405  9.0226
  31  0.343009  3.5226  4.9050 -1.8881 14.8239 14.1877 11.7839 10.9280  9.4945  8.9788
  32  0.484446  3.5469  4.7885 -1.5218 13.6311 12.9448 10.6286  9.8290  8.5179  8.0652
  33  0.491267  3.5498  4.7816 -1.4997 13.5587 12.8734 10.5456  9.7486  8.4562  8.0129
  34  0.507620  3.5544  4.7674 -1.4526 13.4045 12.7166 10.3843  9.5943  8.3273  7.8976
  35  0.521291  3.5586  4.7554 -1.4126 13.2731 12.5839 10.2437  9.4588  8.2171  7.7997
  36  0.533634  3.5626  4.7445 -1.3757 13.1522 12.4626 10.1116  9.3308  8.1166  7.7109
  37  0.545793  3.5666  4.7339 -1.3393 13.0320 12.3427  9.9775  9.2002  8.0166  7.6230
  38  0.558565  3.5709  4.7227 -1.3008 12.9054 12.2171  9.8339  9.0597  7.9110  7.5307
  39  0.572778  3.5758  4.7105 -1.2578 12.7639 12.0778  9.6707  8.8993  7.7923  7.4279
  40  0.588668  3.5817  4.6973 -1.2092 12.5992 11.9172  9.4780  8.7083  7.6564  7.3120
  41  0.605792  3.5885  4.6836 -1.1561 12.4118 11.7360  9.2553  8.4857  7.5056  7.1861
  42  0.623547  3.5959  4.6704 -1.1007 12.2171 11.5467  9.0203  8.2524  7.3476  7.0543
  43  0.640959  3.6034  4.6580 -1.0462 12.0255 11.3584  8.7891  8.0250  7.1927  6.9248
  44  0.656498  3.6103  4.6474 -0.9976 11.8447 11.1829  8.5790  7.8167  7.0555  6.8117
  45  0.670398  3.6166  4.6383 -0.9543 11.6832 11.0246  8.3957  7.6371  6.9352  6.7113
  46  0.685464  3.6237  4.6294 -0.9072 11.5003 10.8432  8.1945  7.4428  6.8038  6.6015
  47  0.702624  3.6320  4.6198 -0.8536 11.2700 10.6122  7.9633  7.2238  6.6542  6.4749
  48  0.720451  3.6408  4.6101 -0.7977 11.0087 10.3486  7.7239  7.0019  6.4980  6.3401
  49  0.736001  3.6485  4.6017 -0.7493 10.7690 10.1064  7.5221  6.8199  6.3639  6.2218
  50  0.748728  3.6547  4.5949 -0.7105 10.5669  9.9024  7.3635  6.6802  6.2570  6.1256
  51  0.759716  3.6599  4.5890 -0.6775 10.3890  9.7235  7.2309  6.5657  6.1670  6.0433
  52  0.766958  3.6633  4.5850 -0.6559 10.2719  9.6061  7.1458  6.4929  6.1087  5.9897
  53  0.773918  3.6665  4.5811 -0.6351 10.1588  9.4928  7.0650  6.4242  6.0531  5.9381
  54  0.780622  3.6696  4.5773 -0.6152 10.0492  9.3831  6.9877  6.3590  5.9996  5.8883
  55  0.787134  3.6726  4.5734 -0.5957  9.9422  9.2763  6.9132  6.2963  5.9476  5.8397
  56  0.793519  3.6756  4.5695 -0.5764  9.8362  9.1708  6.8404  6.2353  5.8966  5.7920
  57  0.799789  3.6785  4.5655 -0.5573  9.7305  9.0662  6.7690  6.1755  5.8465  5.7450
  58  0.805929  3.6813  4.5615 -0.5385  9.6269  8.9639  6.6997  6.1173  5.7974  5.6990
  59  0.811967  3.6841  4.5574 -0.5201  9.5253  8.8640  6.6318  6.0605  5.7491  5.6538
  60  0.817937  3.6868  4.5533 -0.5017  9.4257  8.7666  6.5653  6.0048  5.7016  5.6094
  61  0.823868  3.6896  4.5490 -0.4836  9.3278  8.6708  6.4999  5.9501  5.6547  5.5656
  62  0.829754  3.6922  4.5447 -0.4657  9.2310  8.5767  6.4360  5.8963  5.6084  5.5225
  63  0.835597  3.6948  4.5403 -0.4480  9.1363  8.4848  6.3735  5.8436  5.5628  5.4800
  64  0.841393  3.6973  4.5357 -0.4304  9.0436  8.3953  6.3125  5.7920  5.5181  5.4382
  65  0.847116  3.6997  4.5312 -0.4132  8.9532  8.3083  6.2531  5.7417  5.4741  5.3973
  66  0.852770  3.7020  4.5265 -0.3961  8.8646  8.2233  6.1951  5.6923  5.4309  5.3570
  67  0.858354  3.7044  4.5218 -0.3793  8.7776  8.1394  6.1385  5.6439  5.3885  5.3174
  68  0.863842  3.7066  4.5170 -0.3628  8.6920  8.0573  6.0831  5.5965  5.3469  5.2786
  69  0.869228  3.7088  4.5121 -0.3465  8.6085  7.9772  6.0293  5.5502  5.3062  5.2405
  70  0.874512  3.7109  4.5071 -0.3305  8.5271  7.8990  5.9768  5.5051  5.2662  5.2032
  71  0.879678  3.7129  4.5022 -0.3149  8.4481  7.8233  5.9259  5.4611  5.2273  5.1669
  72  0.884735  3.7149  4.4971 -0.2995  8.3711  7.7497  5.8765  5.4183  5.1893  5.1313
  73  0.889671  3.7168  4.4920 -0.2846  8.2966  7.6786  5.8286  5.3767  5.1522  5.0966
  74  0.894494  3.7186  4.4869 -0.2698  8.2242  7.6095  5.7821  5.3362  5.1159  5.0626
  75  0.899211  3.7203  4.4817 -0.2555  8.1545  7.5428  5.7370  5.2968  5.0804  5.0293
  76  0.903818  3.7219  4.4766 -0.2414  8.0868  7.4781  5.6932  5.2583  5.0457  4.9967
  77  0.908329  3.7235  4.4714 -0.2277  8.0214  7.4157  5.6506  5.2208  5.0117  4.9647
  78  0.912749  3.7251  4.4662 -0.2141  7.9580  7.3549  5.6092  5.1842  4.9785  4.9335
  79  0.917075  3.7266  4.4610 -0.2010  7.8965  7.2961  5.5690  5.1485  4.9460  4.9029
  80  0.921326  3.7279  4.4556 -0.1880  7.8368  7.2390  5.5296  5.1134  4.9141  4.8728
  81  0.925497  3.7294  4.4504 -0.1752  7.7785  7.1833  5.4913  5.0793  4.8828  4.8432
  82  0.929001  3.7305  4.4458 -0.1644  7.7301  7.1369  5.4593  5.0507  4.8565  4.8183
  83  0.932453  3.7316  4.4412 -0.1539  7.6827  7.0915  5.4279  5.0225  4.8307  4.7939
  84  0.935853  3.7327  4.4366 -0.1434  7.6365  7.0473  5.3971  4.9949  4.8052  4.7696
  85  0.939201  3.7337  4.4321 -0.1331  7.5914  7.0040  5.3669  4.9677  4.7802  4.7458
  86  0.942499  3.7347  4.4274 -0.1231  7.5475  6.9619  5.3373  4.9410  4.7555  4.7223
  87  0.945746  3.7356  4.4228 -0.1131  7.5045  6.9205  5.3081  4.9147  4.7312  4.6992
  88  0.948946  3.7366  4.4182 -0.1032  7.4628  6.8803  5.2796  4.8889  4.7073  4.6764
  89  0.952096  3.7374  4.4134 -0.0936  7.4223  6.8414  5.2516  4.8635  4.6838  4.6539
  90  0.955190  3.7383  4.4088 -0.0840  7.3828  6.8032  5.2241  4.8387  4.6607  4.6319
  91  0.958240  3.7392  4.4041 -0.0747  7.3444  6.7659  5.1972  4.8142  4.6379  4.6102
  92  0.961248  3.7399  4.3994 -0.0655  7.3070  6.7297  5.1708  4.7902  4.6156  4.5887
  93  0.964211  3.7407  4.3948 -0.0563  7.2703  6.6942  5.1449  4.7666  4.5935  4.5677
  94  0.967145  3.7415  4.3901 -0.0473  7.2347  6.6596  5.1193  4.7433  4.5718  4.5468
  95  0.970051  3.7422  4.3854 -0.0385  7.1998  6.6257  5.0942  4.7204  4.5503  4.5261
  96  0.972931  3.7428  4.3806 -0.0297  7.1658  6.5926  5.0695  4.6977  4.5290  4.5057
  97  0.975794  3.7436  4.3758 -0.0211  7.1325  6.5602  5.0452  4.6753  4.5080  4.4855
  98  0.978636  3.7442  4.3711 -0.0125  7.0999  6.5284  5.0212  4.6533  4.4872  4.4655
  99  0.981468  3.7448  4.3664 -0.0040  7.0682  6.4975  4.9978  4.6315  4.4667  4.4456
 100  0.984285  3.7453  4.3615  0.0043  7.0374  6.4673  4.9745  4.6101  4.4463  4.4260
 101  0.987089  3.7459  4.3567  0.0126  7.0074  6.4379  4.9518  4.5890  4.4263  4.4065
 102  0.989876  3.7464  4.3519  0.0207  6.9782  6.4093  4.9294  4.5681  4.4065  4.3874
 103  0.992634  3.7469  4.3470  0.0287  6.9496  6.3813  4.9074  4.5476  4.3869  4.3684
 104  0.995352  3.7473  4.3421  0.0366  6.9221  6.3542  4.8859  4.5274  4.3677  4.3498
 105  0.998009  3.7478  4.3374  0.0444  6.8954  6.3279  4.8649  4.5077  4.3489  4.3314
 106  1.000557  3.7482  4.3326  0.0519  6.8695  6.3024  4.8445  4.4885  4.3305  4.3135
 107  1.002918  3.7487  4.3280  0.0591  6.8450  6.2782  4.8251  4.4702  4.3130  4.2965
 108  1.005092  3.7489  4.3236  0.0659  6.8216  6.2551  4.8065  4.4529  4.2964  4.2803
 109  1.007091  3.7494  4.3194  0.0724  6.7994  6.2332  4.7889  4.4363  4.2804  4.2648
 110  1.008946  3.7497  4.3152  0.0787  6.7780  6.2121  4.7719  4.4203  4.2652  4.2499
 111  1.010693  3.7500  4.3112  0.0848  6.7576  6.1919  4.7555  4.4048  4.2503  4.2355
 112  1.012076  3.7502  4.3077  0.0897  6.7415  6.1760  4.7424  4.3923  4.2383  4.2236
 113  1.013456  3.7505  4.3041  0.0947  6.7257  6.1603  4.7293  4.3799  4.2262  4.2119
 114  1.014844  3.7506  4.3006  0.0995  6.7102  6.1448  4.7162  4.3674  4.2141  4.1999
 115  1.016261  3.7508  4.2970  0.1046  6.6947  6.1293  4.7031  4.3548  4.2019  4.1879
 116  1.017726  3.7509  4.2932  0.1097  6.6792  6.1138  4.6898  4.3421  4.1895  4.1756
 117  1.019243  3.7512  4.2894  0.1148  6.6636  6.0981  4.6763  4.3291  4.1768  4.1632
 118  1.020823  3.7513  4.2855  0.1201  6.6474  6.0819  4.6625  4.3158  4.1639  4.1505
 119  1.022469  3.7515  4.2816  0.1254  6.6309  6.0654  4.6484  4.3023  4.1507  4.1376
 120  1.024184  3.7517  4.2776  0.1310  6.6141  6.0486  4.6340  4.2884  4.1372  4.1243
 121  1.025963  3.7519  4.2735  0.1366  6.5966  6.0312  4.6191  4.2742  4.1234  4.1106
 122  1.027760  3.7521  4.2693  0.1424  6.5781  6.0127  4.6037  4.2594  4.1092  4.0967
 123  1.029498  3.7524  4.2652  0.1484  6.5586  5.9933  4.5877  4.2444  4.0946  4.0824
 124  1.031241  3.7527  4.2611  0.1545  6.5384  5.9733  4.5714  4.2290  4.0798  4.0679
 125  1.033040  3.7530  4.2567  0.1608  6.5176  5.9529  4.5548  4.2131  4.0645  4.0530
 126  1.034904  3.7533  4.2522  0.1672  6.4968  5.9322  4.5375  4.1968  4.0487  4.0375
 127  1.036838  3.7536  4.2473  0.1739  6.4752  5.9108  4.5199  4.1799  4.0324  4.0214
 128  1.038840  3.7538  4.2424  0.1809  6.4532  5.8889  4.5015  4.1623  4.0154  4.0047
 129  1.040918  3.7541  4.2370  0.1880  6.4311  5.8668  4.4826  4.1442  3.9977  3.9874
 130  1.043057  3.7543  4.2312  0.1956  6.4088  5.8444  4.4632  4.1254  3.9793  3.9691
 131  1.045248  3.7544  4.2251  0.2033  6.3861  5.8217  4.4432  4.1060  3.9603  3.9503
 132  1.047503  3.7546  4.2186  0.2113  6.3631  5.7984  4.4224  4.0858  3.9403  3.9306
 133  1.049830  3.7548  4.2118  0.2198  6.3394  5.7745  4.4008  4.0646  3.9195  3.9099
 134  1.052199  3.7549  4.2045  0.2284  6.3159  5.7507  4.3787  4.0429  3.8980  3.8885
 135  1.054581  3.7549  4.1967  0.2374  6.2926  5.7269  4.3563  4.0208  3.8759  3.8665
 136  1.056950  3.7550  4.1888  0.2463  6.2695  5.7033  4.3338  3.9985  3.8537  3.8442
 137  1.059294  3.7549  4.1807  0.2552  6.2472  5.6804  4.3114  3.9762  3.8314  3.8218
 138  1.061593  3.7548  4.1726  0.2641  6.2257  5.6581  4.2894  3.9540  3.8091  3.7995
 139  1.063842  3.7547  4.1643  0.2729  6.2052  5.6369  4.2677  3.9322  3.7871  3.7773
 140  1.066030  3.7546  4.1559  0.2816  6.1859  5.6166  4.2466  3.9108  3.7655  3.7556
 141  1.068151  3.7544  4.1477  0.2899  6.1676  5.5974  4.2261  3.8900  3.7443  3.7341
 142  1.070203  3.7542  4.1394  0.2982  6.1503  5.5791  4.2063  3.8697  3.7236  3.7132
 143  1.072191  3.7539  4.1311  0.3061  6.1346  5.5624  4.1872  3.8501  3.7035  3.6927
 144  1.074108  3.7536  4.1231  0.3138  6.1198  5.5464  4.1688  3.8311  3.6839  3.6729
 145  1.075960  3.7533  4.1150  0.3213  6.1064  5.5318  4.1512  3.8127  3.6650  3.6535
 146  1.077752  3.7529  4.1070  0.3286  6.0938  5.5181  4.1342  3.7948  3.6465  3.6345
 147  1.079490  3.7525  4.0988  0.3356  6.0833  5.5062  4.1181  3.7777  3.6284  3.6160
 148  1.081178  3.7520  4.0908  0.3424  6.0737  5.4952  4.1027  3.7611  3.6109  3.5979
 149  1.082820  3.7515  4.0827  0.3491  6.0652  5.4854  4.0879  3.7450  3.5938  3.5801
 150  1.084427  3.7508  4.0745  0.3556  6.0584  5.4771  4.0740  3.7295  3.5772  3.5627
 151  1.086005  3.7502  4.0662  0.3618  6.0534  5.4705  4.0609  3.7146  3.5608  3.5457
 152  1.087559  3.7495  4.0577  0.3678  6.0497  5.4653  4.0485  3.7002  3.5449  3.5288
 153  1.089099  3.7486  4.0490  0.3737  6.0483  5.4620  4.0369  3.6864  3.5294  3.5122
 154  1.090632  3.7476  4.0400  0.3795  6.0493  5.4612  4.0264  3.6731  3.5142  3.4957
 155  1.092169  3.7465  4.0305  0.3850  6.0533  5.4630  4.0170  3.6606  3.4994  3.4795
 156  1.093718  3.7452  4.0206  0.3903  6.0608  5.4681  4.0089  3.6490  3.4850  3.4635
 157  1.095294  3.7435  4.0100  0.3951  6.0742  5.4785  4.0028  3.6385  3.4713  3.4479
 158  1.096904  3.7417  3.9986  0.3996  6.0949  5.4953  3.9991  3.6297  3.4587  3.4329
 159  1.098542  3.7393  3.9862  0.4032  6.1255  5.5211  3.9994  3.6236  3.4479  3.4191
 160  1.100134  3.7365  3.9733  0.4055  6.1678  5.5580  4.0052  3.6215  3.4401  3.4079
 161  1.101543  3.7335  3.9610  0.4060  6.2195  5.6042  4.0172  3.6246  3.4366  3.4004
 162  1.102774  3.7301  3.9496  0.4049  6.2801  5.6588  4.0348  3.6325  3.4376  3.3971
 163  1.103984  3.7262  3.9369  0.4023  6.3565  5.7280  4.0592  3.6454  3.4421  3.3965
 164  1.105173  3.7217  3.9231  0.3983  6.4486  5.8117  4.0907  3.6638  3.4508  3.3992
 165  1.106343  3.7165  3.9076  0.3936  6.5559  5.9093  4.1282  3.6861  3.4617  3.4033
 166  1.107520  3.7107  3.8890  0.3896  6.6750  6.0174  4.1685  3.7091  3.4716  3.4054
 167  1.108725  3.7047  3.8659  0.3890  6.7944  6.1246  4.2037  3.7260  3.4744  3.3998
 168  1.109920  3.6990  3.8384  0.3946  6.8881  6.2068  4.2223  3.7275  3.4624  3.3799
 169  1.111004  3.6947  3.8094  0.4066  6.9405  6.2506  4.2189  3.7105  3.4347  3.3460
 170  1.111922  3.6917  3.7815  0.4225  6.9598  6.2639  4.1982  3.6801  3.3964  3.3034
 171  1.112726  3.6895  3.7555  0.4403  6.9586  6.2584  4.1682  3.6430  3.3536  3.2575
 172  1.113461  3.6879  3.7308  0.4586  6.9451  6.2414  4.1330  3.6025  3.3089  3.2103
 173  1.114145  3.6866  3.7071  0.4775  6.9230  6.2165  4.0940  3.5596  3.2627  3.1621
 174  1.114794  3.6856  3.6841  0.4968  6.8952  6.1863  4.0528  3.5152  3.2155  3.1134
 175  1.115413  3.6847  3.6613  0.5162  6.8638  6.1527  4.0098  3.4696  3.1677  3.0642
 176  1.116013  3.6839  3.6389  0.5359  6.8290  6.1160  3.9654  3.4231  3.1192  3.0146
 177  1.116592  3.6833  3.6168  0.5557  6.7924  6.0775  3.9200  3.3759  3.0703  2.9646
 178  1.117154  3.6827  3.5945  0.5758  6.7540  6.0375  3.8739  3.3281  3.0209  2.9143
 179  1.117700  3.6822  3.5725  0.5959  6.7143  5.9961  3.8270  3.2798  2.9712  2.8636
 180  1.118231  3.6817  3.5504  0.6162  6.6733  5.9536  3.7794  3.2310  2.9212  2.8127
 181  1.118749  3.6812  3.5283  0.6366  6.6322  5.9109  3.7316  3.1819  2.8708  2.7615
 182  1.119146  3.6809  3.5112  0.6524  6.5996  5.8771  3.6941  3.1436  2.8316  2.7217
 183  1.119542  3.6805  3.4937  0.6686  6.5664  5.8428  3.6559  3.1044  2.7915  2.6810
 184  1.119937  3.6801  3.4758  0.6852  6.5321  5.8075  3.6167  3.0643  2.7505  2.6393
 185  1.120331  3.6798  3.4576  0.7021  6.4975  5.7717  3.5769  3.0235  2.7087  2.5969
 186  1.120723  3.6793  3.4387  0.7196  6.4621  5.7352  3.5359  2.9814  2.6656  2.5530
 187  1.121113  3.6789  3.4194  0.7372  6.4265  5.6983  3.4944  2.9388  2.6220  2.5086
 188  1.121503  3.6785  3.4000  0.7552  6.3904  5.6611  3.4523  2.8956  2.5776  2.4635
 189  1.121890  3.6780  3.3800  0.7735  6.3539  5.6234  3.4094  2.8515  2.5323  2.4174
 190  1.122272  3.6775  3.3588  0.7926  6.3174  5.5854  3.3653  2.8058  2.4853  2.3694
 191  1.122650  3.6770  3.3370  0.8124  6.2792  5.5460  3.3193  2.7584  2.4364  2.3196
 192  1.123022  3.6763  3.3143  0.8330  6.2401  5.5055  3.2719  2.7093  2.3857  2.2679
 193  1.123387  3.6758  3.2907  0.8543  6.1997  5.4637  3.2227  2.6584  2.3332  2.2143
 194  1.123749  3.6751  3.2665  0.8761  6.1590  5.4215  3.1727  2.6065  2.2795  2.1596
 195  1.124104  3.6744  3.2412  0.8987  6.1175  5.3785  3.1209  2.5527  2.2238  2.1027
 196  1.124452  3.6737  3.2152  0.9219  6.0755  5.3350  3.0680  2.4975  2.1666  2.0443
 197  1.124793  3.6729  3.1881  0.9459  6.0331  5.2910  3.0137  2.4408  2.1076  1.9839
 198  1.125126  3.6720  3.1600  0.9707  5.9899  5.2462  2.9578  2.3823  2.0469  1.9217
 199  1.125451  3.6711  3.1312  0.9961  5.9462  5.2008  2.9007  2.3225  1.9845  1.8577
 200  1.125764  3.6701  3.1011  1.0223  5.9018  5.1549  2.8421  2.2608  1.9200  1.7917
 201  1.126072  3.6692  3.0704  1.0490  5.8573  5.1087  2.7826  2.1982  1.8545  1.7245
 202  1.126370  3.6681  3.0387  1.0766  5.8123  5.0621  2.7217  2.1340  1.7872  1.6554
 203  1.126657  3.6669  3.0061  1.1047  5.7670  5.0153  2.6597  2.0684  1.7184  1.5846
 204  1.126934  3.6658  2.9726  1.1335  5.7227  4.9693  2.5972  2.0019  1.6481  1.5124
 205  1.127202  3.6644  2.9382  1.1629  5.6785  4.9237  2.5336  1.9341  1.5765  1.4386
 206  1.127460  3.6631  2.9029  1.1927  5.6346  4.8782  2.4695  1.8655  1.5038  1.3636
 207  1.127708  3.6616  2.8670  1.2231  5.5907  4.8329  2.4044  1.7959  1.4298  1.2872
 208  1.127945  3.6601  2.8302  1.2540  5.5470  4.7878  2.3389  1.7255  1.3548  1.2097
 209  1.128172  3.6587  2.7928  1.2854  5.5039  4.7433  2.2728  1.6544  1.2789  1.1311
 210  1.128390  3.6571  2.7550  1.3171  5.4610  4.6991  2.2064  1.5829  1.2022  1.0517
 211  1.128601  3.6554  2.7164  1.3490  5.4187  4.6556  2.1399  1.5111  1.1249  0.9715
 212  1.128800  3.6537  2.6776  1.3813  5.3766  4.6125  2.0731  1.4389  1.0471  0.8907
 213  1.128983  3.6518  2.6333  1.4177  5.3310  4.5665  1.9997  1.3592  0.9599  0.8000
 214  1.129221  3.6496  2.5849  1.4575  5.2804  4.5161  1.9197  1.2724  0.8645  0.7004
 215  1.129516  3.6491  2.5678  1.4728  5.2543  4.4895  1.8852  1.2363  0.8270  0.6622
 216  1.129733  3.6509  2.6034  1.4447  5.2838  4.5178  1.9378  1.2946  0.8934  0.7321
 217  1.129760  3.6512  2.6088  1.4404  5.2886  4.5224  1.9460  1.3037  0.9037  0.7429
 218  1.129787  3.6515  2.6141  1.4361  5.2941  4.5279  1.9546  1.3130  0.9140  0.7536
 219  1.129816  3.6517  2.6187  1.4323  5.2993  4.5330  1.9624  1.3213  0.9232  0.7632
 220  1.129852  3.6518  2.6211  1.4304  5.3007  4.5342  1.9656  1.3250  0.9275  0.7678
 221  1.129896  3.6518  2.6188  1.4325  5.2971  4.5305  1.9608  1.3200  0.9224  0.7626
 222  1.129933  3.6515  2.6139  1.4366  5.2914  4.5249  1.9522  1.3106  0.9123  0.7522
 223  1.129968  3.6513  2.6083  1.4414  5.2854  4.5189  1.9426  1.3003  0.9011  0.7406
 224  1.129998  3.6510  2.6026  1.4460  5.2793  4.5128  1.9330  1.2899  0.8898  0.7288
 225  1.130028  3.6508  2.5969  1.4508  5.2732  4.5067  1.9233  1.2794  0.8784  0.7169
 226  1.130056  3.6505  2.5912  1.4556  5.2673  4.5008  1.9139  1.2691  0.8671  0.7052
 227  1.130381  3.6483  2.5414  1.4967  5.2153  4.4506  1.8319  1.1800  0.7689  0.6029
 228  1.130680  3.6448  2.4667  1.5573  5.1444  4.3810  1.7122  1.0492  0.6243  0.4517
 229  1.130940  3.6411  2.3901  1.6190  5.0748  4.3136  1.5927  0.9179  0.4777  0.2980
 230  1.131169  3.6374  2.3152  1.6792  5.0087  4.2512  1.4790  0.7927  0.3358  0.1485
 231  1.131369  3.6335  2.2408  1.7384  4.9439  4.1916  1.3686  0.6713  0.1962  0.0011
 232  1.131542  3.6298  2.1685  1.7959  4.8817  4.1359  1.2639  0.5560  0.0616 -0.1415
 233  1.131696  3.6261  2.0980  1.8516  4.8211  4.0831  1.1645  0.4465 -0.0682 -0.2798
 234  1.131831  3.6224  2.0293  1.9057  4.7617  4.0323  1.0699  0.3426 -0.1937 -0.4138
 235  1.131951  3.6187  1.9609  1.9591  4.7044  3.9847  0.9802  0.2444 -0.3164 -0.5459
 236  1.132058  3.6150  1.8937  2.0112  4.6486  3.9394  0.8954  0.1519 -0.4356 -0.6751
 237  1.132151  3.6112  1.8284  2.0616  4.5952  3.8965  0.8170  0.0666 -0.5497 -0.7996
 238  1.132236  3.6075  1.7633  2.1116  4.5418  3.8542  0.7423 -0.0140 -0.6623 -0.9231
 239  1.132310  3.6038  1.7005  2.1598  4.4911  3.8141  0.6732 -0.0876 -0.7702 -1.0422
 240  1.132378  3.6000  1.6380  2.2075  4.4411  3.7745  0.6085 -0.1555 -0.8761 -1.1602
 241  1.132438  3.5964  1.5764  2.2543  4.3920  3.7357  0.5490 -0.2171 -0.9787 -1.2756
 242  1.132492  3.5927  1.5170  2.2994  4.3437  3.6971  0.4949 -0.2725 -1.0767 -1.3865
 243  1.132542  3.5891  1.4578  2.3440  4.2968  3.6592  0.4471 -0.3201 -1.1720 -1.4959
 244  1.132586  3.5855  1.3997  2.3876  4.2530  3.6227  0.4058 -0.3595 -1.2638 -1.6025
 245  1.132626  3.5820  1.3432  2.4299  4.2135  3.5882  0.3715 -0.3890 -1.3516 -1.7061
 246  1.132663  3.5784  1.2875  2.4715  4.1763  3.5544  0.3440 -0.4104 -1.4362 -1.8074
 247  1.132696  3.5749  1.2332  2.5118  4.1418  3.5215  0.3241 -0.4225 -1.5163 -1.9052
 248  1.132727  3.5714  1.1796  2.5515  4.1104  3.4892  0.3125 -0.4249 -1.5931 -2.0008
 249  1.132755  3.5680  1.1273  2.5903  4.0830  3.4586  0.3091 -0.4190 -1.6655 -2.0930
 250  1.132780  3.5647  1.0765  2.6278  4.0595  3.4303  0.3124 -0.4078 -1.7329 -2.1812
 251  1.132804  3.5614  1.0261  2.6648  4.0413  3.4054  0.3240 -0.3921 -1.7956 -2.2661
 252  1.132825  3.5581  0.9767  2.7009  4.0292  3.3854  0.3465 -0.3703 -1.8521 -2.3465
 253  1.132845  3.5548  0.9285  2.7359  4.0213  3.3663  0.3821 -0.3348 -1.9022 -2.4224
 254  1.132863  3.5515  0.8813  2.7702  4.0179  3.3463  0.4325 -0.2800 -1.9462 -2.4944
 255  1.132880  3.5482  0.8347  2.8038  4.0201  3.3232  0.5156 -0.1790 -1.9807 -2.5629
 256  1.132896  3.5451  0.7896  2.8364  4.0257  3.2919  0.6136 -0.0561 -2.0075 -2.6260
 257  1.132910  3.5420  0.7451  2.8683  4.0346  3.2589  0.7267  0.0815 -2.0258 -2.6843
 258  1.132924  3.5389  0.7016  2.8993  4.0450  3.2247  0.8537  0.2273 -2.0344 -2.7370
 259  1.132936  3.5358  0.6590  2.9297  4.0567  3.1931  1.0021  0.3743 -2.0257 -2.7795
 260  1.132948  3.5328  0.6172  2.9594  4.0688  3.1636  1.1625  0.5171 -2.0044 -2.8139
 261  1.132959  3.5298  0.5765  2.9883  4.0822  3.1376  1.3258  0.6530 -1.9755 -2.8424
 262  1.132970  3.5268  0.5363  3.0166  4.0971  3.1162  1.4865  0.7780 -1.9412 -2.8660
 263  1.132979  3.5239  0.4967  3.0444  4.1121  3.1009  1.6200  0.8708 -1.9096 -2.8873
 264  1.132988  3.5209  0.4582  3.0712  4.1258  3.0967  1.7075  0.9125 -1.8870 -2.9078
 265  1.132997  3.5181  0.4206  3.0975  4.1392  3.0968  1.7798  0.9371 -1.8654 -2.9266
 266  1.133005  3.5153  0.3834  3.1234  4.1530  3.1005  1.8435  0.9525 -1.8433 -2.9431
 267  1.133013  3.5126  0.3474  3.1484  4.1659  3.1066  1.9005  0.9603 -1.8200 -2.9569
 268  1.133020  3.5097  0.3115  3.1729  4.1772  3.1111  1.9560  0.9712 -1.7953 -2.9683
 269  1.133026  3.5069  0.2760  3.1970  4.1880  3.1168  2.0072  0.9804 -1.7693 -2.9770
 270  1.133033  3.5041  0.2418  3.2203  4.1940  3.1198  2.0466  0.9822 -1.7494 -2.9876
 271  1.133039  3.5015  0.2082  3.2433  4.1979  3.1233  2.0778  0.9779 -1.7327 -2.9988
 272  1.133044  3.4988  0.1754  3.2656  4.2011  3.1297  2.0998  0.9659 -1.7191 -3.0100
 273  1.133050  3.4962  0.1429  3.2875  4.2047  3.1386  2.1225  0.9574 -1.7084 -3.0228
 274  1.133056  3.4936  0.1113  3.3088  4.2074  3.1490  2.1420  0.9493 -1.7010 -3.0371
 275  1.133061  3.4910  0.0801  3.3296  4.2100  3.1607  2.1586  0.9402 -1.6958 -3.0519
 276  1.133065  3.4886  0.0499  3.3498  4.2125  3.1736  2.1719  0.9297 -1.6933 -3.0675
 277  1.133070  3.4860  0.0203  3.3695  4.1739  3.0779  2.1375  0.8785 -1.7067 -3.0878
 278  1.133074  3.4837 -0.0079  3.3882  4.2025  3.1674  2.1761  0.8934 -1.6995 -3.1019
 279  1.133079  3.4817 -0.0312  3.4034  4.2430  3.2428  2.2012  0.8955 -1.6914 -3.1076
