#NUMBER OF AGES= 1
#----------------------------------------------------       
#MIX-LEN  Y      Z          Zeff        [Fe/H] [a/Fe]
# 1.9380  0.2925 2.9511E-02 2.9511E-02   0.28   0.00 
#----------------------------------------------------       
#**PHOTOMETRIC SYSTEM**: SkyMapper (AB)                     
#----------------------------------------------------       
#AGE= 9.000 EEPS=268
#EEP   M/Mo    LogTeff  LogG   LogL/Lo u       v       g       r       i       z
  12  0.123471  3.4976  5.1936 -2.7204 17.4040 16.9222 14.2031 13.2863 11.6590 11.0800
  13  0.148379  3.4980  5.1239 -2.5689 16.9879 16.4804 13.8149 12.9003 11.2817 10.7022
  14  0.176592  3.5012  5.0717 -2.4285 16.5581 16.0216 13.4147 12.5072 10.9191 10.3477
  15  0.199578  3.5048  5.0400 -2.3294 16.2346 15.6763 13.1133 12.2140 10.6569 10.0952
  16  0.217762  3.5072  5.0158 -2.2577 16.0056 15.4327 12.8997 12.0060 10.4687  9.9132
  17  0.234338  3.5094  4.9959 -2.1969 15.8107 15.2258 12.7173 11.8290 10.3091  9.7591
  18  0.250445  3.5115  4.9781 -2.1419 15.6346 15.0396 12.5520 11.6688 10.1641  9.6196
  19  0.269563  3.5140  4.9593 -2.0815 15.4416 14.8360 12.3703 11.4931 10.0051  9.4667
  20  0.288516  3.5163  4.9417 -2.0247 15.2599 14.6445 12.1990 11.3277  9.8553  9.3232
  21  0.301407  3.5177  4.9312 -1.9895 15.1483 14.5272 12.0932 11.2257  9.7627  9.2342
  22  0.309100  3.5187  4.9261 -1.9699 15.0857 14.4615 12.0335 11.1682  9.7109  9.1850
  23  0.314659  3.5193  4.9213 -1.9549 15.0389 14.4125 11.9892 11.1254  9.6717  9.1474
  24  0.318598  3.5197  4.9174 -1.9440 15.0046 14.3764 11.9567 11.0941  9.6430  9.1197
  25  0.321039  3.5196  4.9175 -1.9415 15.0009 14.3731 11.9526 11.0895  9.6374  9.1135
  26  0.323474  3.5203  4.9166 -1.9341 14.9714 14.3418 11.9248 11.0635  9.6163  9.0947
  27  0.325636  3.5205  4.9119 -1.9256 14.9465 14.3154 11.9015 11.0409  9.5948  9.0736
  28  0.327480  3.5209  4.9139 -1.9240 14.9387 14.3074 11.8935 11.0335  9.5895  9.0692
  29  0.330198  3.5211  4.9109 -1.9163 14.9150 14.2826 11.8711 11.0119  9.5695  9.0499
  30  0.333529  3.5215  4.9096 -1.9091 14.8910 14.2576 11.8481 10.9898  9.5500  9.0315
  31  0.339714  3.5222  4.9059 -1.8947 14.8453 14.2099 11.8045 10.9479  9.5121  8.9954
  32  0.367182  3.5264  4.8846 -1.8248 14.6179 13.9731 11.5837 10.7348  9.3266  8.8214
  33  0.479152  3.5467  4.7908 -1.5324 13.6663 12.9834 10.6563  9.8541  8.5456  8.0932
  34  0.498094  3.5518  4.7745 -1.4786 13.4901 12.8035 10.4745  9.6807  8.3988  7.9612
  35  0.513229  3.5562  4.7612 -1.4346 13.3461 12.6573 10.3223  9.5346  8.2780  7.8535
  36  0.526322  3.5603  4.7496 -1.3959 13.2191 12.5294 10.1852  9.4023  8.1718  7.7594
  37  0.538618  3.5643  4.7389 -1.3590 13.0980 12.4082 10.0516  9.2725  8.0711  7.6706
  38  0.550935  3.5685  4.7281 -1.3218 12.9754 12.2862  9.9138  9.1381  7.9691  7.5812
  39  0.564165  3.5730  4.7164 -1.2818 12.8440 12.1565  9.7637  8.9908  7.8589  7.4852
  40  0.578841  3.5782  4.7039 -1.2371 12.6954 12.0108  9.5911  8.8207  7.7349  7.3784
  41  0.594827  3.5843  4.6907 -1.1877 12.5253 11.8455  9.3909  8.6213  7.5961  7.2611
  42  0.611694  3.5912  4.6774 -1.1351 12.3386 11.6651  9.1677  8.3983  7.4459  7.1360
  43  0.628761  3.5983  4.6645 -1.0814 12.1517 11.4821  8.9413  8.1748  7.2933  7.0083
  44  0.645205  3.6056  4.6530 -1.0296 11.9667 11.3009  8.7199  7.9567  7.1462  6.8859
  45  0.659618  3.6121  4.6432 -0.9843 11.7965 11.1358  8.5239  7.7623  7.0186  6.7806
  46  0.673128  3.6183  4.6343 -0.9418 11.6378 10.9798  8.3446  7.5872  6.9009  6.6823
  47  0.687504  3.6252  4.6258 -0.8967 11.4593 10.8022  8.1513  7.4013  6.7748  6.5766
  48  0.703189  3.6329  4.6169 -0.8473 11.2443 10.5862  7.9384  7.2004  6.6370  6.4597
  49  0.719124  3.6407  4.6080 -0.7969 11.0082 10.3481  7.7231  7.0012  6.4964  6.3383
  50  0.733263  3.6478  4.6003 -0.7524 10.7881 10.1256  7.5371  6.8331  6.3730  6.2294
  51  0.745198  3.6537  4.5937 -0.7154 10.5963  9.9319  7.3856  6.6993  6.2709  6.1378
  52  0.752701  3.6573  4.5896 -0.6926 10.4751  9.8098  7.2935  6.6191  6.2084  6.0810
  53  0.759925  3.6607  4.5855 -0.6707 10.3574  9.6916  7.2065  6.5441  6.1491  6.0266
  54  0.766855  3.6639  4.5816 -0.6498 10.2434  9.5773  7.1241  6.4738  6.0926  5.9745
  55  0.773517  3.6670  4.5777 -0.6297 10.1341  9.4678  7.0461  6.4077  6.0388  5.9245
  56  0.779956  3.6701  4.5739 -0.6102 10.0278  9.3615  6.9713  6.3445  5.9868  5.8761
  57  0.786210  3.6730  4.5700 -0.5912  9.9235  9.2574  6.8988  6.2836  5.9363  5.8288
  58  0.792354  3.6759  4.5661 -0.5724  9.8202  9.1548  6.8281  6.2243  5.8867  5.7823
  59  0.798419  3.6787  4.5621 -0.5538  9.7171  9.0527  6.7584  6.1659  5.8376  5.7363
  60  0.804363  3.6814  4.5581 -0.5354  9.6157  8.9526  6.6904  6.1089  5.7894  5.6911
  61  0.810237  3.6842  4.5539 -0.5172  9.5161  8.8547  6.6239  6.0530  5.7419  5.6467
  62  0.816047  3.6868  4.5498 -0.4992  9.4182  8.7587  6.5584  5.9982  5.6951  5.6029
  63  0.821802  3.6895  4.5456 -0.4813  9.3221  8.6650  6.4942  5.9443  5.6489  5.5598
  64  0.827514  3.6921  4.5411 -0.4636  9.2272  8.5725  6.4312  5.8914  5.6033  5.5172
  65  0.833176  3.6946  4.5367 -0.4461  9.1341  8.4821  6.3698  5.8395  5.5585  5.4754
  66  0.838786  3.6971  4.5321 -0.4289  9.0431  8.3943  6.3099  5.7888  5.5143  5.4342
  67  0.844323  3.6994  4.5275 -0.4119  8.9546  8.3090  6.2516  5.7393  5.4711  5.3939
  68  0.849776  3.7018  4.5228 -0.3952  8.8682  8.2259  6.1948  5.6910  5.4287  5.3544
  69  0.855155  3.7040  4.5181 -0.3788  8.7830  8.1442  6.1393  5.6435  5.3871  5.3155
  70  0.860458  3.7062  4.5132 -0.3624  8.6995  8.0638  6.0850  5.5970  5.3463  5.2773
  71  0.865659  3.7083  4.5083 -0.3465  8.6179  7.9854  6.0322  5.5515  5.3062  5.2400
  72  0.870762  3.7103  4.5033 -0.3309  8.5382  7.9090  5.9808  5.5072  5.2670  5.2033
  73  0.875753  3.7123  4.4983 -0.3155  8.4609  7.8348  5.9307  5.4640  5.2287  5.1675
  74  0.880637  3.7142  4.4933 -0.3004  8.3856  7.7627  5.8822  5.4219  5.1913  5.1325
  75  0.885415  3.7160  4.4882 -0.2856  8.3126  7.6929  5.8350  5.3809  5.1547  5.0982
  76  0.890080  3.7178  4.4830 -0.2711  8.2415  7.6251  5.7892  5.3410  5.1190  5.0646
  77  0.894643  3.7195  4.4779 -0.2570  8.1729  7.5595  5.7447  5.3021  5.0841  5.0318
  78  0.899103  3.7211  4.4727 -0.2432  8.1064  7.4960  5.7015  5.2642  5.0497  4.9997
  79  0.903451  3.7226  4.4675 -0.2296  8.0424  7.4347  5.6598  5.2273  5.0163  4.9682
  80  0.907716  3.7241  4.4622 -0.2163  7.9801  7.3752  5.6190  5.1912  4.9835  4.9374
  81  0.911886  3.7256  4.4570 -0.2032  7.9199  7.3175  5.5794  5.1561  4.9515  4.9073
  82  0.915432  3.7268  4.4524 -0.1922  7.8692  7.2689  5.5458  5.1262  4.9243  4.8816
  83  0.918921  3.7280  4.4478 -0.1813  7.8196  7.2214  5.5130  5.0969  4.8975  4.8562
  84  0.922355  3.7291  4.4432 -0.1706  7.7713  7.1750  5.4808  5.0682  4.8711  4.8312
  85  0.925735  3.7302  4.4386 -0.1599  7.7239  7.1297  5.4494  5.0401  4.8452  4.8066
  86  0.929063  3.7312  4.4339 -0.1495  7.6778  7.0855  5.4185  5.0123  4.8198  4.7825
  87  0.932338  3.7323  4.4292 -0.1392  7.6327  7.0421  5.3883  4.9851  4.7946  4.7585
  88  0.935563  3.7332  4.4245 -0.1292  7.5888  7.0001  5.3586  4.9583  4.7699  4.7350
  89  0.938743  3.7342  4.4198 -0.1192  7.5461  6.9590  5.3296  4.9320  4.7456  4.7118
  90  0.941867  3.7351  4.4151 -0.1093  7.5044  6.9188  5.3010  4.9062  4.7216  4.6889
  91  0.944949  3.7360  4.4104 -0.0996  7.4636  6.8796  5.2730  4.8808  4.6980  4.6663
  92  0.947990  3.7369  4.4056 -0.0901  7.4241  6.8415  5.2455  4.8558  4.6748  4.6442
  93  0.950980  3.7377  4.4009 -0.0807  7.3855  6.8041  5.2185  4.8312  4.6519  4.6223
  94  0.953929  3.7384  4.3961 -0.0715  7.3480  6.7678  5.1919  4.8071  4.6294  4.6007
  95  0.956838  3.7392  4.3914 -0.0623  7.3115  6.7323  5.1659  4.7834  4.6072  4.5795
  96  0.959708  3.7399  4.3866 -0.0533  7.2758  6.6978  5.1404  4.7600  4.5854  4.5585
  97  0.962549  3.7406  4.3818 -0.0445  7.2410  6.6639  5.1153  4.7371  4.5639  4.5378
  98  0.965365  3.7413  4.3770 -0.0357  7.2071  6.6309  5.0907  4.7144  4.5426  4.5174
  99  0.968169  3.7420  4.3722 -0.0270  7.1739  6.5985  5.0664  4.6921  4.5216  4.4971
 100  0.970961  3.7426  4.3673 -0.0185  7.1415  6.5670  5.0424  4.6700  4.5007  4.4770
 101  0.973743  3.7432  4.3624 -0.0100  7.1100  6.5362  5.0189  4.6482  4.4801  4.4571
 102  0.976520  3.7437  4.3575 -0.0016  7.0791  6.5061  4.9956  4.6266  4.4597  4.4373
 103  0.979283  3.7443  4.3525  0.0067  7.0491  6.4766  4.9728  4.6054  4.4395  4.4178
 104  0.982026  3.7448  4.3476  0.0149  7.0199  6.4480  4.9503  4.5845  4.4195  4.3984
 105  0.984732  3.7452  4.3426  0.0230  6.9915  6.4201  4.9283  4.5638  4.3998  4.3793
 106  0.987373  3.7457  4.3376  0.0309  6.9639  6.3928  4.9066  4.5435  4.3805  4.3604
 107  0.989941  3.7461  4.3326  0.0387  6.9370  6.3665  4.8855  4.5237  4.3615  4.3419
 108  0.992417  3.7465  4.3277  0.0464  6.9110  6.3408  4.8649  4.5041  4.3427  4.3237
 109  0.994783  3.7469  4.3229  0.0538  6.8857  6.3157  4.8446  4.4851  4.3245  4.3059
 110  0.997046  3.7473  4.3181  0.0611  6.8607  6.2911  4.8248  4.4665  4.3066  4.2885
 111  0.999226  3.7476  4.3134  0.0683  6.8364  6.2670  4.8054  4.4483  4.2892  4.2715
 112  1.000907  3.7479  4.3097  0.0740  6.8173  6.2483  4.7902  4.4339  4.2754  4.2580
 113  1.002535  3.7482  4.3059  0.0795  6.7986  6.2298  4.7751  4.4197  4.2618  4.2447
 114  1.004117  3.7485  4.3021  0.0850  6.7805  6.2118  4.7604  4.4057  4.2483  4.2316
 115  1.005660  3.7487  4.2983  0.0905  6.7627  6.1942  4.7458  4.3919  4.2349  4.2185
 116  1.007173  3.7490  4.2945  0.0959  6.7452  6.1767  4.7313  4.3781  4.2216  4.2055
 117  1.008664  3.7492  4.2905  0.1013  6.7281  6.1598  4.7170  4.3645  4.2084  4.1925
 118  1.010147  3.7494  4.2866  0.1067  6.7112  6.1429  4.7028  4.3508  4.1952  4.1795
 119  1.011634  3.7496  4.2826  0.1121  6.6944  6.1261  4.6885  4.3372  4.1820  4.1665
 120  1.013134  3.7498  4.2786  0.1175  6.6779  6.1096  4.6743  4.3236  4.1686  4.1534
 121  1.014660  3.7499  4.2744  0.1230  6.6613  6.0930  4.6600  4.3098  4.1552  4.1402
 122  1.016196  3.7502  4.2703  0.1286  6.6441  6.0757  4.6454  4.2958  4.1416  4.1268
 123  1.017690  3.7504  4.2663  0.1342  6.6261  6.0579  4.6305  4.2815  4.1278  4.1132
 124  1.019183  3.7507  4.2623  0.1399  6.6080  6.0399  4.6155  4.2672  4.1140  4.0997
 125  1.020697  3.7508  4.2582  0.1455  6.5898  6.0217  4.6003  4.2528  4.1000  4.0860
 126  1.022238  3.7511  4.2539  0.1513  6.5715  6.0035  4.5850  4.2382  4.0859  4.0721
 127  1.023811  3.7514  4.2497  0.1571  6.5530  5.9852  4.5695  4.2234  4.0716  4.0581
 128  1.025420  3.7515  4.2453  0.1632  6.5344  5.9665  4.5537  4.2083  4.0569  4.0438
 129  1.027079  3.7518  4.2408  0.1693  6.5155  5.9476  4.5377  4.1930  4.0420  4.0290
 130  1.028781  3.7519  4.2359  0.1755  6.4968  5.9290  4.5215  4.1773  4.0267  4.0139
 131  1.030524  3.7521  4.2310  0.1818  6.4779  5.9099  4.5049  4.1612  4.0110  3.9984
 132  1.032308  3.7523  4.2260  0.1884  6.4586  5.8906  4.4879  4.1449  3.9949  3.9826
 133  1.034133  3.7524  4.2206  0.1951  6.4391  5.8710  4.4706  4.1280  3.9785  3.9662
 134  1.035998  3.7526  4.2151  0.2018  6.4197  5.8514  4.4530  4.1109  3.9615  3.9495
 135  1.037897  3.7527  4.2093  0.2090  6.4003  5.8317  4.4350  4.0933  3.9442  3.9322
 136  1.039827  3.7528  4.2033  0.2161  6.3804  5.8116  4.4167  4.0754  3.9264  3.9145
 137  1.041788  3.7529  4.1970  0.2234  6.3610  5.7918  4.3981  4.0570  3.9082  3.8963
 138  1.043768  3.7528  4.1904  0.2309  6.3415  5.7719  4.3792  4.0382  3.8895  3.8777
 139  1.045771  3.7528  4.1834  0.2386  6.3224  5.7523  4.3601  4.0192  3.8704  3.8586
 140  1.047799  3.7528  4.1763  0.2464  6.3036  5.7328  4.3406  3.9997  3.8509  3.8389
 141  1.049841  3.7527  4.1687  0.2544  6.2848  5.7133  4.3210  3.9799  3.8308  3.8188
 142  1.051879  3.7525  4.1610  0.2625  6.2663  5.6940  4.3011  3.9599  3.8106  3.7984
 143  1.053912  3.7523  4.1529  0.2706  6.2491  5.6759  4.2815  3.9398  3.7902  3.7777
 144  1.055910  3.7521  4.1448  0.2787  6.2320  5.6579  4.2619  3.9197  3.7697  3.7570
 145  1.057879  3.7518  4.1364  0.2868  6.2164  5.6411  4.2427  3.8999  3.7494  3.7363
 146  1.059811  3.7515  4.1279  0.2948  6.2011  5.6247  4.2238  3.8803  3.7291  3.7156
 147  1.061705  3.7512  4.1192  0.3027  6.1876  5.6100  4.2056  3.8611  3.7091  3.6951
 148  1.063558  3.7507  4.1104  0.3104  6.1751  5.5962  4.1878  3.8421  3.6893  3.6748
 149  1.065369  3.7502  4.1016  0.3179  6.1639  5.5836  4.1707  3.8238  3.6699  3.6547
 150  1.067145  3.7496  4.0925  0.3254  6.1543  5.5726  4.1542  3.8058  3.6508  3.6349
 151  1.068888  3.7489  4.0832  0.3327  6.1467  5.5633  4.1386  3.7884  3.6321  3.6154
 152  1.070602  3.7481  4.0739  0.3397  6.1405  5.5556  4.1238  3.7716  3.6138  3.5961
 153  1.072291  3.7473  4.0642  0.3465  6.1368  5.5501  4.1099  3.7554  3.5958  3.5770
 154  1.073967  3.7463  4.0543  0.3532  6.1358  5.5470  4.0970  3.7400  3.5783  3.5583
 155  1.075634  3.7451  4.0439  0.3596  6.1381  5.5469  4.0855  3.7252  3.5613  3.5398
 156  1.077306  3.7438  4.0331  0.3658  6.1445  5.5505  4.0754  3.7115  3.5449  3.5218
 157  1.078996  3.7421  4.0215  0.3715  6.1571  5.5598  4.0674  3.6991  3.5292  3.5041
 158  1.080714  3.7401  4.0091  0.3767  6.1776  5.5761  4.0621  3.6885  3.5147  3.4871
 159  1.082457  3.7377  3.9955  0.3810  6.2093  5.6027  4.0615  3.6810  3.5021  3.4714
 160  1.084154  3.7346  3.9810  0.3838  6.2546  5.6423  4.0674  3.6781  3.4928  3.4582
 161  1.085645  3.7312  3.9671  0.3847  6.3123  5.6938  4.0805  3.6812  3.4885  3.4495
 162  1.086857  3.7277  3.9550  0.3835  6.3764  5.7515  4.0990  3.6895  3.4895  3.4460
 163  1.088048  3.7237  3.9414  0.3812  6.4560  5.8235  4.1240  3.7026  3.4938  3.4450
 164  1.089218  3.7188  3.9262  0.3776  6.5521  5.9106  4.1560  3.7207  3.5018  3.4465
 165  1.090378  3.7135  3.9088  0.3740  6.6628  6.0109  4.1930  3.7417  3.5105  3.4481
 166  1.091544  3.7075  3.8876  0.3719  6.7811  6.1177  4.2300  3.7608  3.5160  3.4455
 167  1.092716  3.7017  3.8621  0.3744  6.8899  6.2145  4.2575  3.7704  3.5116  3.4329
 168  1.093827  3.6966  3.8335  0.3832  6.9641  6.2783  4.2658  3.7631  3.4919  3.4060
 169  1.094804  3.6929  3.8050  0.3971  7.0010  6.3078  4.2546  3.7400  3.4594  3.3681
 170  1.095653  3.6902  3.7779  0.4137  7.0126  6.3142  4.2305  3.7071  3.4195  3.3243
 171  1.096413  3.6882  3.7523  0.4318  7.0067  6.3045  4.1986  3.6688  3.3758  3.2778
 172  1.097112  3.6867  3.7277  0.4505  6.9899  6.2846  4.1617  3.6271  3.3301  3.2299
 173  1.097766  3.6855  3.7040  0.4697  6.9656  6.2575  4.1216  3.5831  3.2830  3.1810
 174  1.098387  3.6845  3.6807  0.4893  6.9358  6.2256  4.0792  3.5378  3.2351  3.1314
 175  1.098979  3.6837  3.6579  0.5090  6.9026  6.1903  4.0351  3.4913  3.1864  3.0815
 176  1.099554  3.6830  3.6354  0.5289  6.8662  6.1520  3.9898  3.4440  3.1374  3.0313
 177  1.100107  3.6824  3.6131  0.5490  6.8282  6.1122  3.9436  3.3962  3.0878  2.9808
 178  1.100642  3.6818  3.5908  0.5693  6.7890  6.0713  3.8967  3.3477  3.0379  2.9299
 179  1.101163  3.6812  3.5686  0.5896  6.7482  6.0289  3.8491  3.2988  2.9877  2.8788
 180  1.101667  3.6808  3.5466  0.6101  6.7062  5.9854  3.8009  3.2495  2.9372  2.8274
 181  1.102159  3.6804  3.5244  0.6305  6.6639  5.9416  3.7525  3.1998  2.8864  2.7759
 182  1.102530  3.6800  3.5074  0.6464  6.6306  5.9073  3.7148  3.1614  2.8472  2.7360
 183  1.102901  3.6797  3.4901  0.6626  6.5972  5.8728  3.6766  3.1224  2.8073  2.6955
 184  1.103271  3.6794  3.4722  0.6791  6.5628  5.8372  3.6374  3.0823  2.7663  2.6540
 185  1.103640  3.6789  3.4542  0.6959  6.5283  5.8018  3.5978  3.0417  2.7248  2.6118
 186  1.104006  3.6786  3.4352  0.7134  6.4933  5.7654  3.5569  2.9997  2.6817  2.5679
 187  1.104373  3.6781  3.4162  0.7309  6.4578  5.7288  3.5157  2.9575  2.6385  2.5241
 188  1.104737  3.6778  3.3965  0.7488  6.4220  5.6918  3.4736  2.9142  2.5941  2.4788
 189  1.105100  3.6773  3.3767  0.7671  6.3856  5.6542  3.4310  2.8705  2.5491  2.4331
 190  1.105457  3.6767  3.3557  0.7862  6.3488  5.6162  3.3868  2.8248  2.5020  2.3851
 191  1.105811  3.6762  3.3338  0.8061  6.3104  5.5763  3.3407  2.7771  2.4530  2.3352
 192  1.106158  3.6756  3.3111  0.8267  6.2709  5.5355  3.2930  2.7278  2.4021  2.2833
 193  1.106501  3.6751  3.2875  0.8480  6.2302  5.4935  3.2436  2.6767  2.3495  2.2296
 194  1.106838  3.6744  3.2631  0.8700  6.1889  5.4507  3.1930  2.6244  2.2953  2.1744
 195  1.107168  3.6737  3.2376  0.8929  6.1467  5.4070  3.1407  2.5700  2.2390  2.1169
 196  1.107493  3.6730  3.2114  0.9163  6.1043  5.3631  3.0873  2.5145  2.1815  2.0582
 197  1.107810  3.6722  3.1841  0.9405  6.0610  5.3183  3.0323  2.4570  2.1218  1.9971
 198  1.108119  3.6713  3.1558  0.9655  6.0173  5.2730  2.9760  2.3981  2.0605  1.9343
 199  1.108422  3.6705  3.1268  0.9910  5.9732  5.2273  2.9187  2.3379  1.9978  1.8702
 200  1.108714  3.6695  3.0965  1.0176  5.9283  5.1808  2.8594  2.2757  1.9329  1.8035
 201  1.109001  3.6685  3.0656  1.0445  5.8833  5.1341  2.7994  2.2126  1.8668  1.7357
 202  1.109278  3.6674  3.0337  1.0722  5.8379  5.0871  2.7382  2.1480  1.7991  1.6663
 203  1.109544  3.6662  3.0009  1.1006  5.7923  5.0400  2.6757  2.0820  1.7297  1.5950
 204  1.109803  3.6651  2.9672  1.1295  5.7477  4.9938  2.6127  2.0150  1.6591  1.5222
 205  1.110051  3.6637  2.9325  1.1590  5.7030  4.9477  2.5487  1.9468  1.5870  1.4479
 206  1.110291  3.6623  2.8971  1.1891  5.6585  4.9017  2.4841  1.8777  1.5137  1.3723
 207  1.110521  3.6609  2.8608  1.2198  5.6140  4.8558  2.4185  1.8075  1.4391  1.2954
 208  1.110741  3.6595  2.8239  1.2510  5.5700  4.8104  2.3524  1.7366  1.3636  1.2174
 209  1.110952  3.6579  2.7862  1.2825  5.5262  4.7653  2.2859  1.6651  1.2871  1.1381
 210  1.111155  3.6563  2.7480  1.3144  5.4828  4.7206  2.2190  1.5931  1.2099  1.0583
 211  1.111351  3.6547  2.7093  1.3466  5.4402  4.6769  2.1521  1.5208  1.1322  0.9776
 212  1.111537  3.6530  2.6704  1.3791  5.3977  4.6333  2.0851  1.4484  1.0540  0.8965
 213  1.111711  3.6510  2.6244  1.4168  5.3501  4.5857  2.0091  1.3659  0.9636  0.8023
 214  1.111970  3.6489  2.5785  1.4546  5.3017  4.5374  1.9329  1.2835  0.8730  0.7078
 215  1.112217  3.6497  2.5881  1.4484  5.3004  4.5352  1.9403  1.2933  0.8867  0.7231
 216  1.112414  3.6517  2.6284  1.4158  5.3398  4.5736  2.0041  1.3628  0.9644  0.8046
 217  1.112445  3.6516  2.6266  1.4174  5.3366  4.5702  2.0001  1.3587  0.9603  0.8004
 218  1.112474  3.6515  2.6241  1.4197  5.3328  4.5665  1.9951  1.3535  0.9548  0.7948
 219  1.112503  3.6515  2.6216  1.4219  5.3290  4.5626  1.9900  1.3482  0.9494  0.7891
 220  1.112536  3.6514  2.6184  1.4248  5.3238  4.5574  1.9835  1.3414  0.9423  0.7820
 221  1.112573  3.6512  2.6136  1.4289  5.3180  4.5515  1.9748  1.3321  0.9324  0.7718
 222  1.112608  3.6510  2.6079  1.4336  5.3118  4.5453  1.9650  1.3216  0.9210  0.7598
 223  1.112640  3.6507  2.6019  1.4386  5.3055  4.5390  1.9550  1.3107  0.9091  0.7475
 224  1.112670  3.6504  2.5959  1.4436  5.2992  4.5328  1.9451  1.2999  0.8972  0.7352
 225  1.112699  3.6502  2.5900  1.4485  5.2929  4.5266  1.9351  1.2890  0.8855  0.7230
 226  1.112728  3.6499  2.5840  1.4534  5.2868  4.5205  1.9252  1.2782  0.8738  0.7107
 227  1.113026  3.6476  2.5327  1.4958  5.2328  4.4684  1.8405  1.1863  0.7724  0.6051
 228  1.113299  3.6440  2.4558  1.5581  5.1605  4.3974  1.7180  1.0523  0.6240  0.4499
 229  1.113538  3.6402  2.3787  1.6203  5.0903  4.3297  1.5981  0.9207  0.4766  0.2951
 230  1.113746  3.6365  2.3042  1.6801  5.0241  4.2675  1.4852  0.7965  0.3355  0.1465
 231  1.113928  3.6327  2.2298  1.7394  4.9589  4.2077  1.3750  0.6752  0.1958 -0.0012
 232  1.114086  3.6290  2.1576  1.7967  4.8966  4.1522  1.2710  0.5607  0.0617 -0.1433
 233  1.114226  3.6253  2.0873  1.8522  4.8358  4.0993  1.1722  0.4521 -0.0676 -0.2811
 234  1.114349  3.6216  2.0181  1.9067  4.7757  4.0481  1.0773  0.3480 -0.1938 -0.4161
 235  1.114458  3.6179  1.9502  1.9596  4.7188  4.0010  0.9890  0.2514 -0.3152 -0.5470
 236  1.114554  3.6140  1.8828  2.0119  4.6625  3.9552  0.9045  0.1594 -0.4347 -0.6764
 237  1.114639  3.6104  1.8174  2.0624  4.6088  3.9123  0.8266  0.0749 -0.5489 -0.8012
 238  1.114716  3.6065  1.7521  2.1126  4.5551  3.8696  0.7523 -0.0051 -0.6616 -0.9252
 239  1.114784  3.6028  1.6890  2.1609  4.5043  3.8292  0.6840 -0.0776 -0.7695 -1.0447
 240  1.114846  3.5992  1.6267  2.2084  4.4543  3.7896  0.6203 -0.1442 -0.8750 -1.1623
 241  1.114901  3.5954  1.5652  2.2552  4.4049  3.7504  0.5616 -0.2047 -0.9773 -1.2775
 242  1.114950  3.5919  1.5055  2.3004  4.3566  3.7115  0.5086 -0.2586 -1.0752 -1.3886
 243  1.114996  3.5882  1.4462  2.3452  4.3099  3.6733  0.4620 -0.3047 -1.1703 -1.4981
 244  1.115035  3.5845  1.3881  2.3887  4.2669  3.6371  0.4221 -0.3419 -1.2617 -1.6046
 245  1.115073  3.5810  1.3313  2.4311  4.2276  3.6024  0.3895 -0.3695 -1.3493 -1.7083
 246  1.115105  3.5775  1.2759  2.4725  4.1911  3.5688  0.3639 -0.3887 -1.4328 -1.8089
 247  1.115136  3.5739  1.2214  2.5129  4.1570  3.5357  0.3462 -0.3984 -1.5125 -1.9067
 248  1.115163  3.5704  1.1679  2.5527  4.1264  3.5034  0.3365 -0.3985 -1.5887 -2.0021
 249  1.115188  3.5671  1.1155  2.5914  4.0998  3.4730  0.3358 -0.3900 -1.6601 -2.0939
 250  1.115212  3.5637  1.0644  2.6290  4.0775  3.4449  0.3418 -0.3766 -1.7266 -2.1818
 251  1.115232  3.5603  1.0144  2.6659  4.0610  3.4216  0.3561 -0.3601 -1.7876 -2.2655
 252  1.115252  3.5570  0.9648  2.7020  4.0499  3.4017  0.3822 -0.3348 -1.8428 -2.3452
 253  1.115270  3.5537  0.9165  2.7371  4.0432  3.3824  0.4224 -0.2942 -1.8909 -2.4202
 254  1.115286  3.5504  0.8691  2.7714  4.0410  3.3616  0.4783 -0.2329 -1.9331 -2.4917
 255  1.115302  3.5472  0.8227  2.8049  4.0447  3.3357  0.5712 -0.1174 -1.9647 -2.5589
 256  1.115316  3.5441  0.7775  2.8375  4.0511  3.3036  0.6739  0.0103 -1.9892 -2.6211
 257  1.115330  3.5409  0.7330  2.8693  4.0605  3.2703  0.7907  0.1505 -2.0049 -2.6781
 258  1.115342  3.5378  0.6893  2.9005  4.0717  3.2363  0.9226  0.2984 -2.0103 -2.7290
 259  1.115353  3.5347  0.6468  2.9308  4.0833  3.2055  1.0779  0.4437 -1.9955 -2.7681
 260  1.115364  3.5317  0.6050  2.9605  4.0958  3.1770  1.2409  0.5856 -1.9712 -2.8008
 261  1.115374  3.5287  0.5641  2.9894  4.1096  3.1520  1.4046  0.7187 -1.9402 -2.8277
 262  1.115383  3.5257  0.5239  3.0177  4.1247  3.1314  1.5624  0.8394 -1.9053 -2.8505
 263  1.115392  3.5227  0.4843  3.0454  4.1393  3.1210  1.6764  0.9101 -1.8777 -2.8719
 264  1.115400  3.5199  0.4458  3.0723  4.1525  3.1183  1.7573  0.9443 -1.8560 -2.8921
 265  1.115408  3.5170  0.4080  3.0986  4.1662  3.1200  1.8264  0.9650 -1.8342 -2.9102
 266  1.115415  3.5141  0.3710  3.1244  4.1797  3.1246  1.8871  0.9771 -1.8122 -2.9263
 267  1.115422  3.5114  0.3348  3.1494  4.1920  3.1308  1.9427  0.9836 -1.7886 -2.9395
 268  1.115429  3.5085  0.2986  3.1741  4.2035  3.1356  1.9987  0.9963 -1.7625 -2.9494
 269  1.115435  3.5056  0.2634  3.1980  4.2123  3.1401  2.0454  1.0025 -1.7389 -2.9591
 270  1.115441  3.5030  0.2291  3.2214  4.2174  3.1432  2.0817  1.0017 -1.7203 -2.9702
 271  1.115446  3.5002  0.1956  3.2443  4.2208  3.1474  2.1095  0.9947 -1.7049 -2.9815
 272  1.115451  3.4976  0.1625  3.2666  4.2238  3.1549  2.1299  0.9818 -1.6928 -2.9936
 273  1.115456  3.4949  0.1301  3.2884  4.2271  3.1647  2.1525  0.9747 -1.6835 -3.0074
 274  1.115462  3.4924  0.0983  3.3097  4.2298  3.1758  2.1707  0.9660 -1.6773 -3.0222
 275  1.115466  3.4897  0.0672  3.3306  4.2323  3.1881  2.1860  0.9563 -1.6733 -3.0376
 276  1.115470  3.4872  0.0369  3.3508  4.2349  3.2016  2.1982  0.9450 -1.6719 -3.0536
 277  1.115474  3.4848  0.0073  3.3704  4.2104  3.1526  2.1822  0.9115 -1.6812 -3.0738
 278  1.115478  3.4823 -0.0210  3.3890  4.2512  3.2403  2.2147  0.9175 -1.6725 -3.0836
 279  1.115466  3.4802 -0.0445  3.4041  4.2912  3.3147  2.2381  0.9175 -1.6649 -3.0891
