#NUMBER OF AGES= 1
#----------------------------------------------------       
#MIX-LEN  Y      Z          Zeff        [Fe/H] [a/Fe]
# 1.9380  0.2714 1.7313E-02 1.7313E-02   0.03   0.00 
#----------------------------------------------------       
#**PHOTOMETRIC SYSTEM**: SDSS (AB)                          
#----------------------------------------------------       
#AGE= 9.500 EEPS=268
#EEP   M/Mo    LogTeff  LogG   LogL/Lo sdss_u  sdss_g  sdss_r  sdss_i  sdss_z
  12  0.119773  3.5060  5.2310 -2.7374 17.7643 14.6235 13.1165 11.8657 11.1528
  13  0.141135  3.5063  5.1608 -2.5948 17.3472 14.2531 12.7558 11.5092 10.7971
  14  0.169577  3.5091  5.0989 -2.4420 16.8490 13.8159 12.3351 11.1132 10.4131
  15  0.195534  3.5137  5.0616 -2.3248 16.4220 13.4434 11.9818 10.7964 10.1160
  16  0.213875  3.5164  5.0367 -2.2495 16.1540 13.2074 11.7581 10.5942  9.9260
  17  0.229191  3.5188  5.0176 -2.1910 15.9450 13.0223 11.5828 10.4364  9.7783
  18  0.244104  3.5210  5.0005 -2.1376 15.7554 12.8532 11.4229 10.2923  9.6435
  19  0.262867  3.5237  4.9812 -2.0757 15.5394 12.6584 11.2386 10.1257  9.4874
  20  0.282841  3.5264  4.9630 -2.0149 15.3285 12.4665 11.0572  9.9619  9.3339
  21  0.297609  3.5283  4.9495 -1.9712 15.1790 12.3299 10.9280  9.8448  9.2244
  22  0.305835  3.5294  4.9408 -1.9466 15.0958 12.2537 10.8559  9.7790  9.1623
  23  0.311728  3.5301  4.9349 -1.9296 15.0388 12.2014 10.8061  9.7335  9.1194
  24  0.316087  3.5306  4.9305 -1.9171 14.9972 12.1630 10.7699  9.7002  9.0881
  25  0.319564  3.5311  4.9263 -1.9060 14.9595 12.1285 10.7375  9.6707  9.0604
  26  0.322259  3.5313  4.9232 -1.8985 14.9360 12.1067 10.7165  9.6511  9.0415
  27  0.324706  3.5316  4.9216 -1.8922 14.9145 12.0868 10.6976  9.6342  9.0259
  28  0.327413  3.5319  4.9183 -1.8841 14.8880 12.0622 10.6745  9.6128  9.0056
  29  0.330806  3.5324  4.9163 -1.8759 14.8602 12.0363 10.6499  9.5908  8.9852
  30  0.335371  3.5329  4.9137 -1.8652 14.8236 12.0024 10.6177  9.5619  8.9581
  31  0.342055  3.5337  4.9105 -1.8503 14.7723 11.9544 10.5722  9.5213  8.9206
  32  0.433125  3.5486  4.8372 -1.6136 13.9526 11.1800  9.8398  8.8755  8.3294
  33  0.435557  3.5501  4.8314 -1.6013 13.9098 11.1313  9.7862  8.8372  8.3006
  34  0.463660  3.5561  4.8044 -1.5224 13.6392 10.8675  9.5357  8.6173  8.1043
  35  0.480651  3.5603  4.7865 -1.4720 13.4676 10.6941  9.3679  8.4771  7.9812
  36  0.495512  3.5644  4.7712 -1.4275 13.3150 10.5372  9.2154  8.3529  7.8730
  37  0.508017  3.5680  4.7588 -1.3894 13.1844 10.4010  9.0826  8.2464  7.7813
  38  0.518647  3.5714  4.7482 -1.3564 13.0709 10.2814  8.9657  8.1530  7.7017
  39  0.529184  3.5749  4.7380 -1.3233 12.9567 10.1595  8.8462  8.0582  7.6218
  40  0.541412  3.5792  4.7264 -1.2845 12.8230 10.0152  8.7043  7.9469  7.5289
  41  0.556392  3.5847  4.7124 -1.2367 12.6557  9.8334  8.5240  7.8085  7.4154
  42  0.572737  3.5911  4.6975 -1.1837 12.4703  9.6298  8.3236  7.6549  7.2902
  43  0.589180  3.5979  4.6832 -1.1301 12.2911  9.4264  8.1308  7.5022  7.1626
  44  0.604698  3.6045  4.6703 -1.0794 12.1164  9.2297  7.9464  7.3572  7.0427
  45  0.619764  3.6115  4.6588 -1.0295 11.9314  9.0275  7.7566  7.2124  6.9265
  46  0.635209  3.6190  4.6480 -0.9779 11.7406  8.8167  7.5631  7.0634  6.8057
  47  0.650847  3.6268  4.6378 -0.9257 11.5321  8.5974  7.3683  6.9126  6.6824
  48  0.665362  3.6345  4.6290 -0.8770 11.3089  8.3840  7.1872  6.7715  6.5661
  49  0.678793  3.6417  4.6215 -0.8317 11.0753  8.1842  7.0229  6.6411  6.4564
  50  0.691392  3.6485  4.6146 -0.7894 10.8383  7.9963  6.8738  6.5200  6.3518
  51  0.703375  3.6551  4.6080 -0.7492 10.6005  7.8186  6.7367  6.4064  6.2514
  52  0.709500  3.6584  4.6049 -0.7287 10.4723  7.7274  6.6680  6.3488  6.1997
  53  0.715619  3.6619  4.6017 -0.7080 10.3422  7.6362  6.5999  6.2914  6.1481
  54  0.721743  3.6654  4.5984 -0.6873 10.2124  7.5458  6.5326  6.2342  6.0962
  55  0.727852  3.6688  4.5951 -0.6667 10.0841  7.4565  6.4665  6.1775  6.0446
  56  0.733961  3.6721  4.5915 -0.6462  9.9571  7.3687  6.4013  6.1214  5.9933
  57  0.740071  3.6753  4.5879 -0.6257  9.8314  7.2830  6.3374  6.0660  5.9424
  58  0.746175  3.6786  4.5840 -0.6054  9.7072  7.1991  6.2745  6.0113  5.8922
  59  0.752228  3.6817  4.5801 -0.5853  9.5849  7.1169  6.2128  5.9572  5.8425
  60  0.758234  3.6849  4.5760 -0.5653  9.4640  7.0361  6.1521  5.9041  5.7936
  61  0.764177  3.6879  4.5718 -0.5456  9.3469  6.9577  6.0929  5.8520  5.7458
  62  0.770054  3.6909  4.5676 -0.5260  9.2338  6.8814  6.0351  5.8010  5.6988
  63  0.775877  3.6938  4.5633 -0.5070  9.1281  6.8079  5.9788  5.7510  5.6527
  64  0.781619  3.6965  4.5588 -0.4882  9.0273  6.7370  5.9243  5.7022  5.6078
  65  0.787280  3.6992  4.5544 -0.4698  8.9296  6.6685  5.8713  5.6547  5.5641
  66  0.792880  3.7018  4.5499 -0.4520  8.8322  6.6024  5.8198  5.6084  5.5215
  67  0.798416  3.7044  4.5454 -0.4343  8.7352  6.5383  5.7697  5.5634  5.4801
  68  0.803914  3.7068  4.5409 -0.4171  8.6400  6.4760  5.7209  5.5194  5.4395
  69  0.809349  3.7092  4.5362 -0.4002  8.5473  6.4156  5.6734  5.4766  5.4000
  70  0.814714  3.7114  4.5316 -0.3836  8.4578  6.3569  5.6271  5.4347  5.3612
  71  0.819995  3.7136  4.5269 -0.3673  8.3709  6.2999  5.5819  5.3937  5.3232
  72  0.825175  3.7158  4.5221 -0.3513  8.2867  6.2445  5.5378  5.3537  5.2861
  73  0.830232  3.7178  4.5172 -0.3356  8.2049  6.1906  5.4947  5.3144  5.2495
  74  0.835175  3.7198  4.5124 -0.3201  8.1257  6.1381  5.4526  5.2760  5.2137
  75  0.839992  3.7218  4.5074 -0.3049  8.0485  6.0869  5.4113  5.2380  5.1783
  76  0.844667  3.7236  4.5023 -0.2899  7.9736  6.0372  5.3707  5.2009  5.1436
  77  0.849214  3.7254  4.4972 -0.2751  7.9004  5.9888  5.3312  5.1642  5.1095
  78  0.853641  3.7272  4.4920 -0.2607  7.8290  5.9418  5.2924  5.1283  5.0759
  79  0.857973  3.7289  4.4867 -0.2464  7.7594  5.8961  5.2544  5.0930  5.0427
  80  0.862192  3.7305  4.4813 -0.2324  7.6919  5.8516  5.2172  5.0584  5.0101
  81  0.866336  3.7321  4.4759 -0.2186  7.6261  5.8079  5.1807  5.0244  4.9780
  82  0.870442  3.7337  4.4705 -0.2048  7.5617  5.7647  5.1445  4.9906  4.9462
  83  0.874475  3.7351  4.4649 -0.1913  7.4994  5.7222  5.1091  4.9575  4.9150
  84  0.878439  3.7365  4.4593 -0.1780  7.4394  5.6805  5.0743  4.9250  4.8842
  85  0.882338  3.7380  4.4535 -0.1648  7.3809  5.6396  5.0399  4.8931  4.8539
  86  0.886175  3.7393  4.4478 -0.1518  7.3243  5.5997  5.0063  4.8616  4.8240
  87  0.889947  3.7405  4.4420 -0.1391  7.2691  5.5604  4.9733  4.8306  4.7947
  88  0.893662  3.7418  4.4363 -0.1264  7.2157  5.5221  4.9408  4.8003  4.7658
  89  0.897314  3.7430  4.4304 -0.1141  7.1639  5.4846  4.9090  4.7704  4.7374
  90  0.900884  3.7441  4.4245 -0.1019  7.1138  5.4481  4.8777  4.7409  4.7093
  91  0.904379  3.7453  4.4186 -0.0900  7.0652  5.4123  4.8471  4.7120  4.6818
  92  0.907799  3.7463  4.4126 -0.0783  7.0181  5.3775  4.8171  4.6838  4.6547
  93  0.911142  3.7473  4.4067 -0.0667  6.9723  5.3435  4.7877  4.6559  4.6281
  94  0.914411  3.7482  4.4009 -0.0554  6.9280  5.3103  4.7590  4.6287  4.6020
  95  0.917606  3.7491  4.3949 -0.0445  6.8850  5.2779  4.7309  4.6019  4.5763
  96  0.920730  3.7501  4.3890 -0.0335  6.8434  5.2463  4.7033  4.5757  4.5512
  97  0.923793  3.7509  4.3831 -0.0228  6.8027  5.2155  4.6762  4.5498  4.5263
  98  0.926792  3.7517  4.3773 -0.0124  6.7631  5.1853  4.6495  4.5245  4.5020
  99  0.929737  3.7524  4.3713 -0.0020  6.7247  5.1559  4.6235  4.4996  4.4778
 100  0.932631  3.7531  4.3654  0.0081  6.6871  5.1270  4.5979  4.4751  4.4543
 101  0.935481  3.7538  4.3594  0.0180  6.6510  5.0988  4.5727  4.4510  4.4309
 102  0.938296  3.7544  4.3536  0.0279  6.6157  5.0712  4.5480  4.4271  4.4078
 103  0.941077  3.7550  4.3476  0.0375  6.5813  5.0442  4.5237  4.4037  4.3850
 104  0.943826  3.7556  4.3416  0.0471  6.5480  5.0176  4.4996  4.3805  4.3625
 105  0.946559  3.7561  4.3356  0.0566  6.5152  4.9915  4.4759  4.3576  4.3402
 106  0.949275  3.7566  4.3296  0.0658  6.4836  4.9658  4.4525  4.3350  4.3181
 107  0.951966  3.7571  4.3234  0.0751  6.4528  4.9406  4.4295  4.3126  4.2963
 108  0.954615  3.7575  4.3173  0.0842  6.4228  4.9159  4.4067  4.2904  4.2746
 109  0.957193  3.7579  4.3112  0.0931  6.3936  4.8915  4.3842  4.2685  4.2532
 110  0.959657  3.7585  4.3052  0.1020  6.3649  4.8676  4.3620  4.2471  4.2322
 111  0.962044  3.7589  4.2991  0.1107  6.3368  4.8441  4.3402  4.2259  4.2115
 112  0.963515  3.7590  4.2952  0.1161  6.3194  4.8293  4.3266  4.2126  4.1984
 113  0.964984  3.7592  4.2913  0.1215  6.3020  4.8146  4.3129  4.1992  4.1852
 114  0.966450  3.7595  4.2873  0.1271  6.2844  4.7995  4.2991  4.1857  4.1720
 115  0.967914  3.7597  4.2833  0.1327  6.2669  4.7846  4.2851  4.1720  4.1586
 116  0.969376  3.7599  4.2791  0.1384  6.2495  4.7695  4.2709  4.1582  4.1451
 117  0.970838  3.7601  4.2749  0.1441  6.2321  4.7544  4.2567  4.1443  4.1314
 118  0.972301  3.7603  4.2706  0.1497  6.2146  4.7392  4.2425  4.1304  4.1176
 119  0.973770  3.7605  4.2662  0.1555  6.1971  4.7239  4.2281  4.1162  4.1036
 120  0.975248  3.7607  4.2618  0.1614  6.1795  4.7085  4.2135  4.1020  4.0896
 121  0.976731  3.7609  4.2573  0.1672  6.1620  4.6928  4.1988  4.0875  4.0754
 122  0.978220  3.7610  4.2527  0.1732  6.1445  4.6773  4.1840  4.0730  4.0610
 123  0.979674  3.7612  4.2480  0.1793  6.1264  4.6612  4.1688  4.0581  4.0463
 124  0.981141  3.7614  4.2433  0.1853  6.1082  4.6452  4.1537  4.0432  4.0316
 125  0.982617  3.7616  4.2386  0.1914  6.0900  4.6291  4.1385  4.0282  4.0168
 126  0.984097  3.7618  4.2338  0.1975  6.0720  4.6130  4.1231  4.0132  4.0020
 127  0.985583  3.7619  4.2288  0.2037  6.0542  4.5968  4.1078  3.9980  3.9870
 128  0.987068  3.7620  4.2239  0.2099  6.0365  4.5807  4.0923  3.9829  3.9719
 129  0.988552  3.7621  4.2187  0.2161  6.0189  4.5647  4.0768  3.9675  3.9567
 130  0.990034  3.7622  4.2135  0.2224  6.0018  4.5486  4.0614  3.9521  3.9414
 131  0.991512  3.7623  4.2082  0.2286  5.9848  4.5326  4.0458  3.9367  3.9260
 132  0.992981  3.7623  4.2028  0.2348  5.9682  4.5168  4.0302  3.9212  3.9106
 133  0.994442  3.7624  4.1973  0.2410  5.9518  4.5010  4.0146  3.9056  3.8950
 134  0.995894  3.7624  4.1917  0.2473  5.9356  4.4851  3.9990  3.8900  3.8795
 135  0.997335  3.7624  4.1861  0.2536  5.9193  4.4692  3.9833  3.8744  3.8638
 136  0.998771  3.7624  4.1802  0.2600  5.9038  4.4536  3.9676  3.8586  3.8480
 137  1.000195  3.7623  4.1744  0.2663  5.8883  4.4380  3.9519  3.8429  3.8322
 138  1.001610  3.7622  4.1683  0.2726  5.8733  4.4225  3.9362  3.8270  3.8162
 139  1.003013  3.7621  4.1622  0.2789  5.8584  4.4070  3.9205  3.8111  3.8002
 140  1.004409  3.7620  4.1561  0.2853  5.8440  4.3917  3.9048  3.7952  3.7841
 141  1.005794  3.7618  4.1497  0.2916  5.8295  4.3764  3.8890  3.7792  3.7679
 142  1.007174  3.7617  4.1433  0.2979  5.8159  4.3613  3.8733  3.7632  3.7517
 143  1.008541  3.7615  4.1367  0.3043  5.8021  4.3461  3.8575  3.7471  3.7353
 144  1.009906  3.7613  4.1300  0.3107  5.7890  4.3312  3.8417  3.7310  3.7189
 145  1.011265  3.7611  4.1233  0.3170  5.7761  4.3163  3.8260  3.7149  3.7025
 146  1.012621  3.7608  4.1163  0.3234  5.7640  4.3017  3.8101  3.6986  3.6858
 147  1.013976  3.7604  4.1091  0.3299  5.7526  4.2873  3.7943  3.6822  3.6690
 148  1.015328  3.7600  4.1017  0.3363  5.7419  4.2730  3.7785  3.6658  3.6521
 149  1.016683  3.7596  4.0939  0.3426  5.7321  4.2590  3.7627  3.6493  3.6350
 150  1.018043  3.7589  4.0860  0.3491  5.7232  4.2453  3.7469  3.6326  3.6177
 151  1.019411  3.7583  4.0777  0.3555  5.7157  4.2318  3.7311  3.6159  3.6002
 152  1.020794  3.7576  4.0691  0.3620  5.7088  4.2186  3.7154  3.5990  3.5826
 153  1.022193  3.7568  4.0599  0.3684  5.7048  4.2058  3.6995  3.5820  3.5646
 154  1.023612  3.7560  4.0504  0.3749  5.7027  4.1934  3.6837  3.5649  3.5465
 155  1.025067  3.7549  4.0401  0.3814  5.7035  4.1817  3.6680  3.5476  3.5280
 156  1.026565  3.7536  4.0291  0.3878  5.7078  4.1710  3.6525  3.5304  3.5092
 157  1.028124  3.7519  4.0169  0.3941  5.7182  4.1620  3.6375  3.5131  3.4901
 158  1.029767  3.7499  4.0030  0.4003  5.7364  4.1558  3.6235  3.4962  3.4707
 159  1.031514  3.7470  3.9873  0.4057  5.7654  4.1559  3.6119  3.4801  3.4513
 160  1.033279  3.7434  3.9695  0.4096  5.8127  4.1653  3.6054  3.4676  3.4341
 161  1.034827  3.7392  3.9517  0.4110  5.8770  4.1844  3.6059  3.4613  3.4222
 162  1.035998  3.7351  3.9374  0.4099  5.9461  4.2090  3.6129  3.4616  3.4175
 163  1.037155  3.7305  3.9208  0.4081  6.0329  4.2410  3.6232  3.4639  3.4137
 164  1.038297  3.7249  3.9019  0.4055  6.1379  4.2808  3.6373  3.4686  3.4110
 165  1.039440  3.7188  3.8793  0.4041  6.2553  4.3229  3.6511  3.4719  3.4060
 166  1.040593  3.7125  3.8521  0.4063  6.3705  4.3588  3.6575  3.4669  3.3922
 167  1.041690  3.7070  3.8221  0.4149  6.4588  4.3753  3.6480  3.4470  3.3645
 168  1.042654  3.7029  3.7920  0.4289  6.5078  4.3695  3.6230  3.4142  3.3258
 169  1.043500  3.6999  3.7639  0.4455  6.5233  4.3489  3.5890  3.3746  3.2817
 170  1.044264  3.6977  3.7377  0.4634  6.5159  4.3195  3.5498  3.3315  3.2351
 171  1.044972  3.6962  3.7128  0.4821  6.4970  4.2845  3.5078  3.2863  3.1872
 172  1.045641  3.6949  3.6888  0.5012  6.4711  4.2461  3.4638  3.2399  3.1386
 173  1.046286  3.6938  3.6656  0.5206  6.4405  4.2054  3.4186  3.1926  3.0897
 174  1.046910  3.6929  3.6429  0.5400  6.4063  4.1630  3.3725  3.1448  3.0404
 175  1.047521  3.6922  3.6206  0.5596  6.3698  4.1194  3.3258  3.0966  2.9910
 176  1.048122  3.6916  3.5987  0.5791  6.3316  4.0749  3.2787  3.0483  2.9417
 177  1.048717  3.6910  3.5773  0.5988  6.2921  4.0297  3.2313  2.9999  2.8922
 178  1.049305  3.6905  3.5558  0.6185  6.2520  3.9842  3.1838  2.9514  2.8429
 179  1.049888  3.6901  3.5347  0.6380  6.2111  3.9383  3.1363  2.9028  2.7936
 180  1.050467  3.6897  3.5136  0.6577  6.1697  3.8923  3.0885  2.8542  2.7443
 181  1.051037  3.6893  3.4925  0.6774  6.1280  3.8460  3.0407  2.8054  2.6949
 182  1.051410  3.6890  3.4786  0.6903  6.1006  3.8157  3.0093  2.7735  2.6624
 183  1.051785  3.6887  3.4647  0.7033  6.0728  3.7851  2.9775  2.7412  2.6297
 184  1.052159  3.6884  3.4506  0.7166  6.0445  3.7538  2.9453  2.7083  2.5964
 185  1.052534  3.6882  3.4361  0.7300  6.0160  3.7223  2.9126  2.6752  2.5628
 186  1.052908  3.6878  3.4213  0.7439  5.9871  3.6899  2.8790  2.6409  2.5280
 187  1.053281  3.6875  3.4056  0.7585  5.9559  3.6555  2.8434  2.6047  2.4912
 188  1.053649  3.6872  3.3892  0.7738  5.9237  3.6196  2.8063  2.5669  2.4529
 189  1.054013  3.6870  3.3717  0.7901  5.8890  3.5812  2.7664  2.5264  2.4119
 190  1.054369  3.6865  3.3527  0.8078  5.8526  3.5401  2.7237  2.4828  2.3675
 191  1.054723  3.6861  3.3329  0.8259  5.8156  3.4979  2.6796  2.4379  2.3219
 192  1.055069  3.6856  3.3117  0.8453  5.7767  3.4531  2.6328  2.3900  2.2733
 193  1.055407  3.6851  3.2890  0.8659  5.7362  3.4057  2.5830  2.3390  2.2214
 194  1.055740  3.6845  3.2657  0.8872  5.6942  3.3567  2.5317  2.2864  2.1678
 195  1.056063  3.6839  3.2410  0.9096  5.6512  3.3056  2.4779  2.2313  2.1117
 196  1.056380  3.6832  3.2153  0.9327  5.6071  3.2531  2.4223  2.1744  2.0536
 197  1.056691  3.6825  3.1889  0.9565  5.5626  3.1993  2.3654  2.1159  1.9938
 198  1.056993  3.6817  3.1610  0.9812  5.5178  3.1439  2.3064  2.0552  1.9318
 199  1.057286  3.6808  3.1324  1.0066  5.4720  3.0871  2.2457  1.9927  1.8678
 200  1.057573  3.6799  3.1029  1.0327  5.4262  3.0292  2.1837  1.9286  1.8023
 201  1.057850  3.6791  3.0724  1.0595  5.3800  2.9699  2.1200  1.8629  1.7349
 202  1.058118  3.6781  3.0409  1.0870  5.3337  2.9095  2.0547  1.7954  1.6657
 203  1.058378  3.6770  3.0087  1.1152  5.2869  2.8479  1.9882  1.7264  1.5950
 204  1.058629  3.6758  2.9756  1.1438  5.2414  2.7860  1.9206  1.6563  1.5228
 205  1.058868  3.6746  2.9414  1.1732  5.1965  2.7232  1.8518  1.5846  1.4491
 206  1.059099  3.6733  2.9064  1.2033  5.1516  2.6595  1.7817  1.5117  1.3740
 207  1.059321  3.6720  2.8707  1.2336  5.1069  2.5953  1.7109  1.4376  1.2976
 208  1.059532  3.6706  2.8343  1.2645  5.0626  2.5302  1.6390  1.3626  1.2200
 209  1.059736  3.6691  2.7972  1.2959  5.0186  2.4647  1.5664  1.2865  1.1415
 210  1.059930  3.6676  2.7595  1.3276  4.9754  2.3991  1.4932  1.2097  1.0619
 211  1.060118  3.6661  2.7213  1.3597  4.9328  2.3329  1.4193  1.1320  0.9816
 212  1.060299  3.6645  2.6831  1.3918  4.8912  2.2671  1.3457  1.0546  0.9014
 213  1.060476  3.6631  2.6478  1.4214  4.8536  2.2061  1.2769  0.9828  0.8272
 214  1.060624  3.6615  2.6109  1.4521  4.8167  2.1440  1.2063  0.9087  0.7505
 215  1.060791  3.6590  2.5543  1.4986  4.7664  2.0536  1.1027  0.7978  0.6346
 216  1.061038  3.6567  2.5012  1.5425  4.7181  1.9681  1.0049  0.6931  0.5254
 217  1.061063  3.6567  2.5019  1.5421  4.7170  1.9682  1.0055  0.6939  0.5262
 218  1.061087  3.6569  2.5039  1.5406  4.7168  1.9703  1.0083  0.6972  0.5297
 219  1.061110  3.6571  2.5067  1.5386  4.7171  1.9735  1.0126  0.7020  0.5349
 220  1.061132  3.6572  2.5102  1.5359  4.7183  1.9779  1.0182  0.7081  0.5414
 221  1.061154  3.6575  2.5141  1.5329  4.7200  1.9833  1.0247  0.7152  0.5489
 222  1.061176  3.6577  2.5186  1.5293  4.7229  1.9899  1.0326  0.7237  0.5579
 223  1.061196  3.6580  2.5240  1.5250  4.7267  1.9979  1.0421  0.7340  0.5686
 224  1.061211  3.6583  2.5299  1.5203  4.7310  2.0069  1.0526  0.7453  0.5805
 225  1.061223  3.6585  2.5361  1.5153  4.7355  2.0163  1.0636  0.7570  0.5927
 226  1.061233  3.6588  2.5425  1.5101  4.7403  2.0261  1.0752  0.7694  0.6057
 227  1.061486  3.6619  2.5988  1.4659  4.7717  2.1059  1.1715  0.8738  0.7157
 228  1.061773  3.6584  2.5217  1.5294  4.7016  1.9804  1.0277  0.7214  0.5570
 229  1.062026  3.6548  2.4435  1.5933  4.6388  1.8580  0.8852  0.5692  0.3982
 230  1.062241  3.6512  2.3698  1.6529  4.5845  1.7459  0.7533  0.4278  0.2502
 231  1.062434  3.6477  2.2971  1.7114  4.5356  1.6382  0.6253  0.2898  0.1053
 232  1.062601  3.6442  2.2256  1.7688  4.4918  1.5346  0.5012  0.1551 -0.0362
 233  1.062748  3.6406  2.1553  1.8248  4.4532  1.4355  0.3816  0.0244 -0.1743
 234  1.062879  3.6370  2.0855  1.8800  4.4188  1.3399  0.2650 -0.1040 -0.3103
 235  1.062993  3.6334  2.0183  1.9332  4.3884  1.2494  0.1544 -0.2267 -0.4409
 236  1.063093  3.6297  1.9515  1.9854  4.3638  1.1634  0.0483 -0.3463 -0.5688
 237  1.063184  3.6261  1.8854  2.0369  4.3417  1.0805 -0.0543 -0.4632 -0.6949
 238  1.063264  3.6225  1.8208  2.0870  4.3213  1.0016 -0.1519 -0.5760 -0.8172
 239  1.063336  3.6188  1.7569  2.1363  4.3025  0.9264 -0.2454 -0.6859 -0.9376
 240  1.063402  3.6152  1.6944  2.1845  4.2849  0.8554 -0.3337 -0.7920 -1.0550
 241  1.063458  3.6116  1.6333  2.2314  4.2680  0.7880 -0.4172 -0.8944 -1.1692
 242  1.063510  3.6081  1.5735  2.2772  4.2516  0.7245 -0.4953 -0.9930 -1.2805
 243  1.063557  3.6048  1.5151  2.3219  4.2363  0.6649 -0.5680 -1.0881 -1.3893
 244  1.063599  3.6012  1.4572  2.3658  4.2254  0.6115 -0.6338 -1.1796 -1.4962
 245  1.063637  3.5978  1.4004  2.4088  4.2133  0.5615 -0.6955 -1.2682 -1.6007
 246  1.063672  3.5943  1.3449  2.4507  4.1992  0.5154 -0.7531 -1.3530 -1.7017
 247  1.063703  3.5911  1.2907  2.4916  4.1814  0.4716 -0.8093 -1.4352 -1.7995
 248  1.063731  3.5878  1.2377  2.5315  4.1624  0.4314 -0.8603 -1.5141 -1.8947
 249  1.063758  3.5844  1.1855  2.5706  4.1434  0.3954 -0.9042 -1.5899 -1.9881
 250  1.063782  3.5812  1.1342  2.6088  4.1247  0.3638 -0.9382 -1.6624 -2.0797
 251  1.063803  3.5779  1.0841  2.6461  4.1056  0.3358 -0.9633 -1.7314 -2.1690
 252  1.063824  3.5748  1.0348  2.6826  4.0866  0.3117 -0.9817 -1.7975 -2.2565
 253  1.063843  3.5716  0.9869  2.7179  4.0685  0.2926 -0.9945 -1.8595 -2.3406
 254  1.063861  3.5685  0.9396  2.7527  4.0514  0.2767 -1.0045 -1.9187 -2.4231
 255  1.063876  3.5653  0.8931  2.7865  4.0386  0.2646 -1.0142 -1.9752 -2.5033
 256  1.063891  3.5623  0.8476  2.8198  4.0280  0.2581 -1.0178 -2.0279 -2.5809
 257  1.063904  3.5592  0.8030  2.8521  4.0197  0.2582 -1.0131 -2.0765 -2.6555
 258  1.063917  3.5562  0.7596  2.8836  4.0177  0.2596 -1.0080 -2.1238 -2.7279
 259  1.063928  3.5532  0.7167  2.9144  4.0147  0.2673 -0.9863 -2.1684 -2.7992
 260  1.063939  3.5503  0.6751  2.9443  4.0089  0.2833 -0.9478 -2.2080 -2.8670
 261  1.063950  3.5473  0.6340  2.9737  3.9985  0.3120 -0.8846 -2.2408 -2.9316
 262  1.063960  3.5445  0.5938  3.0025  3.9724  0.3672 -0.7608 -2.2611 -2.9921
 263  1.063969  3.5417  0.5545  3.0305  3.9369  0.4397 -0.6056 -2.2708 -3.0465
 264  1.063977  3.5389  0.5158  3.0580  3.8988  0.5258 -0.4334 -2.2721 -3.0954
 265  1.063985  3.5361  0.4782  3.0847  3.8603  0.6390 -0.2262 -2.2586 -3.1367
 266  1.063992  3.5335  0.4411  3.1109  3.8278  0.7723 -0.0122 -2.2320 -3.1685
 267  1.063999  3.5308  0.4049  3.1364  3.8036  0.9153  0.1848 -2.1978 -3.1919
 268  1.064006  3.5281  0.3696  3.1613  3.7835  1.0523  0.3538 -2.1644 -3.2123
 269  1.064012  3.5255  0.3345  3.1857  3.7686  1.1832  0.4938 -2.1311 -3.2290
 270  1.064019  3.5229  0.3004  3.2096  3.7580  1.3016  0.5995 -2.1014 -3.2439
 271  1.064023  3.5204  0.2671  3.2327  3.7542  1.3978  0.6547 -2.0806 -3.2595
 272  1.064030  3.5177  0.2337  3.2555  3.7600  1.4854  0.6735 -2.0605 -3.2721
 273  1.064035  3.5151  0.2011  3.2777  3.7679  1.5602  0.6696 -2.0440 -3.2844
 274  1.064039  3.5126  0.1695  3.2995  3.7755  1.6230  0.6509 -2.0314 -3.2974
 275  1.064044  3.5103  0.1387  3.3206  3.7840  1.6801  0.6250 -2.0185 -3.3091
 276  1.064048  3.5079  0.1084  3.3411  3.7998  1.7355  0.6029 -2.0033 -3.3194
 277  1.064052  3.5055  0.0791  3.3612  3.8134  1.7856  0.5917 -1.9867 -3.3291
 278  1.064056  3.5032  0.0509  3.3803  3.8010  1.8196  0.5749 -1.9753 -3.3410
 279  1.064055  3.5013  0.0264  3.3970  3.7878  1.8451  0.5592 -1.9661 -3.3519
