#NUMBER OF AGES= 1
#----------------------------------------------------       
#MIX-LEN  Y      Z          Zeff        [Fe/H] [a/Fe]
# 1.9380  0.2925 2.9511E-02 2.9511E-02   0.28   0.00 
#----------------------------------------------------       
#**PHOTOMETRIC SYSTEM**: SkyMapper (AB)                     
#----------------------------------------------------       
#AGE=10.000 EEPS=268
#EEP   M/Mo    LogTeff  LogG   LogL/Lo u       v       g       r       i       z
  12  0.113843  3.4975  5.2259 -2.7878 17.5843 17.1132 14.3714 13.4541 11.8254 11.2475
  13  0.136128  3.4976  5.1550 -2.6390 17.1834 16.6882 13.9974 13.0814 11.4573 10.8774
  14  0.162140  3.4992  5.0944 -2.4963 16.7726 16.2508 13.6146 12.7027 11.0962 10.5195
  15  0.186177  3.5027  5.0565 -2.3842 16.4142 15.8676 13.2809 12.3769 10.8024 10.2352
  16  0.204983  3.5055  5.0305 -2.3054 16.1587 15.5952 13.0428 12.1453 10.5943 10.0344
  17  0.221437  3.5077  5.0089 -2.2415 15.9544 15.3780 12.8521 11.9597 10.4266  9.8722
  18  0.237179  3.5098  4.9902 -2.1845 15.7718 15.1845 12.6812 11.7938 10.2767  9.7276
  19  0.253315  3.5118  4.9726 -2.1300 15.5977 15.0004 12.5177 11.6355 10.1333  9.5895
  20  0.273204  3.5144  4.9530 -2.0673 15.3969 14.7885 12.3286 11.4528  9.9679  9.4308
  21  0.291693  3.5166  4.9357 -2.0129 15.2248 14.6072 12.1660 11.2957  9.8251  9.2935
  22  0.303145  3.5180  4.9278 -1.9829 15.1282 14.5059 12.0743 11.2074  9.7455  9.2177
  23  0.310441  3.5188  4.9225 -1.9639 15.0679 14.4427 12.0170 11.1522  9.6955  9.1699
  24  0.315592  3.5194  4.9183 -1.9502 15.0248 14.3974 11.9761 11.1127  9.6596  9.1354
  25  0.318842  3.5194  4.9178 -1.9453 15.0130 14.3855 11.9643 11.1009  9.6476  9.1233
  26  0.321666  3.5201  4.9167 -1.9373 14.9821 14.3529 11.9351 11.0735  9.6250  9.1028
  27  0.323933  3.5203  4.9122 -1.9289 14.9570 14.3263 11.9116 11.0507  9.6034  9.0816
  28  0.325732  3.5206  4.9139 -1.9271 14.9487 14.3179 11.9033 11.0430  9.5977  9.0769
  29  0.328049  3.5209  4.9111 -1.9202 14.9277 14.2957 11.8834 11.0237  9.5799  9.0597
  30  0.330717  3.5212  4.9099 -1.9141 14.9077 14.2749 11.8643 11.0053  9.5637  9.0444
  31  0.335275  3.5218  4.9068 -1.9031 14.8729 14.2385 11.8311 10.9735  9.5348  9.0168
  32  0.342666  3.5226  4.9023 -1.8859 14.8181 14.1812 11.7787 10.9230  9.4892  8.9734
  33  0.460668  3.5417  4.8053 -1.5818 13.8295 13.1495 10.8267 10.0165  8.6803  8.2136
  34  0.475597  3.5459  4.7917 -1.5394 13.6904 13.0078 10.6810  9.8776  8.5650  8.1105
  35  0.495196  3.5511  4.7747 -1.4839 13.5083 12.8217 10.4938  9.6991  8.4135  7.9740
  36  0.510771  3.5557  4.7609 -1.4386 13.3602 12.6713 10.3378  9.5496  8.2893  7.8631
  37  0.524381  3.5599  4.7489 -1.3982 13.2282 12.5383 10.1957  9.4125  8.1788  7.7651
  38  0.536824  3.5640  4.7379 -1.3608 13.1054 12.4153 10.0604  9.2813  8.0765  7.6748
  39  0.549086  3.5681  4.7270 -1.3236 12.9830 12.2935  9.9229  9.1471  7.9745  7.5853
  40  0.561889  3.5725  4.7157 -1.2845 12.8546 12.1665  9.7761  9.0032  7.8669  7.4916
  41  0.575932  3.5775  4.7033 -1.2415 12.7121 12.0267  9.6109  8.8405  7.7477  7.3888
  42  0.591050  3.5833  4.6905 -1.1947 12.5520 11.8709  9.4229  8.6535  7.6163  7.2772
  43  0.606759  3.5895  4.6776 -1.1453 12.3779 11.7026  9.2155  8.4462  7.4760  7.1602
  44  0.622630  3.5962  4.6653 -1.0949 12.2015 11.5307  9.0023  8.2349  7.3326  7.0404
  45  0.638009  3.6030  4.6539 -1.0458 12.0291 11.3613  8.7944  8.0304  7.1934  6.9240
  46  0.652497  3.6095  4.6438 -0.9997 11.8583 11.1954  8.5947  7.8325  7.0628  6.8161
  47  0.665354  3.6155  4.6350 -0.9587 11.7036 11.0446  8.4186  7.6588  6.9482  6.7212
  48  0.677875  3.6213  4.6269 -0.9190 11.5523 10.8949  8.2502  7.4958  6.8375  6.6285
  49  0.690749  3.6277  4.6191 -0.8778 11.3842 10.7269  8.0743  7.3279  6.7231  6.5320
  50  0.704051  3.6342  4.6112 -0.8353 11.1954 10.5368  7.8919  7.1566  6.6045  6.4308
  51  0.717066  3.6408  4.6037 -0.7934 10.9983 10.3377  7.7137  6.9921  6.4878  6.3297
  52  0.725094  3.6449  4.5991 -0.7677 10.8722 10.2103  7.6055  6.8937  6.4162  6.2669
  53  0.733054  3.6490  4.5945 -0.7422 10.7442 10.0810  7.5000  6.7993  6.3458  6.2044
  54  0.740754  3.6528  4.5901 -0.7179 10.6178  9.9534  7.3999  6.7108  6.2784  6.1439
  55  0.748022  3.6564  4.5858 -0.6951 10.4983  9.8329  7.3084  6.6308  6.2162  6.0874
  56  0.754947  3.6597  4.5817 -0.6737 10.3830  9.7170  7.2226  6.5568  6.1577  6.0339
  57  0.761562  3.6629  4.5778 -0.6531 10.2719  9.6055  7.1419  6.4877  6.1024  5.9829
  58  0.767891  3.6659  4.5739 -0.6336 10.1654  9.4987  7.0656  6.4229  6.0498  5.9341
  59  0.773964  3.6689  4.5702 -0.6147 10.0622  9.3955  6.9927  6.3613  5.9993  5.8871
  60  0.779836  3.6716  4.5662 -0.5965  9.9630  9.2964  6.9233  6.3028  5.9508  5.8417
  61  0.785576  3.6743  4.5624 -0.5786  9.8647  9.1984  6.8553  6.2458  5.9032  5.7971
  62  0.791240  3.6770  4.5585 -0.5607  9.7670  9.1016  6.7889  6.1900  5.8564  5.7532
  63  0.796871  3.6797  4.5545 -0.5429  9.6694  9.0049  6.7230  6.1346  5.8097  5.7094
  64  0.802443  3.6824  4.5503 -0.5253  9.5725  8.9094  6.6581  6.0802  5.7634  5.6660
  65  0.807942  3.6849  4.5461 -0.5078  9.4777  8.8164  6.5945  6.0267  5.7178  5.6233
  66  0.813386  3.6874  4.5418 -0.4904  9.3841  8.7248  6.5317  5.9741  5.6727  5.5811
  67  0.818792  3.6900  4.5375 -0.4731  9.2920  8.6349  6.4701  5.9222  5.6281  5.5395
  68  0.824150  3.6924  4.5330 -0.4560  9.2011  8.5462  6.4097  5.8713  5.5842  5.4984
  69  0.829450  3.6948  4.5285 -0.4391  9.1120  8.4598  6.3507  5.8214  5.5409  5.4579
  70  0.834699  3.6971  4.5238 -0.4224  9.0248  8.3757  6.2930  5.7725  5.4983  5.4181
  71  0.839871  3.6994  4.5191 -0.4060  8.9400  8.2939  6.2369  5.7248  5.4566  5.3792
  72  0.844950  3.7016  4.5144 -0.3899  8.8575  8.2145  6.1825  5.6783  5.4157  5.3410
  73  0.849937  3.7037  4.5095 -0.3741  8.7767  8.1368  6.1295  5.6329  5.3758  5.3037
  74  0.854855  3.7057  4.5046 -0.3585  8.6974  8.0605  6.0777  5.5884  5.3366  5.2671
  75  0.859687  3.7077  4.4997 -0.3432  8.6196  7.9858  6.0271  5.5448  5.2981  5.2310
  76  0.864421  3.7096  4.4948 -0.3282  8.5439  7.9131  5.9779  5.5022  5.2604  5.1958
  77  0.869073  3.7115  4.4897 -0.3133  8.4701  7.8422  5.9298  5.4606  5.2234  5.1611
  78  0.873631  3.7133  4.4846 -0.2988  8.3983  7.7733  5.8831  5.4201  5.1873  5.1272
  79  0.878085  3.7150  4.4794 -0.2845  8.3286  7.7065  5.8377  5.3805  5.1519  5.0941
  80  0.882445  3.7167  4.4742 -0.2705  8.2608  7.6416  5.7935  5.3419  5.1173  5.0615
  81  0.886704  3.7183  4.4690 -0.2568  8.1949  7.5787  5.7505  5.3042  5.0834  5.0296
  82  0.890427  3.7196  4.4643 -0.2448  8.1376  7.5238  5.7131  5.2714  5.0536  5.0017
  83  0.894068  3.7210  4.4596 -0.2330  8.0823  7.4709  5.6768  5.2393  5.0246  4.9743
  84  0.897631  3.7223  4.4549 -0.2215  8.0286  7.4194  5.6414  5.2079  4.9960  4.9473
  85  0.901117  3.7235  4.4501 -0.2101  7.9765  7.3695  5.6068  5.1772  4.9680  4.9210
  86  0.904536  3.7247  4.4454 -0.1990  7.9259  7.3209  5.5731  5.1473  4.9406  4.8951
  87  0.907890  3.7258  4.4406 -0.1880  7.8766  7.2736  5.5402  5.1178  4.9137  4.8696
  88  0.911181  3.7269  4.4359 -0.1773  7.8286  7.2275  5.5079  5.0890  4.8873  4.8445
  89  0.914420  3.7280  4.4311 -0.1667  7.7819  7.1827  5.4764  5.0607  4.8613  4.8199
  90  0.917602  3.7290  4.4262 -0.1563  7.7363  7.1389  5.4455  5.0330  4.8357  4.7956
  91  0.920733  3.7299  4.4214 -0.1461  7.6917  7.0961  5.4154  5.0057  4.8106  4.7716
  92  0.923819  3.7309  4.4166 -0.1359  7.6483  7.0543  5.3858  4.9790  4.7858  4.7480
  93  0.926851  3.7318  4.4117 -0.1260  7.6060  7.0135  5.3567  4.9526  4.7614  4.7248
  94  0.929839  3.7328  4.4068 -0.1162  7.5647  6.9738  5.3283  4.9269  4.7374  4.7018
  95  0.932783  3.7336  4.4019 -0.1064  7.5244  6.9350  5.3004  4.9014  4.7138  4.6792
  96  0.935682  3.7344  4.3970 -0.0970  7.4852  6.8972  5.2730  4.8765  4.6905  4.6568
  97  0.938547  3.7352  4.3921 -0.0876  7.4470  6.8601  5.2461  4.8519  4.6676  4.6349
  98  0.941375  3.7359  4.3872 -0.0783  7.4097  6.8242  5.2197  4.8278  4.6449  4.6132
  99  0.944174  3.7367  4.3823 -0.0692  7.3733  6.7890  5.1937  4.8040  4.6226  4.5918
 100  0.946946  3.7373  4.3773 -0.0602  7.3381  6.7547  5.1683  4.7807  4.6007  4.5706
 101  0.949689  3.7381  4.3723 -0.0512  7.3038  6.7213  5.1433  4.7576  4.5790  4.5498
 102  0.952417  3.7387  4.3673 -0.0425  7.2703  6.6886  5.1187  4.7349  4.5576  4.5291
 103  0.955125  3.7392  4.3623 -0.0339  7.2379  6.6570  5.0945  4.7126  4.5365  4.5087
 104  0.957817  3.7398  4.3572 -0.0254  7.2063  6.6261  5.0707  4.6906  4.5157  4.4885
 105  0.960484  3.7403  4.3521 -0.0169  7.1754  6.5959  5.0474  4.6689  4.4950  4.4685
 106  0.963112  3.7408  4.3470 -0.0086  7.1455  6.5666  5.0246  4.6475  4.4748  4.4489
 107  0.965691  3.7414  4.3418 -0.0003  7.1163  6.5380  5.0020  4.6265  4.4547  4.4294
 108  0.968210  3.7417  4.3367  0.0078  7.0879  6.5100  4.9799  4.6057  4.4348  4.4101
 109  0.970641  3.7423  4.3315  0.0157  7.0600  6.4826  4.9582  4.5853  4.4153  4.3911
 110  0.972978  3.7427  4.3265  0.0236  7.0325  6.4556  4.9367  4.5653  4.3961  4.3724
 111  0.975244  3.7430  4.3214  0.0313  7.0055  6.4290  4.9157  4.5455  4.3773  4.3540
 112  0.976908  3.7434  4.3177  0.0370  6.9857  6.4094  4.9001  4.5308  4.3632  4.3404
 113  0.978572  3.7437  4.3138  0.0429  6.9658  6.3899  4.8844  4.5160  4.3490  4.3265
 114  0.980236  3.7440  4.3099  0.0487  6.9459  6.3702  4.8686  4.5010  4.3347  4.3125
 115  0.981896  3.7443  4.3059  0.0546  6.9260  6.3507  4.8526  4.4861  4.3202  4.2984
 116  0.983558  3.7445  4.3018  0.0605  6.9062  6.3310  4.8366  4.4709  4.3056  4.2842
 117  0.985214  3.7448  4.2977  0.0666  6.8864  6.3115  4.8205  4.4557  4.2910  4.2699
 118  0.986868  3.7451  4.2934  0.0726  6.8667  6.2919  4.8044  4.4404  4.2762  4.2553
 119  0.988518  3.7454  4.2892  0.0786  6.8470  6.2723  4.7882  4.4250  4.2614  4.2408
 120  0.990162  3.7455  4.2847  0.0847  6.8276  6.2530  4.7721  4.4096  4.2464  4.2261
 121  0.991804  3.7458  4.2802  0.0908  6.8083  6.2339  4.7559  4.3942  4.2314  4.2114
 122  0.993419  3.7461  4.2758  0.0969  6.7887  6.2143  4.7395  4.3785  4.2163  4.1966
 123  0.994999  3.7464  4.2712  0.1032  6.7684  6.1943  4.7229  4.3627  4.2010  4.1816
 124  0.996588  3.7466  4.2668  0.1095  6.7484  6.1744  4.7063  4.3469  4.1857  4.1666
 125  0.998177  3.7469  4.2622  0.1157  6.7285  6.1546  4.6898  4.3311  4.1704  4.1516
 126  0.999747  3.7470  4.2576  0.1219  6.7092  6.1353  4.6733  4.3154  4.1552  4.1367
 127  1.001298  3.7473  4.2530  0.1280  6.6903  6.1164  4.6573  4.2999  4.1402  4.1218
 128  1.002826  3.7475  4.2483  0.1341  6.6718  6.0979  4.6413  4.2846  4.1252  4.1071
 129  1.004338  3.7476  4.2438  0.1402  6.6533  6.0794  4.6254  4.2694  4.1103  4.0924
 130  1.005840  3.7478  4.2389  0.1462  6.6356  6.0616  4.6098  4.2542  4.0955  4.0778
 131  1.007331  3.7480  4.2341  0.1522  6.6182  6.0441  4.5942  4.2391  4.0806  4.0631
 132  1.008813  3.7481  4.2293  0.1582  6.6006  6.0264  4.5785  4.2239  4.0657  4.0484
 133  1.010295  3.7482  4.2244  0.1643  6.5835  6.0091  4.5630  4.2088  4.0508  4.0336
 134  1.011779  3.7484  4.2193  0.1704  6.5666  5.9920  4.5475  4.1935  4.0359  4.0187
 135  1.013265  3.7484  4.2143  0.1764  6.5496  5.9748  4.5318  4.1783  4.0208  4.0036
 136  1.014758  3.7485  4.2091  0.1826  6.5326  5.9576  4.5160  4.1629  4.0055  3.9885
 137  1.016262  3.7485  4.2038  0.1888  6.5160  5.9408  4.5003  4.1474  3.9901  3.9732
 138  1.017776  3.7486  4.1983  0.1950  6.4994  5.9238  4.4844  4.1317  3.9745  3.9577
 139  1.019305  3.7486  4.1927  0.2014  6.4830  5.9071  4.4685  4.1158  3.9588  3.9420
 140  1.020848  3.7487  4.1870  0.2078  6.4666  5.8903  4.4524  4.0999  3.9428  3.9260
 141  1.022407  3.7485  4.1811  0.2142  6.4507  5.8739  4.4363  4.0837  3.9266  3.9098
 142  1.023975  3.7486  4.1751  0.2208  6.4341  5.8569  4.4198  4.0674  3.9102  3.8933
 143  1.025569  3.7485  4.1686  0.2275  6.4191  5.8413  4.4036  4.0510  3.8936  3.8765
 144  1.027166  3.7484  4.1623  0.2342  6.4033  5.8249  4.3871  4.0342  3.8768  3.8596
 145  1.028782  3.7482  4.1554  0.2411  6.3890  5.8099  4.3707  4.0174  3.8596  3.8422
 146  1.030408  3.7480  4.1484  0.2479  6.3744  5.7946  4.3540  4.0005  3.8423  3.8246
 147  1.032046  3.7477  4.1411  0.2549  6.3611  5.7803  4.3377  3.9835  3.8246  3.8066
 148  1.033692  3.7474  4.1335  0.2618  6.3483  5.7665  4.3212  3.9662  3.8068  3.7884
 149  1.035347  3.7471  4.1256  0.2689  6.3363  5.7534  4.3049  3.9489  3.7888  3.7700
 150  1.037009  3.7466  4.1174  0.2761  6.3254  5.7413  4.2887  3.9317  3.7706  3.7512
 151  1.038679  3.7461  4.1088  0.2833  6.3156  5.7301  4.2726  3.9143  3.7522  3.7321
 152  1.040358  3.7455  4.0998  0.2905  6.3075  5.7205  4.2570  3.8970  3.7336  3.7128
 153  1.042045  3.7447  4.0903  0.2977  6.3012  5.7123  4.2417  3.8798  3.7150  3.6933
 154  1.043747  3.7438  4.0803  0.3050  6.2970  5.7061  4.2269  3.8628  3.6963  3.6734
 155  1.045462  3.7428  4.0697  0.3122  6.2962  5.7028  4.2129  3.8460  3.6775  3.6534
 156  1.047212  3.7416  4.0584  0.3193  6.2987  5.7025  4.1999  3.8297  3.6587  3.6330
 157  1.049000  3.7401  4.0461  0.3263  6.3065  5.7070  4.1884  3.8142  3.6402  3.6126
 158  1.050846  3.7381  4.0326  0.3330  6.3222  5.7187  4.1796  3.8000  3.6221  3.5921
 159  1.052760  3.7356  4.0171  0.3390  6.3503  5.7418  4.1750  3.7884  3.6052  3.5720
 160  1.054728  3.7323  3.9999  0.3438  6.3962  5.7813  4.1776  3.7812  3.5910  3.5535
 161  1.056547  3.7282  3.9818  0.3462  6.4632  5.8405  4.1902  3.7818  3.5828  3.5399
 162  1.057804  3.7246  3.9682  0.3459  6.5290  5.8994  4.2081  3.7891  3.5824  3.5348
 163  1.059043  3.7201  3.9523  0.3444  6.6132  5.9751  4.2330  3.8011  3.5849  3.5313
 164  1.060261  3.7148  3.9341  0.3420  6.7177  6.0694  4.2658  3.8184  3.5904  3.5298
 165  1.061470  3.7088  3.9122  0.3402  6.8372  6.1773  4.3026  3.8369  3.5949  3.5263
 166  1.062677  3.7024  3.8853  0.3423  6.9563  6.2837  4.3339  3.8487  3.5917  3.5141
 167  1.063822  3.6967  3.8546  0.3506  7.0433  6.3592  4.3467  3.8440  3.5731  3.4876
 168  1.064837  3.6925  3.8238  0.3648  7.0898  6.3972  4.3381  3.8218  3.5401  3.4485
 169  1.065718  3.6894  3.7944  0.3824  7.1056  6.4073  4.3140  3.7878  3.4981  3.4021
 170  1.066502  3.6873  3.7667  0.4016  7.1009  6.3983  4.2805  3.7471  3.4516  3.3524
 171  1.067223  3.6856  3.7403  0.4217  7.0833  6.3774  4.2413  3.7025  3.4026  3.3010
 172  1.067901  3.6844  3.7149  0.4423  7.0571  6.3484  4.1984  3.6556  3.3523  3.2487
 173  1.068546  3.6833  3.6901  0.4633  7.0249  6.3138  4.1528  3.6069  3.3009  3.1958
 174  1.069166  3.6825  3.6659  0.4844  6.9883  6.2750  4.1055  3.5572  3.2490  3.1425
 175  1.069766  3.6818  3.6422  0.5056  6.9491  6.2339  4.0570  3.5068  3.1967  3.0890
 176  1.070351  3.6812  3.6187  0.5269  6.9078  6.1908  4.0076  3.4558  3.1441  3.0355
 177  1.070920  3.6806  3.5954  0.5483  6.8651  6.1464  3.9576  3.4044  3.0914  2.9817
 178  1.071469  3.6801  3.5721  0.5698  6.8213  6.1011  3.9072  3.3527  3.0384  2.9278
 179  1.072004  3.6797  3.5491  0.5912  6.7766  6.0548  3.8563  3.3008  2.9852  2.8739
 180  1.072522  3.6793  3.5259  0.6128  6.7315  6.0082  3.8052  3.2486  2.9319  2.8199
 181  1.073025  3.6788  3.5029  0.6343  6.6859  5.9612  3.7538  3.1962  2.8785  2.7657
 182  1.073352  3.6786  3.4873  0.6490  6.6550  5.9294  3.7191  3.1609  2.8425  2.7292
 183  1.073677  3.6782  3.4714  0.6638  6.6239  5.8973  3.6839  3.1249  2.8058  2.6918
 184  1.074002  3.6780  3.4551  0.6791  6.5919  5.8643  3.6476  3.0878  2.7679  2.6534
 185  1.074326  3.6776  3.4382  0.6946  6.5600  5.8314  3.6109  3.0503  2.7295  2.6144
 186  1.074645  3.6772  3.4202  0.7112  6.5268  5.7971  3.5721  3.0105  2.6887  2.5729
 187  1.074965  3.6768  3.4021  0.7280  6.4926  5.7618  3.5326  2.9700  2.6472  2.5307
 188  1.075280  3.6764  3.3828  0.7457  6.4575  5.7256  3.4914  2.9276  2.6036  2.4864
 189  1.075594  3.6760  3.3633  0.7636  6.4216  5.6885  3.4493  2.8844  2.5592  2.4413
 190  1.075903  3.6755  3.3424  0.7826  6.3845  5.6502  3.4051  2.8387  2.5122  2.3934
 191  1.076206  3.6750  3.3205  0.8025  6.3460  5.6103  3.3588  2.7910  2.4631  2.3434
 192  1.076505  3.6744  3.2977  0.8232  6.3065  5.5695  3.3112  2.7416  2.4122  2.2915
 193  1.076800  3.6738  3.2741  0.8445  6.2658  5.5274  3.2617  2.6906  2.3597  2.2379
 194  1.077089  3.6732  3.2496  0.8666  6.2241  5.4844  3.2109  2.6379  2.3052  2.1823
 195  1.077370  3.6724  3.2239  0.8897  6.1818  5.4406  3.1582  2.5831  2.2485  2.1244
 196  1.077648  3.6717  3.1975  0.9133  6.1391  5.3963  3.1045  2.5273  2.1906  2.0652
 197  1.077919  3.6709  3.1699  0.9377  6.0954  5.3512  3.0491  2.4694  2.1304  2.0037
 198  1.078183  3.6701  3.1414  0.9628  6.0515  5.3058  2.9925  2.4102  2.0688  1.9407
 199  1.078442  3.6692  3.1122  0.9885  6.0072  5.2599  2.9348  2.3497  2.0058  1.8761
 200  1.078690  3.6682  3.0818  1.0151  5.9621  5.2132  2.8753  2.2872  1.9404  1.8091
 201  1.078934  3.6672  3.0506  1.0423  5.9169  5.1664  2.8151  2.2238  1.8740  1.7409
 202  1.079171  3.6660  3.0186  1.0700  5.8714  5.1195  2.7537  2.1591  1.8061  1.6711
 203  1.079398  3.6649  2.9856  1.0986  5.8262  5.0728  2.6912  2.0928  1.7363  1.5995
 204  1.079619  3.6636  2.9518  1.1276  5.7816  5.0267  2.6282  2.0258  1.6656  1.5267
 205  1.079830  3.6624  2.9170  1.1572  5.7369  4.9806  2.5641  1.9576  1.5935  1.4523
 206  1.080034  3.6610  2.8815  1.1874  5.6925  4.9348  2.4995  1.8885  1.5202  1.3767
 207  1.080230  3.6596  2.8453  1.2179  5.6482  4.8891  2.4342  1.8186  1.4457  1.2998
 208  1.080419  3.6581  2.8083  1.2491  5.6045  4.8441  2.3685  1.7481  1.3704  1.2219
 209  1.080598  3.6566  2.7707  1.2806  5.5607  4.7991  2.3021  1.6767  1.2940  1.1429
 210  1.080772  3.6549  2.7326  1.3125  5.5176  4.7547  2.2357  1.6051  1.2171  1.0632
 211  1.080937  3.6534  2.6939  1.3446  5.4745  4.7108  2.1687  1.5329  1.1394  0.9826
 212  1.081098  3.6515  2.6515  1.3795  5.4309  4.6666  2.0984  1.4565  1.0559  0.8956
 213  1.081287  3.6496  2.6076  1.4162  5.3812  4.6171  2.0233  1.3757  0.9679  0.8040
 214  1.081525  3.6489  2.5851  1.4356  5.3506  4.5861  1.9811  1.3313  0.9205  0.7553
 215  1.081710  3.6507  2.6247  1.4039  5.3874  4.6217  2.0422  1.3982  0.9959  0.8345
 216  1.081877  3.6518  2.6388  1.3941  5.3895  4.6230  2.0564  1.4156  1.0182  0.8588
 217  1.081910  3.6515  2.6322  1.3996  5.3823  4.6158  2.0451  1.4034  1.0050  0.8451
 218  1.081939  3.6512  2.6249  1.4056  5.3752  4.6088  2.0333  1.3904  0.9907  0.8302
 219  1.081969  3.6509  2.6177  1.4112  5.3689  4.6026  2.0221  1.3781  0.9770  0.8159
 220  1.081996  3.6505  2.6110  1.4166  5.3630  4.5966  2.0117  1.3667  0.9643  0.8025
 221  1.082023  3.6502  2.6047  1.4218  5.3568  4.5906  2.0015  1.3555  0.9520  0.7896
 222  1.082051  3.6500  2.5986  1.4268  5.3503  4.5842  1.9914  1.3445  0.9400  0.7771
 223  1.082078  3.6497  2.5929  1.4316  5.3441  4.5781  1.9816  1.3340  0.9284  0.7651
 224  1.082106  3.6494  2.5870  1.4364  5.3381  4.5722  1.9720  1.3235  0.9169  0.7531
 225  1.082133  3.6492  2.5813  1.4412  5.3321  4.5663  1.9625  1.3131  0.9055  0.7413
 226  1.082160  3.6489  2.5754  1.4459  5.3262  4.5604  1.9530  1.3028  0.8942  0.7295
 227  1.082418  3.6462  2.5152  1.4955  5.2642  4.5000  1.8541  1.1953  0.7758  0.6060
 228  1.082649  3.6425  2.4370  1.5590  5.1898  4.4273  1.7294  1.0591  0.6247  0.4479
 229  1.082850  3.6389  2.3608  1.6204  5.1204  4.3609  1.6116  0.9299  0.4793  0.2951
 230  1.083027  3.6351  2.2853  1.6809  5.0525  4.2974  1.4976  0.8044  0.3364  0.1445
 231  1.083182  3.6313  2.2110  1.7402  4.9871  4.2379  1.3882  0.6842  0.1972 -0.0027
 232  1.083316  3.6276  2.1390  1.7973  4.9244  4.1823  1.2851  0.5709  0.0638 -0.1444
 233  1.083432  3.6239  2.0697  1.8521  4.8634  4.1295  1.1878  0.4641 -0.0637 -0.2803
 234  1.083537  3.6202  2.0001  1.9069  4.8029  4.0783  1.0936  0.3610 -0.1901 -0.4158
 235  1.083629  3.6164  1.9319  1.9599  4.7453  4.0307  1.0057  0.2652 -0.3119 -0.5473
 236  1.083711  3.6127  1.8650  2.0118  4.6894  3.9854  0.9230  0.1751 -0.4299 -0.6756
 237  1.083784  3.6088  1.7987  2.0629  4.6345  3.9415  0.8452  0.0910 -0.5452 -0.8018
 238  1.083848  3.6051  1.7341  2.1125  4.5814  3.8992  0.7726  0.0133 -0.6567 -0.9245
 239  1.083906  3.6014  1.6709  2.1609  4.5301  3.8583  0.7051 -0.0578 -0.7646 -1.0443
 240  1.083958  3.5976  1.6085  2.2086  4.4798  3.8183  0.6427 -0.1228 -0.8697 -1.1620
 241  1.084005  3.5940  1.5472  2.2552  4.4298  3.7782  0.5851 -0.1817 -0.9713 -1.2767
 242  1.084047  3.5903  1.4871  2.3006  4.3815  3.7392  0.5341 -0.2330 -1.0690 -1.3882
 243  1.084085  3.5867  1.4281  2.3450  4.3355  3.7012  0.4896 -0.2764 -1.1631 -1.4969
 244  1.084118  3.5830  1.3701  2.3885  4.2937  3.6650  0.4522 -0.3100 -1.2538 -1.6033
 245  1.084149  3.5795  1.3132  2.4311  4.2548  3.6301  0.4216 -0.3347 -1.3411 -1.7072
 246  1.084177  3.5759  1.2576  2.4725  4.2185  3.5961  0.3986 -0.3505 -1.4240 -1.8076
 247  1.084203  3.5724  1.2031  2.5130  4.1853  3.5628  0.3840 -0.3563 -1.5030 -1.9053
 248  1.084227  3.5689  1.1495  2.5527  4.1560  3.5307  0.3779 -0.3528 -1.5781 -2.0002
 249  1.084248  3.5655  1.0973  2.5912  4.1311  3.5010  0.3804 -0.3414 -1.6477 -2.0910
 250  1.084268  3.5622  1.0462  2.6289  4.1105  3.4738  0.3897 -0.3263 -1.7127 -2.1782
 251  1.084286  3.5588  0.9957  2.6658  4.0964  3.4525  0.4084 -0.3079 -1.7721 -2.2610
 252  1.084302  3.5554  0.9463  2.7019  4.0872  3.4327  0.4412 -0.2757 -1.8246 -2.3394
 253  1.084317  3.5521  0.8979  2.7370  4.0825  3.4126  0.4888 -0.2254 -1.8708 -2.4137
 254  1.084331  3.5488  0.8506  2.7712  4.0833  3.3910  0.5650 -0.1353 -1.9081 -2.4840
 255  1.084344  3.5456  0.8040  2.8048  4.0882  3.3595  0.6625 -0.0131 -1.9370 -2.5496
 256  1.084356  3.5423  0.7584  2.8375  4.0964  3.3260  0.7748  0.1243 -1.9573 -2.6102
 257  1.084367  3.5392  0.7143  2.8692  4.1066  3.2919  0.8997  0.2694 -1.9681 -2.6645
 258  1.084378  3.5361  0.6706  2.9003  4.1183  3.2591  1.0465  0.4190 -1.9628 -2.7099
 259  1.084387  3.5330  0.6279  2.9308  4.1304  3.2288  1.2090  0.5650 -1.9423 -2.7460
 260  1.084396  3.5300  0.5861  2.9603  4.1437  3.2016  1.3750  0.7043 -1.9138 -2.7758
 261  1.084405  3.5269  0.5451  2.9893  4.1587  3.1789  1.5400  0.8344 -1.8793 -2.8005
 262  1.084413  3.5240  0.5047  3.0176  4.1740  3.1623  1.6803  0.9340 -1.8464 -2.8222
 263  1.084421  3.5210  0.4652  3.0452  4.1875  3.1571  1.7703  0.9778 -1.8235 -2.8438
 264  1.084427  3.5180  0.4268  3.0721  4.2007  3.1568  1.8439  1.0028 -1.8020 -2.8630
 265  1.084434  3.5152  0.3887  3.0985  4.2150  3.1607  1.9098  1.0193 -1.7791 -2.8799
 266  1.084440  3.5123  0.3518  3.1240  4.2279  3.1669  1.9683  1.0267 -1.7553 -2.8939
 267  1.084446  3.5095  0.3152  3.1492  4.2391  3.1712  2.0245  1.0374 -1.7304 -2.9059
 268  1.084452  3.5065  0.2787  3.1737  4.2502  3.1776  2.0763  1.0455 -1.7036 -2.9143
 269  1.084457  3.5038  0.2439  3.1977  4.2553  3.1801  2.1146  1.0456 -1.6848 -2.9262
 270  1.084461  3.5010  0.2095  3.2211  4.2595  3.1843  2.1454  1.0399 -1.6675 -2.9372
 271  1.084466  3.4983  0.1759  3.2439  4.2621  3.1910  2.1651  1.0246 -1.6549 -2.9492
 272  1.084471  3.4956  0.1428  3.2663  4.2656  3.2005  2.1880  1.0163 -1.6447 -2.9628
 273  1.084475  3.4930  0.1102  3.2881  4.2681  3.2112  2.2069  1.0072 -1.6379 -2.9779
 274  1.084479  3.4903  0.0784  3.3094  4.2706  3.2234  2.2227  0.9971 -1.6333 -2.9933
 275  1.084483  3.4877  0.0472  3.3302  4.2733  3.2373  2.2358  0.9859 -1.6311 -3.0095
 276  1.084486  3.4852  0.0167  3.3504  4.2426  3.1681  2.2118  0.9447 -1.6422 -3.0304
 277  1.084490  3.4825 -0.0131  3.3700  4.2821  3.2638  2.2491  0.9552 -1.6334 -3.0421
 278  1.084493  3.4801 -0.0415  3.3887  4.3284  3.3511  2.2762  0.9543 -1.6255 -3.0501
 279  1.084503  3.4783 -0.0640  3.4036  4.3586  3.4118  2.2912  0.9482 -1.6239 -3.0589
