#NUMBER OF AGES= 1
#----------------------------------------------------       
#MIX-LEN  Y      Z          Zeff        [Fe/H] [a/Fe]
# 1.9380  0.2714 1.7313E-02 1.7313E-02   0.03   0.00 
#----------------------------------------------------       
#**PHOTOMETRIC SYSTEM**: SDSS (AB)                          
#----------------------------------------------------       
#AGE=10.500 EEPS=268
#EEP   M/Mo    LogTeff  LogG   LogL/Lo sdss_u  sdss_g  sdss_r  sdss_i  sdss_z
  12  0.112161  3.5060  5.2602 -2.7950 17.9297 14.7708 13.2604 12.0090 11.2962
  13  0.131128  3.5060  5.1909 -2.6578 17.5336 14.4184 12.9166 11.6673 10.9544
  14  0.155698  3.5073  5.1242 -2.5115 17.0869 14.0239 12.5341 11.2967 10.5887
  15  0.182415  3.5113  5.0783 -2.3807 16.6275 13.6232 12.1521 10.9484 10.2580
  16  0.202643  3.5147  5.0499 -2.2930 16.3093 13.3446 11.8883 10.7113 10.0358
  17  0.218381  3.5172  5.0287 -2.2297 16.0838 13.1456 11.6996 10.5411  9.8760
  18  0.232787  3.5194  5.0110 -2.1754 15.8903 12.9741 11.5372 10.3948  9.7390
  19  0.247372  3.5215  4.9945 -2.1238 15.7083 12.8112 11.3832 10.2559  9.6089
  20  0.267439  3.5242  4.9745 -2.0590 15.4825 12.6069 11.1900 10.0812  9.4452
  21  0.286938  3.5269  4.9572 -2.0005 15.2796 12.4221 11.0153  9.9235  9.2978
  22  0.300017  3.5287  4.9448 -1.9617 15.1472 12.3011 10.9007  9.8196  9.2003
  23  0.307714  3.5296  4.9371 -1.9393 15.0720 12.2320 10.8353  9.7599  9.1440
  24  0.313189  3.5303  4.9319 -1.9238 15.0199 12.1842 10.7899  9.7183  9.1050
  25  0.317417  3.5308  4.9274 -1.9109 14.9765 12.1443 10.7523  9.6841  9.0729
  26  0.320568  3.5311  4.9241 -1.9022 14.9488 12.1185 10.7277  9.6612  9.0510
  27  0.323169  3.5314  4.9221 -1.8955 14.9257 12.0972 10.7075  9.6432  9.0341
  28  0.325697  3.5317  4.9190 -1.8878 14.9003 12.0738 10.6854  9.6227  9.0147
  29  0.328546  3.5322  4.9172 -1.8807 14.8761 12.0513 10.6641  9.6036  8.9970
  30  0.332126  3.5326  4.9149 -1.8720 14.8464 12.0238 10.6380  9.5801  8.9752
  31  0.337058  3.5332  4.9125 -1.8609 14.8084 11.9881 10.6043  9.5500  8.9473
  32  0.344723  3.5340  4.9093 -1.8442 14.7506 11.9341 10.5529  9.5046  8.9053
  33  0.429236  3.5480  4.8387 -1.6216 13.9806 11.2070  9.8653  8.8979  8.3495
  34  0.440809  3.5511  4.8257 -1.5856 13.8556 11.0820  9.7422  8.7949  8.2609
  35  0.461663  3.5558  4.8044 -1.5254 13.6505 10.8789  9.5468  8.6262  8.1119
  36  0.478477  3.5599  4.7865 -1.4754 13.4803 10.7072  9.3805  8.4870  7.9895
  37  0.493474  3.5639  4.7708 -1.4302 13.3260 10.5488  9.2267  8.3614  7.8799
  38  0.506259  3.5677  4.7578 -1.3913 13.1923 10.4095  9.0909  8.2522  7.7858
  39  0.516981  3.5710  4.7470 -1.3579 13.0775 10.2887  8.9727  8.1579  7.7052
  40  0.527379  3.5746  4.7367 -1.3250 12.9645 10.1682  8.8548  8.0640  7.6259
  41  0.539240  3.5787  4.7252 -1.2872 12.8344 10.0279  8.7167  7.9556  7.5354
  42  0.553505  3.5839  4.7118 -1.2415 12.6747  9.8545  8.5450  7.8231  7.4265
  43  0.569228  3.5901  4.6971 -1.1901 12.4949  9.6572  8.3502  7.6742  7.3052
  44  0.585146  3.5966  4.6829 -1.1377 12.3189  9.4580  8.1600  7.5246  7.1806
  45  0.600353  3.6031  4.6699 -1.0875 12.1494  9.2655  7.9799  7.3819  7.0617
  46  0.614788  3.6097  4.6584 -1.0396 11.9725  9.0717  7.7973  7.2424  6.9496
  47  0.629151  3.6166  4.6477 -0.9912 11.7934  8.8748  7.6153  7.1025  6.8365
  48  0.643574  3.6239  4.6378 -0.9423 11.6069  8.6734  7.4345  6.9621  6.7217
  49  0.657453  3.6311  4.6288 -0.8951 11.4018  8.4697  7.2585  6.8256  6.6096
  50  0.670283  3.6381  4.6212 -0.8513 11.1871  8.2760  7.0967  6.6987  6.5040
  51  0.682103  3.6446  4.6144 -0.8107 10.9685  8.0961  6.9510  6.5820  6.4049
  52  0.688109  3.6480  4.6110 -0.7901 10.8515  8.0047  6.8788  6.5232  6.3539
  53  0.694048  3.6513  4.6076 -0.7699 10.7328  7.9147  6.8090  6.4655  6.3030
  54  0.699953  3.6545  4.6043 -0.7497 10.6122  7.8256  6.7408  6.4086  6.2525
  55  0.705803  3.6578  4.6010 -0.7296 10.4879  7.7368  6.6738  6.3525  6.2022
  56  0.711646  3.6611  4.5977 -0.7095 10.3620  7.6484  6.6076  6.2966  6.1518
  57  0.717502  3.6645  4.5944 -0.6893 10.2356  7.5603  6.5419  6.2408  6.1014
  58  0.723348  3.6678  4.5909 -0.6692 10.1110  7.4731  6.4771  6.1854  6.0509
  59  0.729173  3.6710  4.5873 -0.6492  9.9877  7.3876  6.4134  6.1306  6.0008
  60  0.734984  3.6742  4.5838 -0.6293  9.8650  7.3034  6.3508  6.0763  5.9511
  61  0.740789  3.6774  4.5799 -0.6094  9.7441  7.2213  6.2892  6.0229  5.9019
  62  0.746563  3.6805  4.5760 -0.5898  9.6249  7.1410  6.2288  5.9701  5.8535
  63  0.752280  3.6834  4.5719 -0.5703  9.5078  7.0623  6.1695  5.9182  5.8057
  64  0.757930  3.6864  4.5677 -0.5510  9.3929  6.9853  6.1115  5.8672  5.7587
  65  0.763491  3.6894  4.5635 -0.5321  9.2818  6.9106  6.0549  5.8172  5.7128
  66  0.768982  3.6921  4.5592 -0.5133  9.1757  6.8383  5.9998  5.7683  5.6677
  67  0.774401  3.6948  4.5548 -0.4951  9.0767  6.7687  5.9462  5.7205  5.6236
  68  0.779738  3.6974  4.5502 -0.4770  8.9811  6.7013  5.8941  5.6738  5.5807
  69  0.784989  3.6999  4.5457 -0.4594  8.8883  6.6363  5.8435  5.6284  5.5388
  70  0.790154  3.7025  4.5411 -0.4423  8.7948  6.5733  5.7943  5.5842  5.4981
  71  0.795258  3.7048  4.5365 -0.4254  8.7025  6.5122  5.7465  5.5411  5.4583
  72  0.800307  3.7071  4.5318 -0.4089  8.6121  6.4531  5.7000  5.4991  5.4196
  73  0.805310  3.7093  4.5272 -0.3929  8.5242  6.3955  5.6546  5.4581  5.3817
  74  0.810256  3.7113  4.5225 -0.3769  8.4395  6.3398  5.6103  5.4180  5.3445
  75  0.815137  3.7135  4.5177 -0.3613  8.3571  6.2854  5.5672  5.3788  5.3081
  76  0.819925  3.7154  4.5129 -0.3460  8.2774  6.2327  5.5251  5.3405  5.2723
  77  0.824623  3.7173  4.5081 -0.3309  8.1997  6.1814  5.4838  5.3028  5.2373
  78  0.829211  3.7193  4.5031 -0.3160  8.1247  6.1313  5.4436  5.2659  5.2029
  79  0.833707  3.7211  4.4981 -0.3014  8.0516  6.0825  5.4039  5.2296  5.1690
  80  0.838070  3.7229  4.4930 -0.2871  7.9805  6.0351  5.3653  5.1940  5.1357
  81  0.842329  3.7244  4.4878 -0.2730  7.9113  5.9888  5.3273  5.1588  5.1029
  82  0.846622  3.7262  4.4824 -0.2584  7.8412  5.9420  5.2886  5.1231  5.0693
  83  0.850809  3.7278  4.4769 -0.2443  7.7727  5.8965  5.2508  5.0878  5.0361
  84  0.854894  3.7295  4.4712 -0.2303  7.7059  5.8522  5.2136  5.0531  5.0034
  85  0.858895  3.7310  4.4657 -0.2164  7.6407  5.8087  5.1770  5.0189  4.9712
  86  0.862810  3.7325  4.4599 -0.2029  7.5777  5.7660  5.1412  4.9854  4.9394
  87  0.866645  3.7339  4.4542 -0.1894  7.5162  5.7243  5.1060  4.9525  4.9083
  88  0.870407  3.7352  4.4483 -0.1762  7.4570  5.6832  5.0714  4.9201  4.8776
  89  0.874098  3.7365  4.4424 -0.1631  7.3996  5.6430  5.0373  4.8883  4.8474
  90  0.877715  3.7379  4.4364 -0.1503  7.3440  5.6034  5.0040  4.8570  4.8177
  91  0.881262  3.7391  4.4305 -0.1376  7.2899  5.5649  4.9713  4.8263  4.7885
  92  0.884744  3.7403  4.4244 -0.1252  7.2376  5.5271  4.9391  4.7960  4.7596
  93  0.888162  3.7414  4.4183 -0.1129  7.1869  5.4900  4.9074  4.7663  4.7312
  94  0.891518  3.7425  4.4122 -0.1008  7.1377  5.4539  4.8765  4.7370  4.7034
  95  0.894807  3.7435  4.4061 -0.0890  7.0899  5.4186  4.8461  4.7082  4.6758
  96  0.898031  3.7445  4.3999 -0.0773  7.0436  5.3840  4.8162  4.6799  4.6487
  97  0.901186  3.7455  4.3938 -0.0659  6.9986  5.3503  4.7869  4.6522  4.6222
  98  0.904271  3.7464  4.3877 -0.0546  6.9550  5.3174  4.7583  4.6250  4.5961
  99  0.907292  3.7472  4.3814 -0.0436  6.9131  5.2854  4.7301  4.5983  4.5703
 100  0.910251  3.7480  4.3753 -0.0327  6.8721  5.2539  4.7027  4.5720  4.5450
 101  0.913154  3.7488  4.3691 -0.0221  6.8325  5.2233  4.6756  4.5462  4.5202
 102  0.916003  3.7495  4.3629 -0.0116  6.7940  5.1934  4.6491  4.5208  4.4956
 103  0.918812  3.7502  4.3568 -0.0013  6.7569  5.1642  4.6231  4.4959  4.4715
 104  0.921580  3.7508  4.3506  0.0088  6.7207  5.1358  4.5975  4.4713  4.4477
 105  0.924319  3.7515  4.3443  0.0187  6.6854  5.1078  4.5724  4.4471  4.4243
 106  0.927029  3.7521  4.3380  0.0286  6.6511  5.0805  4.5478  4.4233  4.4011
 107  0.929712  3.7526  4.3318  0.0382  6.6179  5.0538  4.5234  4.3997  4.3782
 108  0.932354  3.7531  4.3255  0.0476  6.5858  5.0277  4.4996  4.3766  4.3555
 109  0.934932  3.7536  4.3192  0.0571  6.5546  5.0021  4.4760  4.3537  4.3332
 110  0.937382  3.7540  4.3130  0.0662  6.5237  4.9769  4.4529  4.3313  4.3113
 111  0.939755  3.7545  4.3067  0.0753  6.4936  4.9521  4.4301  4.3092  4.2897
 112  0.941126  3.7547  4.3030  0.0806  6.4760  4.9376  4.4168  4.2962  4.2770
 113  0.942497  3.7550  4.2992  0.0860  6.4584  4.9230  4.4032  4.2831  4.2641
 114  0.943865  3.7551  4.2955  0.0915  6.4408  4.9083  4.3896  4.2698  4.2511
 115  0.945232  3.7553  4.2915  0.0969  6.4232  4.8936  4.3759  4.2563  4.2379
 116  0.946598  3.7556  4.2874  0.1024  6.4058  4.8787  4.3620  4.2428  4.2246
 117  0.947963  3.7558  4.2833  0.1081  6.3881  4.8638  4.3481  4.2292  4.2112
 118  0.949328  3.7560  4.2791  0.1136  6.3706  4.8489  4.3340  4.2155  4.1976
 119  0.950689  3.7562  4.2748  0.1194  6.3531  4.8337  4.3199  4.2015  4.1839
 120  0.952053  3.7564  4.2705  0.1250  6.3356  4.8187  4.3055  4.1876  4.1702
 121  0.953412  3.7566  4.2661  0.1307  6.3181  4.8035  4.2912  4.1734  4.1562
 122  0.954776  3.7568  4.2616  0.1366  6.3008  4.7883  4.2768  4.1593  4.1423
 123  0.956105  3.7570  4.2570  0.1424  6.2829  4.7728  4.2622  4.1448  4.1280
 124  0.957442  3.7571  4.2525  0.1482  6.2648  4.7571  4.2475  4.1304  4.1138
 125  0.958783  3.7572  4.2479  0.1542  6.2470  4.7416  4.2327  4.1159  4.0994
 126  0.960127  3.7574  4.2433  0.1601  6.2292  4.7261  4.2179  4.1014  4.0850
 127  0.961474  3.7576  4.2386  0.1661  6.2116  4.7105  4.2030  4.0867  4.0705
 128  0.962823  3.7577  4.2337  0.1720  6.1943  4.6949  4.1881  4.0720  4.0560
 129  0.964174  3.7579  4.2289  0.1780  6.1771  4.6793  4.1732  4.0573  4.0414
 130  0.965527  3.7580  4.2239  0.1840  6.1600  4.6638  4.1582  4.0423  4.0267
 131  0.966878  3.7580  4.2188  0.1901  6.1435  4.6483  4.1432  4.0274  4.0118
 132  0.968229  3.7581  4.2136  0.1961  6.1271  4.6329  4.1280  4.0125  3.9969
 133  0.969580  3.7582  4.2082  0.2022  6.1109  4.6174  4.1128  3.9974  3.9817
 134  0.970932  3.7582  4.2028  0.2084  6.0946  4.6019  4.0976  3.9821  3.9665
 135  0.972285  3.7581  4.1973  0.2145  6.0785  4.5863  4.0822  3.9667  3.9512
 136  0.973639  3.7581  4.1916  0.2207  6.0629  4.5708  4.0668  3.9513  3.9357
 137  0.974988  3.7581  4.1858  0.2270  6.0475  4.5554  4.0513  3.9358  3.9201
 138  0.976334  3.7580  4.1799  0.2332  6.0324  4.5401  4.0357  3.9201  3.9043
 139  0.977676  3.7580  4.1739  0.2395  6.0177  4.5247  4.0202  3.9044  3.8885
 140  0.979011  3.7579  4.1678  0.2457  6.0032  4.5094  4.0047  3.8887  3.8726
 141  0.980339  3.7578  4.1616  0.2520  5.9888  4.4941  3.9890  3.8728  3.8567
 142  0.981663  3.7575  4.1552  0.2584  5.9753  4.4791  3.9733  3.8569  3.8405
 143  0.982973  3.7573  4.1487  0.2647  5.9619  4.4640  3.9577  3.8410  3.8243
 144  0.984279  3.7572  4.1421  0.2711  5.9489  4.4491  3.9420  3.8250  3.8081
 145  0.985575  3.7569  4.1353  0.2774  5.9368  4.4343  3.9263  3.8090  3.7918
 146  0.986867  3.7565  4.1284  0.2837  5.9248  4.4195  3.9107  3.7929  3.7753
 147  0.988153  3.7562  4.1211  0.2900  5.9145  4.4053  3.8951  3.7767  3.7587
 148  0.989429  3.7558  4.1137  0.2964  5.9046  4.3912  3.8795  3.7606  3.7421
 149  0.990705  3.7554  4.1060  0.3026  5.8959  4.3773  3.8640  3.7443  3.7253
 150  0.991979  3.7549  4.0982  0.3090  5.8882  4.3636  3.8484  3.7281  3.7084
 151  0.993251  3.7543  4.0899  0.3153  5.8818  4.3504  3.8330  3.7118  3.6913
 152  0.994532  3.7535  4.0815  0.3216  5.8762  4.3373  3.8176  3.6954  3.6743
 153  0.995817  3.7528  4.0728  0.3280  5.8728  4.3249  3.8023  3.6790  3.6571
 154  0.997111  3.7519  4.0633  0.3341  5.8716  4.3132  3.7872  3.6626  3.6396
 155  0.998428  3.7508  4.0535  0.3404  5.8728  4.3021  3.7722  3.6461  3.6219
 156  0.999774  3.7496  4.0428  0.3466  5.8773  4.2922  3.7576  3.6297  3.6040
 157  1.001158  3.7481  4.0313  0.3527  5.8853  4.2843  3.7435  3.6132  3.5856
 158  1.002599  3.7462  4.0185  0.3585  5.8998  4.2791  3.7303  3.5971  3.5671
 159  1.004108  3.7437  4.0039  0.3640  5.9243  4.2783  3.7189  3.5816  3.5486
 160  1.005660  3.7405  3.9874  0.3683  5.9640  4.2843  3.7109  3.5685  3.5313
 161  1.007127  3.7365  3.9696  0.3710  6.0218  4.2988  3.7084  3.5594  3.5172
 162  1.008285  3.7327  3.9547  0.3712  6.0863  4.3198  3.7122  3.5569  3.5097
 163  1.009436  3.7281  3.9372  0.3709  6.1681  4.3478  3.7189  3.5558  3.5026
 164  1.010577  3.7228  3.9171  0.3700  6.2677  4.3829  3.7292  3.5570  3.4966
 165  1.011718  3.7168  3.8936  0.3701  6.3801  4.4209  3.7393  3.5566  3.4881
 166  1.012858  3.7106  3.8654  0.3740  6.4902  4.4526  3.7420  3.5480  3.4708
 167  1.013932  3.7052  3.8341  0.3839  6.5756  4.4655  3.7292  3.5251  3.4401
 168  1.014870  3.7012  3.8028  0.3994  6.6182  4.4558  3.7005  3.4886  3.3977
 169  1.015686  3.6982  3.7732  0.4177  6.6244  4.4309  3.6626  3.4451  3.3496
 170  1.016422  3.6961  3.7455  0.4372  6.6122  4.3976  3.6197  3.3982  3.2993
 171  1.017106  3.6945  3.7192  0.4575  6.5894  4.3590  3.5739  3.3492  3.2476
 172  1.017752  3.6932  3.6936  0.4781  6.5599  4.3168  3.5262  3.2990  3.1952
 173  1.018375  3.6921  3.6689  0.4989  6.5250  4.2721  3.4770  3.2477  3.1423
 174  1.018978  3.6913  3.6448  0.5200  6.4877  4.2257  3.4270  3.1960  3.0892
 175  1.019567  3.6906  3.6210  0.5413  6.4475  4.1778  3.3761  3.1438  3.0358
 176  1.020145  3.6900  3.5976  0.5625  6.4055  4.1291  3.3249  3.0913  2.9824
 177  1.020719  3.6895  3.5745  0.5838  6.3619  4.0798  3.2735  3.0389  2.9290
 178  1.021288  3.6890  3.5517  0.6049  6.3173  4.0301  3.2220  2.9864  2.8757
 179  1.021853  3.6886  3.5291  0.6261  6.2723  3.9803  3.1706  2.9341  2.8227
 180  1.022415  3.6882  3.5067  0.6472  6.2267  3.9304  3.1192  2.8820  2.7699
 181  1.022967  3.6878  3.4844  0.6681  6.1814  3.8807  3.0681  2.8298  2.7172
 182  1.023310  3.6876  3.4699  0.6816  6.1526  3.8491  3.0353  2.7965  2.6833
 183  1.023653  3.6873  3.4555  0.6952  6.1235  3.8170  3.0023  2.7630  2.6494
 184  1.023997  3.6870  3.4410  0.7087  6.0940  3.7848  2.9691  2.7293  2.6152
 185  1.024339  3.6868  3.4264  0.7225  6.0646  3.7523  2.9354  2.6952  2.5806
 186  1.024680  3.6865  3.4112  0.7367  6.0348  3.7192  2.9012  2.6602  2.5452
 187  1.025020  3.6862  3.3953  0.7515  6.0032  3.6842  2.8651  2.6235  2.5079
 188  1.025354  3.6858  3.3787  0.7671  5.9706  3.6478  2.8273  2.5851  2.4690
 189  1.025684  3.6855  3.3608  0.7837  5.9355  3.6087  2.7868  2.5438  2.4272
 190  1.026006  3.6852  3.3415  0.8015  5.8984  3.5670  2.7436  2.4997  2.3824
 191  1.026325  3.6847  3.3214  0.8201  5.8606  3.5239  2.6986  2.4538  2.3357
 192  1.026635  3.6842  3.2999  0.8398  5.8210  3.4784  2.6511  2.4054  2.2865
 193  1.026938  3.6837  3.2770  0.8606  5.7802  3.4305  2.6009  2.3540  2.2341
 194  1.027237  3.6831  3.2537  0.8819  5.7381  3.3816  2.5496  2.3015  2.1807
 195  1.027526  3.6825  3.2290  0.9042  5.6947  3.3306  2.4959  2.2464  2.1246
 196  1.027810  3.6819  3.2035  0.9272  5.6507  3.2780  2.4405  2.1895  2.0667
 197  1.028088  3.6811  3.1770  0.9509  5.6064  3.2245  2.3837  2.1312  2.0071
 198  1.028358  3.6804  3.1496  0.9755  5.5617  3.1695  2.3252  2.0711  1.9456
 199  1.028619  3.6796  3.1212  1.0007  5.5166  3.1133  2.2651  2.0091  1.8822
 200  1.028874  3.6787  3.0921  1.0264  5.4712  3.0560  2.2038  1.9459  1.8175
 201  1.029121  3.6778  3.0620  1.0528  5.4258  2.9977  2.1410  1.8811  1.7511
 202  1.029361  3.6768  3.0312  1.0798  5.3803  2.9384  2.0772  1.8150  1.6833
 203  1.029590  3.6758  2.9995  1.1075  5.3345  2.8780  2.0116  1.7472  1.6138
 204  1.029814  3.6746  2.9670  1.1356  5.2903  2.8175  1.9457  1.6786  1.5432
 205  1.030029  3.6734  2.9337  1.1643  5.2461  2.7560  1.8785  1.6087  1.4713
 206  1.030234  3.6722  2.8995  1.1935  5.2021  2.6939  1.8102  1.5375  1.3979
 207  1.030432  3.6708  2.8648  1.2232  5.1585  2.6313  1.7412  1.4655  1.3236
 208  1.030623  3.6696  2.8294  1.2533  5.1151  2.5681  1.6713  1.3925  1.2483
 209  1.030804  3.6682  2.7934  1.2837  5.0723  2.5044  1.6007  1.3184  1.1718
 210  1.030979  3.6667  2.7569  1.3145  5.0301  2.4405  1.5296  1.2438  1.0945
 211  1.031149  3.6652  2.7199  1.3456  4.9888  2.3765  1.4581  1.1688  1.0168
 212  1.031315  3.6639  2.6862  1.3740  4.9502  2.3169  1.3917  1.0996  0.9455
 213  1.031457  3.6624  2.6512  1.4033  4.9142  2.2574  1.3243  1.0288  0.8723
 214  1.031600  3.6603  2.6037  1.4425  4.8702  2.1804  1.2363  0.9351  0.7746
 215  1.031761  3.6579  2.5462  1.4901  4.8157  2.0865  1.1294  0.8212  0.6559
 216  1.032022  3.6566  2.5138  1.5175  4.7812  2.0314  1.0675  0.7555  0.5876
 217  1.032054  3.6567  2.5169  1.5152  4.7826  2.0356  1.0728  0.7613  0.5936
 218  1.032083  3.6570  2.5219  1.5111  4.7859  2.0429  1.0814  0.7706  0.6035
 219  1.032107  3.6573  2.5282  1.5062  4.7897  2.0520  1.0924  0.7824  0.6159
 220  1.032129  3.6577  2.5356  1.5004  4.7943  2.0626  1.1050  0.7961  0.6303
 221  1.032148  3.6582  2.5436  1.4940  4.7989  2.0741  1.1188  0.8110  0.6461
 222  1.032163  3.6586  2.5518  1.4873  4.8048  2.0866  1.1336  0.8269  0.6626
 223  1.032178  3.6590  2.5604  1.4805  4.8114  2.0996  1.1488  0.8431  0.6797
 224  1.032192  3.6594  2.5687  1.4736  4.8181  2.1127  1.1640  0.8596  0.6968
 225  1.032206  3.6598  2.5770  1.4670  4.8244  2.1255  1.1788  0.8754  0.7134
 226  1.032221  3.6601  2.5842  1.4612  4.8295  2.1362  1.1916  0.8891  0.7277
 227  1.032480  3.6606  2.5847  1.4627  4.8132  2.1272  1.1855  0.8844  0.7239
 228  1.032741  3.6568  2.5022  1.5306  4.7401  1.9942  1.0323  0.7218  0.5546
 229  1.032965  3.6533  2.4256  1.5929  4.6793  1.8751  0.8935  0.5734  0.3996
 230  1.033162  3.6497  2.3510  1.6534  4.6247  1.7619  0.7601  0.4302  0.2496
 231  1.033333  3.6462  2.2790  1.7113  4.5768  1.6556  0.6337  0.2935  0.1062
 232  1.033485  3.6425  2.2060  1.7697  4.5328  1.5503  0.5076  0.1567 -0.0380
 233  1.033615  3.6389  2.1356  1.8258  4.4947  1.4518  0.3885  0.0261 -0.1759
 234  1.033731  3.6353  2.0661  1.8809  4.4607  1.3570  0.2730 -0.1017 -0.3115
 235  1.033832  3.6318  1.9992  1.9339  4.4310  1.2674  0.1635 -0.2234 -0.4413
 236  1.033924  3.6281  1.9315  1.9867  4.4063  1.1809  0.0568 -0.3443 -0.5708
 237  1.034005  3.6244  1.8653  2.0383  4.3839  1.0985 -0.0449 -0.4608 -0.6969
 238  1.034076  3.6208  1.8009  2.0882  4.3634  1.0206 -0.1411 -0.5728 -0.8188
 239  1.034140  3.6172  1.7371  2.1374  4.3440  0.9463 -0.2335 -0.6821 -0.9390
 240  1.034198  3.6136  1.6742  2.1859  4.3255  0.8753 -0.3212 -0.7883 -1.0568
 241  1.034249  3.6100  1.6133  2.2327  4.3082  0.8090 -0.4031 -0.8901 -1.1708
 242  1.034295  3.6065  1.5533  2.2786  4.2916  0.7460 -0.4801 -0.9886 -1.2827
 243  1.034337  3.6030  1.4943  2.3237  4.2774  0.6880 -0.5506 -1.0837 -1.3924
 244  1.034374  3.5996  1.4368  2.3673  4.2657  0.6360 -0.6146 -1.1740 -1.4984
 245  1.034409  3.5961  1.3798  2.4105  4.2521  0.5871 -0.6751 -1.2621 -1.6029
 246  1.034440  3.5926  1.3242  2.4525  4.2354  0.5410 -0.7330 -1.3471 -1.7040
 247  1.034467  3.5893  1.2699  2.4933  4.2160  0.4983 -0.7878 -1.4288 -1.8017
 248  1.034493  3.5860  1.2165  2.5334  4.1964  0.4596 -0.8360 -1.5074 -1.8975
 249  1.034516  3.5827  1.1642  2.5726  4.1771  0.4253 -0.8758 -1.5823 -1.9910
 250  1.034538  3.5794  1.1130  2.6108  4.1581  0.3955 -0.9052 -1.6536 -2.0824
 251  1.034557  3.5761  1.0624  2.6483  4.1379  0.3688 -0.9272 -1.7226 -2.1726
 252  1.034575  3.5729  1.0135  2.6844  4.1190  0.3470 -0.9423 -1.7869 -2.2589
 253  1.034592  3.5698  0.9650  2.7201  4.1011  0.3305 -0.9515 -1.8481 -2.3435
 254  1.034608  3.5666  0.9174  2.7550  4.0855  0.3162 -0.9613 -1.9070 -2.4262
 255  1.034621  3.5634  0.8711  2.7890  4.0735  0.3073 -0.9674 -1.9618 -2.5058
 256  1.034634  3.5603  0.8254  2.8221  4.0637  0.3048 -0.9660 -2.0126 -2.5826
 257  1.034647  3.5572  0.7810  2.8543  4.0595  0.3068 -0.9608 -2.0603 -2.6564
 258  1.034658  3.5543  0.7372  2.8858  4.0567  0.3119 -0.9460 -2.1069 -2.7292
 259  1.034668  3.5512  0.6942  2.9167  4.0521  0.3256 -0.9129 -2.1488 -2.7994
 260  1.034678  3.5483  0.6525  2.9466  4.0432  0.3496 -0.8590 -2.1844 -2.8660
 261  1.034688  3.5453  0.6114  2.9761  4.0227  0.3980 -0.7532 -2.2090 -2.9288
 262  1.034696  3.5424  0.5711  3.0049  3.9891  0.4650 -0.6064 -2.2225 -2.9860
 263  1.034704  3.5397  0.5317  3.0329  3.9507  0.5457 -0.4401 -2.2276 -3.0378
 264  1.034711  3.5368  0.4931  3.0603  3.9116  0.6498 -0.2449 -2.2196 -3.0824
 265  1.034718  3.5340  0.4551  3.0872  3.8760  0.7811 -0.0243 -2.1957 -3.1177
 266  1.034725  3.5313  0.4179  3.1134  3.8498  0.9261  0.1812 -2.1614 -3.1428
 267  1.034731  3.5285  0.3815  3.1390  3.8288  1.0681  0.3605 -2.1265 -3.1638
 268  1.034738  3.5260  0.3462  3.1639  3.8119  1.2005  0.5080 -2.0938 -3.1822
 269  1.034743  3.5233  0.3113  3.1882  3.8004  1.3237  0.6226 -2.0627 -3.1975
 270  1.034748  3.5207  0.2770  3.2120  3.7952  1.4272  0.6903 -2.0392 -3.2131
 271  1.034753  3.5182  0.2435  3.2352  3.7977  1.5111  0.7110 -2.0226 -3.2287
 272  1.034758  3.5153  0.2096  3.2580  3.8075  1.5940  0.7114 -2.0024 -3.2396
 273  1.034762  3.5129  0.1775  3.2801  3.8153  1.6589  0.6939 -1.9893 -3.2528
 274  1.034767  3.5104  0.1458  3.3019  3.8236  1.7169  0.6676 -1.9769 -3.2655
 275  1.034771  3.5079  0.1148  3.3230  3.8342  1.7715  0.6422 -1.9627 -3.2766
 276  1.034774  3.5056  0.0845  3.3436  3.8542  1.8254  0.6319 -1.9447 -3.2861
 277  1.034778  3.5032  0.0552  3.3635  3.8423  1.8608  0.6144 -1.9333 -3.2989
 278  1.034783  3.5009  0.0270  3.3826  3.8263  1.8908  0.5969 -1.9218 -3.3107
 279  1.034782  3.4990  0.0033  3.3988  3.7322  1.8793  0.5527 -1.9248 -3.3257
