#NUMBER OF AGES= 1
#----------------------------------------------------       
#MIX-LEN  Y      Z          Zeff        [Fe/H] [a/Fe]
# 1.9380  0.2714 1.7313E-02 1.7313E-02   0.03   0.00 
#----------------------------------------------------       
#**PHOTOMETRIC SYSTEM**: SDSS (AB)                          
#----------------------------------------------------       
#AGE=11.000 EEPS=268
#EEP   M/Mo    LogTeff  LogG   LogL/Lo sdss_u  sdss_g  sdss_r  sdss_i  sdss_z
  12  0.108774  3.5061  5.2737 -2.8219 18.0072 14.8397 13.3276 12.0758 11.3631
  13  0.126925  3.5060  5.2049 -2.6860 17.6158 14.4915 12.9878 11.7378 11.0248
  14  0.150005  3.5068  5.1369 -2.5423 17.1859 14.1109 12.6180 11.3762 10.6661
  15  0.176253  3.5102  5.0868 -2.4085 16.7289 13.7117 12.2361 11.0235 10.3284
  16  0.197300  3.5139  5.0566 -2.3146 16.3859 13.4124 11.9524 10.7693 10.0904
  17  0.213424  3.5164  5.0342 -2.2481 16.1497 13.2042 11.7550 10.5908  9.9225
  18  0.227753  3.5186  5.0160 -2.1929 15.9530 13.0299 11.5900 10.4421  9.7831
  19  0.241936  3.5207  4.9993 -2.1416 15.7705 12.8674 11.4363 10.3036  9.6535
  20  0.259600  3.5233  4.9809 -2.0824 15.5645 12.6815 11.2605 10.1446  9.5045
  21  0.280435  3.5261  4.9619 -2.0185 15.3426 12.4797 11.0698  9.9725  9.3435
  22  0.296479  3.5282  4.9473 -1.9711 15.1797 12.3310 10.9290  9.8450  9.2241
  23  0.305479  3.5294  4.9385 -1.9448 15.0910 12.2495 10.8520  9.7748  9.1580
  24  0.311602  3.5301  4.9328 -1.9275 15.0326 12.1959 10.8011  9.7285  9.1144
  25  0.316265  3.5307  4.9278 -1.9137 14.9856 12.1527 10.7604  9.6914  9.0796
  26  0.319703  3.5310  4.9244 -1.9042 14.9553 12.1246 10.7335  9.6665  9.0559
  27  0.322444  3.5314  4.9224 -1.8971 14.9310 12.1021 10.7122  9.6473  9.0380
  28  0.324962  3.5317  4.9193 -1.8893 14.9055 12.0788 10.6901  9.6269  9.0187
  29  0.327651  3.5321  4.9175 -1.8826 14.8824 12.0572 10.6697  9.6086  9.0017
  30  0.330904  3.5325  4.9153 -1.8745 14.8550 12.0317 10.6456  9.5870  8.9815
  31  0.335270  3.5330  4.9132 -1.8646 14.8208 12.0000 10.6155  9.5601  8.9567
  32  0.341839  3.5337  4.9106 -1.8505 14.7718 11.9540 10.5718  9.5215  8.9211
  33  0.349438  3.5347  4.9057 -1.8321 14.7092 11.8955 10.5163  9.4720  8.8751
  34  0.422686  3.5476  4.8416 -1.6346 14.0247 11.2441  9.8952  8.9307  8.3830
  35  0.451162  3.5535  4.8143 -1.5547 13.7504 10.9784  9.6427  8.7084  8.1842
  36  0.469438  3.5578  4.7949 -1.5009 13.5677 10.7958  9.4666  8.5580  8.0517
  37  0.485387  3.5619  4.7780 -1.4530 13.4046 10.6299  9.3055  8.4252  7.9352
  38  0.499456  3.5658  4.7634 -1.4105 13.2587 10.4790  9.1586  8.3062  7.8320
  39  0.511020  3.5692  4.7516 -1.3747 13.1361 10.3505  9.0332  8.2059  7.7459
  40  0.521311  3.5726  4.7412 -1.3423 13.0248 10.2327  8.9179  8.1137  7.6676
  41  0.532237  3.5763  4.7305 -1.3076 12.9053 10.1047  8.7923  8.0143  7.5841
  42  0.545024  3.5809  4.7181 -1.2666 12.7640  9.9517  8.6416  7.8966  7.4861
  43  0.559905  3.5865  4.7040 -1.2182 12.5945  9.7668  8.4581  7.7564  7.3716
  44  0.575536  3.5929  4.6896 -1.1667 12.4163  9.5692  8.2650  7.6076  7.2498
  45  0.590941  3.5993  4.6761 -1.1157 12.2467  9.3754  8.0825  7.4625  7.1283
  46  0.605497  3.6058  4.6638 -1.0674 12.0778  9.1863  7.9049  7.3238  7.0144
  47  0.619497  3.6123  4.6527 -1.0203 11.9023  8.9949  7.7255  7.1870  6.9047
  48  0.633421  3.6192  4.6426 -0.9730 11.7277  8.8026  7.5497  7.0509  6.7939
  49  0.647236  3.6262  4.6330 -0.9259 11.5414  8.6061  7.3754  6.9154  6.6827
  50  0.660287  3.6331  4.6247 -0.8811 11.3393  8.4107  7.2084  6.7857  6.5760
  51  0.672274  3.6397  4.6174 -0.8397 11.1306  8.2275  7.0566  6.6660  6.4760
  52  0.678348  3.6431  4.6140 -0.8187 11.0167  8.1339  6.9807  6.6055  6.4245
  53  0.684281  3.6464  4.6105 -0.7981 10.9013  8.0425  6.9080  6.5465  6.3737
  54  0.690125  3.6497  4.6072 -0.7779 10.7847  7.9529  6.8379  6.4890  6.3233
  55  0.695925  3.6530  4.6038 -0.7579 10.6661  7.8643  6.7698  6.4323  6.2732
  56  0.701674  3.6562  4.6003 -0.7380 10.5454  7.7768  6.7031  6.3765  6.2234
  57  0.707382  3.6594  4.5971 -0.7182 10.4222  7.6896  6.6376  6.3214  6.1738
  58  0.713086  3.6627  4.5938 -0.6984 10.2978  7.6026  6.5726  6.2665  6.1241
  59  0.718793  3.6659  4.5904 -0.6786 10.1746  7.5166  6.5084  6.2117  6.0744
  60  0.724484  3.6691  4.5869 -0.6588 10.0521  7.4311  6.4449  6.1572  6.0247
  61  0.730170  3.6724  4.5832 -0.6390  9.9312  7.3475  6.3827  6.1033  5.9754
  62  0.735831  3.6755  4.5796 -0.6194  9.8109  7.2654  6.3213  6.0502  5.9266
  63  0.741467  3.6785  4.5757 -0.6000  9.6928  7.1854  6.2612  5.9978  5.8786
  64  0.747071  3.6816  4.5716 -0.5807  9.5766  7.1070  6.2022  5.9461  5.8310
  65  0.752611  3.6844  4.5675 -0.5615  9.4621  7.0303  6.1443  5.8953  5.7842
  66  0.758076  3.6874  4.5632 -0.5427  9.3504  6.9553  6.0876  5.8455  5.7383
  67  0.763457  3.6902  4.5589 -0.5241  9.2428  6.8826  6.0324  5.7966  5.6933
  68  0.768753  3.6929  4.5545 -0.5058  9.1412  6.8124  5.9787  5.7489  5.6493
  69  0.773967  3.6955  4.5500 -0.4879  9.0453  6.7447  5.9265  5.7022  5.6064
  70  0.779093  3.6980  4.5455 -0.4703  8.9524  6.6794  5.8758  5.6568  5.5644
  71  0.784148  3.7004  4.5409 -0.4531  8.8617  6.6161  5.8265  5.6123  5.5233
  72  0.789114  3.7029  4.5363 -0.4363  8.7700  6.5547  5.7784  5.5691  5.4835
  73  0.794008  3.7052  4.5316 -0.4199  8.6801  6.4952  5.7317  5.5270  5.4448
  74  0.798848  3.7074  4.5269 -0.4037  8.5923  6.4376  5.6862  5.4860  5.4069
  75  0.803646  3.7095  4.5222 -0.3880  8.5069  6.3817  5.6420  5.4459  5.3698
  76  0.808380  3.7115  4.5175 -0.3724  8.4248  6.3275  5.5989  5.4068  5.3335
  77  0.813061  3.7136  4.5127 -0.3572  8.3447  6.2746  5.5568  5.3685  5.2979
  78  0.817654  3.7154  4.5079 -0.3421  8.2671  6.2231  5.5157  5.3311  5.2629
  79  0.822172  3.7174  4.5029 -0.3274  8.1918  6.1730  5.4753  5.2942  5.2286
  80  0.826585  3.7192  4.4980 -0.3129  8.1187  6.1243  5.4360  5.2581  5.1949
  81  0.830907  3.7208  4.4930 -0.2986  8.0478  6.0767  5.3974  5.2226  5.1617
  82  0.835333  3.7227  4.4876 -0.2839  7.9752  6.0280  5.3576  5.1860  5.1274
  83  0.839653  3.7243  4.4822 -0.2694  7.9046  5.9806  5.3185  5.1498  5.0936
  84  0.843857  3.7261  4.4766 -0.2549  7.8355  5.9342  5.2801  5.1143  5.0602
  85  0.847956  3.7276  4.4710 -0.2408  7.7677  5.8891  5.2425  5.0792  5.0272
  86  0.851954  3.7291  4.4653 -0.2269  7.7018  5.8450  5.2055  5.0446  4.9946
  87  0.855859  3.7307  4.4596 -0.2132  7.6377  5.8019  5.1691  5.0106  4.9625
  88  0.859677  3.7321  4.4537 -0.1996  7.5755  5.7597  5.1336  4.9772  4.9309
  89  0.863416  3.7335  4.4478 -0.1863  7.5149  5.7183  5.0986  4.9445  4.8997
  90  0.867073  3.7349  4.4419 -0.1731  7.4563  5.6778  5.0642  4.9122  4.8692
  91  0.870655  3.7361  4.4358 -0.1602  7.3996  5.6378  5.0304  4.8805  4.8391
  92  0.874166  3.7373  4.4297 -0.1473  7.3447  5.5987  4.9972  4.8494  4.8095
  93  0.877605  3.7386  4.4236 -0.1348  7.2915  5.5606  4.9646  4.8188  4.7803
  94  0.880978  3.7397  4.4174 -0.1223  7.2399  5.5230  4.9327  4.7887  4.7515
  95  0.884279  3.7408  4.4112 -0.1102  7.1897  5.4864  4.9012  4.7591  4.7232
  96  0.887521  3.7418  4.4050 -0.0982  7.1411  5.4506  4.8704  4.7299  4.6954
  97  0.890701  3.7429  4.3988 -0.0863  7.0938  5.4154  4.8401  4.7012  4.6680
  98  0.893823  3.7438  4.3925 -0.0747  7.0480  5.3811  4.8103  4.6730  4.6409
  99  0.896887  3.7447  4.3862 -0.0632  7.0040  5.3477  4.7812  4.6453  4.6143
 100  0.899887  3.7456  4.3799 -0.0520  6.9609  5.3150  4.7526  4.6180  4.5882
 101  0.902828  3.7464  4.3736 -0.0411  6.9193  5.2830  4.7246  4.5913  4.5624
 102  0.905711  3.7472  4.3673 -0.0302  6.8789  5.2519  4.6971  4.5650  4.5371
 103  0.908550  3.7479  4.3609 -0.0195  6.8400  5.2215  4.6701  4.5393  4.5122
 104  0.911340  3.7485  4.3545 -0.0091  6.8022  5.1918  4.6437  4.5139  4.4876
 105  0.914098  3.7493  4.3482  0.0011  6.7656  5.1627  4.6176  4.4890  4.4634
 106  0.916822  3.7499  4.3418  0.0113  6.7302  5.1344  4.5921  4.4643  4.4395
 107  0.919516  3.7503  4.3353  0.0212  6.6959  5.1066  4.5670  4.4402  4.4161
 108  0.922167  3.7510  4.3290  0.0309  6.6625  5.0797  4.5425  4.4164  4.3928
 109  0.924755  3.7513  4.3225  0.0406  6.6301  5.0532  4.5182  4.3929  4.3699
 110  0.927206  3.7519  4.3162  0.0500  6.5980  5.0272  4.4945  4.3698  4.3474
 111  0.929577  3.7524  4.3099  0.0592  6.5669  5.0018  4.4712  4.3473  4.3253
 112  0.930902  3.7527  4.3062  0.0645  6.5494  4.9873  4.4579  4.3344  4.3127
 113  0.932227  3.7528  4.3025  0.0698  6.5318  4.9729  4.4446  4.3213  4.3001
 114  0.933550  3.7532  4.2987  0.0753  6.5143  4.9582  4.4310  4.3082  4.2872
 115  0.934875  3.7533  4.2948  0.0806  6.4968  4.9436  4.4175  4.2950  4.2741
 116  0.936198  3.7535  4.2908  0.0862  6.4793  4.9288  4.4037  4.2815  4.2609
 117  0.937520  3.7537  4.2868  0.0916  6.4617  4.9139  4.3898  4.2680  4.2476
 118  0.938843  3.7540  4.2826  0.0972  6.4443  4.8992  4.3759  4.2544  4.2342
 119  0.940161  3.7542  4.2784  0.1028  6.4267  4.8842  4.3619  4.2406  4.2206
 120  0.941480  3.7544  4.2741  0.1084  6.4094  4.8691  4.3477  4.2267  4.2070
 121  0.942795  3.7545  4.2697  0.1141  6.3919  4.8540  4.3335  4.2128  4.1932
 122  0.944115  3.7547  4.2653  0.1198  6.3746  4.8390  4.3192  4.1986  4.1793
 123  0.945402  3.7548  4.2608  0.1257  6.3567  4.8236  4.3046  4.1844  4.1653
 124  0.946696  3.7550  4.2564  0.1315  6.3386  4.8080  4.2899  4.1701  4.1512
 125  0.947996  3.7552  4.2518  0.1373  6.3208  4.7925  4.2753  4.1556  4.1369
 126  0.949298  3.7554  4.2472  0.1433  6.3031  4.7770  4.2606  4.1412  4.1226
 127  0.950602  3.7556  4.2425  0.1492  6.2856  4.7615  4.2459  4.1266  4.1083
 128  0.951908  3.7557  4.2377  0.1550  6.2681  4.7460  4.2311  4.1121  4.0938
 129  0.953215  3.7559  4.2328  0.1610  6.2510  4.7306  4.2162  4.0973  4.0792
 130  0.954524  3.7560  4.2279  0.1670  6.2341  4.7151  4.2014  4.0827  4.0646
 131  0.955830  3.7561  4.2229  0.1730  6.2174  4.6998  4.1864  4.0678  4.0499
 132  0.957138  3.7560  4.2176  0.1790  6.2010  4.6844  4.1714  4.0529  4.0351
 133  0.958442  3.7562  4.2123  0.1851  6.1849  4.6691  4.1564  4.0379  4.0200
 134  0.959742  3.7562  4.2070  0.1912  6.1688  4.6537  4.1413  4.0228  4.0050
 135  0.961041  3.7561  4.2016  0.1972  6.1528  4.6384  4.1261  4.0077  3.9899
 136  0.962338  3.7561  4.1960  0.2033  6.1375  4.6231  4.1108  3.9925  3.9747
 137  0.963630  3.7561  4.1904  0.2095  6.1222  4.6078  4.0956  3.9772  3.9593
 138  0.964919  3.7561  4.1846  0.2156  6.1073  4.5926  4.0804  3.9619  3.9438
 139  0.966204  3.7560  4.1786  0.2218  6.0928  4.5774  4.0650  3.9464  3.9282
 140  0.967485  3.7559  4.1726  0.2280  6.0784  4.5623  4.0496  3.9308  3.9126
 141  0.968762  3.7558  4.1665  0.2342  6.0642  4.5472  4.0342  3.9151  3.8968
 142  0.970040  3.7557  4.1602  0.2404  6.0508  4.5322  4.0187  3.8995  3.8809
 143  0.971310  3.7555  4.1537  0.2467  6.0376  4.5173  4.0032  3.8837  3.8648
 144  0.972577  3.7552  4.1472  0.2530  6.0249  4.5024  3.9877  3.8679  3.8487
 145  0.973838  3.7549  4.1403  0.2593  6.0129  4.4877  3.9721  3.8520  3.8326
 146  0.975095  3.7547  4.1335  0.2656  6.0011  4.4731  3.9565  3.8360  3.8162
 147  0.976347  3.7543  4.1262  0.2719  5.9911  4.4589  3.9411  3.8199  3.7997
 148  0.977592  3.7539  4.1188  0.2782  5.9814  4.4448  3.9255  3.8038  3.7832
 149  0.978836  3.7534  4.1112  0.2846  5.9730  4.4311  3.9101  3.7877  3.7665
 150  0.980076  3.7529  4.1033  0.2908  5.9655  4.4175  3.8946  3.7716  3.7497
 151  0.981312  3.7523  4.0952  0.2971  5.9592  4.4044  3.8794  3.7553  3.7328
 152  0.982556  3.7516  4.0868  0.3034  5.9540  4.3916  3.8641  3.7391  3.7158
 153  0.983799  3.7509  4.0780  0.3096  5.9508  4.3794  3.8489  3.7229  3.6988
 154  0.985048  3.7499  4.0686  0.3158  5.9499  4.3679  3.8341  3.7067  3.6814
 155  0.986312  3.7488  4.0588  0.3219  5.9506  4.3574  3.8194  3.6905  3.6639
 156  0.987600  3.7476  4.0484  0.3280  5.9542  4.3482  3.8052  3.6743  3.6462
 157  0.988913  3.7462  4.0371  0.3341  5.9621  4.3407  3.7914  3.6582  3.6282
 158  0.990271  3.7443  4.0246  0.3397  5.9759  4.3356  3.7786  3.6424  3.6101
 159  0.991679  3.7420  4.0105  0.3451  5.9988  4.3346  3.7674  3.6273  3.5920
 160  0.993132  3.7390  3.9945  0.3497  6.0362  4.3391  3.7589  3.6140  3.5749
 161  0.994549  3.7352  3.9768  0.3528  6.0911  4.3520  3.7552  3.6039  3.5600
 162  0.995679  3.7315  3.9617  0.3537  6.1530  4.3712  3.7576  3.6001  3.5514
 163  0.996805  3.7270  3.9440  0.3540  6.2315  4.3969  3.7625  3.5975  3.5428
 164  0.997925  3.7218  3.9237  0.3540  6.3273  4.4293  3.7706  3.5967  3.5349
 165  0.999045  3.7159  3.8994  0.3550  6.4358  4.4645  3.7785  3.5942  3.5245
 166  1.000154  3.7098  3.8712  0.3596  6.5422  4.4935  3.7792  3.5838  3.5056
 167  1.001196  3.7045  3.8401  0.3699  6.6252  4.5052  3.7656  3.5602  3.4743
 168  1.002115  3.7005  3.8089  0.3853  6.6665  4.4959  3.7375  3.5244  3.4324
 169  1.002920  3.6975  3.7793  0.4034  6.6722  4.4715  3.6999  3.4812  3.3847
 170  1.003646  3.6955  3.7515  0.4231  6.6600  4.4380  3.6568  3.4341  3.3340
 171  1.004317  3.6938  3.7248  0.4435  6.6371  4.3991  3.6104  3.3846  3.2819
 172  1.004952  3.6925  3.6991  0.4645  6.6072  4.3564  3.5620  3.3336  3.2287
 173  1.005561  3.6915  3.6741  0.4856  6.5718  4.3107  3.5119  3.2815  3.1751
 174  1.006149  3.6907  3.6496  0.5071  6.5341  4.2634  3.4610  3.2289  3.1210
 175  1.006723  3.6899  3.6255  0.5287  6.4927  4.2145  3.4092  3.1756  3.0667
 176  1.007284  3.6894  3.6017  0.5504  6.4496  4.1647  3.3570  3.1221  3.0122
 177  1.007841  3.6889  3.5783  0.5721  6.4047  4.1141  3.3043  3.0685  2.9577
 178  1.008392  3.6884  3.5549  0.5938  6.3588  4.0632  3.2516  3.0148  2.9033
 179  1.008940  3.6880  3.5318  0.6155  6.3123  4.0120  3.1989  2.9612  2.8490
 180  1.009485  3.6876  3.5091  0.6370  6.2647  3.9606  3.1462  2.9077  2.7948
 181  1.010020  3.6872  3.4861  0.6586  6.2179  3.9094  3.0936  2.8543  2.7407
 182  1.010349  3.6870  3.4715  0.6724  6.1884  3.8770  3.0601  2.8202  2.7062
 183  1.010677  3.6867  3.4566  0.6862  6.1586  3.8442  3.0263  2.7859  2.6715
 184  1.011006  3.6865  3.4420  0.7000  6.1283  3.8114  2.9925  2.7516  2.6367
 185  1.011336  3.6862  3.4271  0.7140  6.0982  3.7782  2.9583  2.7168  2.6016
 186  1.011663  3.6859  3.4118  0.7282  6.0680  3.7446  2.9237  2.6816  2.5658
 187  1.011990  3.6856  3.3960  0.7431  6.0366  3.7098  2.8877  2.6449  2.5287
 188  1.012313  3.6853  3.3794  0.7585  6.0043  3.6738  2.8503  2.6069  2.4900
 189  1.012630  3.6849  3.3615  0.7751  5.9696  3.6349  2.8101  2.5659  2.4483
 190  1.012942  3.6846  3.3427  0.7926  5.9325  3.5936  2.7674  2.5225  2.4043
 191  1.013247  3.6842  3.3224  0.8114  5.8942  3.5501  2.7220  2.4762  2.3573
 192  1.013545  3.6837  3.3009  0.8311  5.8542  3.5043  2.6744  2.4275  2.3079
 193  1.013835  3.6832  3.2779  0.8521  5.8130  3.4562  2.6238  2.3757  2.2551
 194  1.014122  3.6826  3.2548  0.8732  5.7705  3.4072  2.5726  2.3235  2.2020
 195  1.014402  3.6820  3.2302  0.8955  5.7268  3.3561  2.5190  2.2685  2.1460
 196  1.014674  3.6815  3.2046  0.9187  5.6826  3.3034  2.4633  2.2114  2.0877
 197  1.014939  3.6806  3.1780  0.9426  5.6379  3.2495  2.4062  2.1527  2.0278
 198  1.015198  3.6800  3.1507  0.9669  5.5929  3.1945  2.3479  2.0928  1.9666
 199  1.015448  3.6791  3.1224  0.9922  5.5474  3.1381  2.2876  2.0308  1.9031
 200  1.015692  3.6783  3.0932  1.0181  5.5018  3.0806  2.2261  1.9673  1.8382
 201  1.015929  3.6773  3.0631  1.0445  5.4562  3.0223  2.1633  1.9025  1.7719
 202  1.016158  3.6764  3.0324  1.0715  5.4106  2.9630  2.0996  1.8365  1.7043
 203  1.016378  3.6753  3.0008  1.0991  5.3647  2.9026  2.0342  1.7688  1.6347
 204  1.016592  3.6743  2.9683  1.1272  5.3202  2.8420  1.9680  1.7002  1.5642
 205  1.016798  3.6731  2.9351  1.1557  5.2758  2.7807  1.9011  1.6305  1.4926
 206  1.016995  3.6718  2.9010  1.1849  5.2317  2.7187  1.8329  1.5595  1.4193
 207  1.017185  3.6705  2.8666  1.2145  5.1880  2.6562  1.7642  1.4877  1.3452
 208  1.017366  3.6692  2.8313  1.2444  5.1446  2.5930  1.6945  1.4149  1.2701
 209  1.017540  3.6679  2.7954  1.2748  5.1018  2.5295  1.6241  1.3411  1.1939
 210  1.017708  3.6664  2.7590  1.3056  5.0595  2.4657  1.5532  1.2668  1.1170
 211  1.017872  3.6649  2.7224  1.3364  5.0181  2.4020  1.4822  1.1922  1.0399
 212  1.018028  3.6637  2.6900  1.3638  4.9807  2.3443  1.4178  1.1252  0.9710
 213  1.018156  3.6621  2.6535  1.3944  4.9430  2.2823  1.3475  1.0516  0.8946
 214  1.018300  3.6598  2.5997  1.4387  4.8932  2.1955  1.2483  0.9456  0.7841
 215  1.018455  3.6574  2.5436  1.4852  4.8404  2.1042  1.1443  0.8346  0.6684
 216  1.018726  3.6569  2.5244  1.5023  4.8125  2.0670  1.1044  0.7931  0.6256
 217  1.018756  3.6570  2.5290  1.4987  4.8152  2.0736  1.1124  0.8018  0.6348
 218  1.018781  3.6573  2.5352  1.4936  4.8198  2.0831  1.1235  0.8138  0.6473
 219  1.018804  3.6577  2.5426  1.4877  4.8252  2.0943  1.1366  0.8278  0.6621
 220  1.018823  3.6581  2.5512  1.4807  4.8314  2.1073  1.1519  0.8442  0.6794
 221  1.018841  3.6586  2.5611  1.4730  4.8375  2.1216  1.1691  0.8627  0.6987
 222  1.018856  3.6591  2.5716  1.4645  4.8453  2.1375  1.1877  0.8827  0.7197
 223  1.018871  3.6596  2.5822  1.4558  4.8551  2.1548  1.2075  0.9037  0.7415
 224  1.018887  3.6600  2.5926  1.4470  4.8654  2.1722  1.2273  0.9246  0.7632
 225  1.018905  3.6604  2.6021  1.4391  4.8745  2.1879  1.2451  0.9436  0.7829
 226  1.018926  3.6607  2.6083  1.4342  4.8792  2.1973  1.2561  0.9554  0.7953
 227  1.019180  3.6598  2.5753  1.4634  4.8296  2.1324  1.1866  0.8837  0.7220
 228  1.019427  3.6561  2.4935  1.5308  4.7579  2.0010  1.0353  0.7228  0.5543
 229  1.019638  3.6525  2.4167  1.5933  4.6972  1.8819  0.8961  0.5741  0.3989
 230  1.019824  3.6490  2.3424  1.6534  4.6432  1.7696  0.7637  0.4317  0.2499
 231  1.019985  3.6455  2.2703  1.7115  4.5954  1.6632  0.6372  0.2950  0.1062
 232  1.020127  3.6418  2.1975  1.7697  4.5516  1.5584  0.5117  0.1585 -0.0376
 233  1.020250  3.6382  2.1276  1.8256  4.5139  1.4605  0.3933  0.0285 -0.1749
 234  1.020359  3.6346  2.0581  1.8808  4.4798  1.3658  0.2779 -0.0991 -0.3104
 235  1.020455  3.6311  1.9907  1.9338  4.4505  1.2762  0.1684 -0.2214 -0.4409
 236  1.020541  3.6274  1.9232  1.9866  4.4259  1.1901  0.0624 -0.3416 -0.5700
 237  1.020618  3.6237  1.8570  2.0382  4.4033  1.1079 -0.0391 -0.4581 -0.6960
 238  1.020684  3.6201  1.7928  2.0879  4.3825  1.0305 -0.1345 -0.5694 -0.8175
 239  1.020744  3.6164  1.7289  2.1372  4.3631  0.9565 -0.2264 -0.6788 -0.9379
 240  1.020799  3.6129  1.6659  2.1857  4.3442  0.8856 -0.3139 -0.7851 -1.0559
 241  1.020847  3.6093  1.6048  2.2326  4.3268  0.8197 -0.3951 -0.8865 -1.1701
 242  1.020890  3.6058  1.5448  2.2787  4.3099  0.7571 -0.4715 -0.9850 -1.2820
 243  1.020930  3.6023  1.4859  2.3236  4.2963  0.7000 -0.5407 -1.0794 -1.3916
 244  1.020965  3.5988  1.4284  2.3672  4.2840  0.6485 -0.6043 -1.1696 -1.4974
 245  1.020997  3.5954  1.3713  2.4105  4.2698  0.6000 -0.6643 -1.2576 -1.6020
 246  1.021026  3.5920  1.3159  2.4523  4.2520  0.5544 -0.7221 -1.3421 -1.7025
 247  1.021052  3.5886  1.2616  2.4932  4.2323  0.5121 -0.7760 -1.4235 -1.8003
 248  1.021077  3.5852  1.2080  2.5334  4.2123  0.4739 -0.8231 -1.5020 -1.8962
 249  1.021098  3.5819  1.1557  2.5725  4.1929  0.4405 -0.8606 -1.5765 -1.9897
 250  1.021119  3.5787  1.1045  2.6106  4.1734  0.4111 -0.8885 -1.6475 -2.0811
 251  1.021137  3.5754  1.0540  2.6482  4.1533  0.3855 -0.9089 -1.7158 -2.1710
 252  1.021155  3.5722  1.0049  2.6844  4.1343  0.3646 -0.9226 -1.7799 -2.2575
 253  1.021170  3.5690  0.9564  2.7201  4.1165  0.3493 -0.9305 -1.8405 -2.3421
 254  1.021184  3.5659  0.9088  2.7550  4.1016  0.3356 -0.9410 -1.8989 -2.4245
 255  1.021197  3.5627  0.8625  2.7887  4.0900  0.3279 -0.9457 -1.9529 -2.5036
 256  1.021210  3.5595  0.8167  2.8220  4.0805  0.3272 -0.9420 -2.0032 -2.5804
 257  1.021222  3.5564  0.7722  2.8541  4.0779  0.3294 -0.9370 -2.0508 -2.6540
 258  1.021232  3.5534  0.7285  2.8857  4.0747  0.3357 -0.9182 -2.0970 -2.7267
 259  1.021242  3.5503  0.6854  2.9166  4.0690  0.3522 -0.8798 -2.1377 -2.7966
 260  1.021251  3.5475  0.6436  2.9467  4.0587  0.3800 -0.8188 -2.1716 -2.8624
 261  1.021260  3.5445  0.6026  2.9761  4.0331  0.4348 -0.6967 -2.1931 -2.9244
 262  1.021268  3.5416  0.5622  3.0049  3.9977  0.5070 -0.5417 -2.2040 -2.9805
 263  1.021275  3.5388  0.5229  3.0329  3.9585  0.5918 -0.3705 -2.2068 -3.0310
 264  1.021282  3.5360  0.4841  3.0603  3.9195  0.7052 -0.1637 -2.1941 -3.0735
 265  1.021289  3.5331  0.4460  3.0871  3.8868  0.8432  0.0558 -2.1659 -3.1055
 266  1.021295  3.5304  0.4089  3.1133  3.8621  0.9888  0.2556 -2.1310 -3.1293
 267  1.021301  3.5277  0.3727  3.1388  3.8418  1.1287  0.4269 -2.0967 -3.1499
 268  1.021306  3.5251  0.3372  3.1638  3.8265  1.2595  0.5656 -2.0640 -3.1673
 269  1.021313  3.5225  0.3022  3.1882  3.8161  1.3789  0.6696 -2.0344 -3.1826
 270  1.021316  3.5198  0.2681  3.2119  3.8137  1.4741  0.7178 -2.0145 -3.1991
 271  1.021322  3.5171  0.2341  3.2351  3.8191  1.5587  0.7317 -1.9964 -3.2130
 272  1.021327  3.5144  0.2004  3.2578  3.8285  1.6361  0.7251 -1.9784 -3.2247
 273  1.021331  3.5120  0.1683  3.2800  3.8367  1.6987  0.7037 -1.9656 -3.2379
 274  1.021335  3.5095  0.1366  3.3018  3.8450  1.7551  0.6754 -1.9531 -3.2504
 275  1.021338  3.5070  0.1055  3.3229  3.8623  1.8112  0.6574 -1.9369 -3.2609
 276  1.021342  3.5045  0.0753  3.3435  3.8712  1.8593  0.6444 -1.9207 -3.2714
 277  1.021346  3.5022  0.0459  3.3636  3.8557  1.8917  0.6258 -1.9099 -3.2846
 278  1.021349  3.5000  0.0177  3.3826  3.8362  1.9193  0.6073 -1.8989 -3.2968
 279  1.021348  3.4980 -0.0064  3.3990  3.7475  1.9100  0.5656 -1.9007 -3.3118
