#NUMBER OF AGES= 1
#----------------------------------------------------       
#MIX-LEN  Y      Z          Zeff        [Fe/H] [a/Fe]
# 1.9380  0.2714 1.7313E-02 1.7313E-02   0.03   0.00 
#----------------------------------------------------       
#**PHOTOMETRIC SYSTEM**: SDSS (AB)                          
#----------------------------------------------------       
#AGE=11.500 EEPS=267
#EEP   M/Mo    LogTeff  LogG   LogL/Lo sdss_u  sdss_g  sdss_r  sdss_i  sdss_z
  13  0.123113  3.5060  5.2181 -2.7126 17.6926 14.5598 13.0544 11.8040 11.0910
  14  0.145024  3.5064  5.1493 -2.5706 17.2734 14.1883 12.6929 11.4482 10.7369
  15  0.170439  3.5092  5.0956 -2.4356 16.8266 13.7969 12.3171 11.0966 10.3972
  16  0.192104  3.5131  5.0631 -2.3361 16.4643 13.4811 12.0176 10.8277 10.1450
  17  0.208690  3.5156  5.0396 -2.2661 16.2144 13.2613 11.8093 10.6395  9.9681
  18  0.223037  3.5179  5.0207 -2.2096 16.0128 13.0832 11.6405 10.4874  9.8253
  19  0.236925  3.5200  5.0040 -2.1582 15.8296 12.9204 11.4865 10.3487  9.6957
  20  0.252171  3.5222  4.9872 -2.1054 15.6451 12.7546 11.3296 10.2067  9.5625
  21  0.273580  3.5252  4.9670 -2.0381 15.4104 12.5417 11.1283 10.0250  9.3925
  22  0.291965  3.5276  4.9505 -1.9834 15.2217 12.3696 10.9656  9.8780  9.2548
  23  0.303028  3.5291  4.9401 -1.9511 15.1121 12.2691 10.8704  9.7914  9.1735
  24  0.309912  3.5299  4.9336 -1.9314 15.0462 12.2086 10.8131  9.7392  9.1244
  25  0.315053  3.5306  4.9286 -1.9165 14.9954 12.1617 10.7690  9.6991  9.0867
  26  0.318814  3.5309  4.9248 -1.9062 14.9620 12.1309 10.7395  9.6719  9.0609
  27  0.321728  3.5313  4.9227 -1.8986 14.9362 12.1070 10.7168  9.6515  9.0419
  28  0.324280  3.5316  4.9196 -1.8908 14.9104 12.0834 10.6945  9.6309  9.0223
  29  0.326863  3.5320  4.9178 -1.8842 14.8879 12.0624 10.6747  9.6130  9.0058
  30  0.329862  3.5324  4.9157 -1.8766 14.8622 12.0386 10.6520  9.5928  8.9869
  31  0.333784  3.5328  4.9138 -1.8677 14.8312 12.0096 10.6247  9.5683  8.9644
  32  0.339537  3.5335  4.9116 -1.8553 14.7883 11.9695 10.5865  9.5347  8.9333
  33  0.345940  3.5343  4.9076 -1.8401 14.7364 11.9210 10.5405  9.4935  8.8950
  34  0.410241  3.5451  4.8529 -1.6686 14.1422 11.3581 10.0049  9.0258  8.4677
  35  0.439896  3.5510  4.8247 -1.5857 13.8568 11.0833  9.7436  8.7957  8.2613
  36  0.459895  3.5555  4.8039 -1.5277 13.6593 10.8877  9.5554  8.6332  8.1177
  37  0.477033  3.5597  4.7856 -1.4767 13.4858 10.7129  9.3861  8.4910  7.9927
  38  0.491980  3.5637  4.7698 -1.4315 13.3316 10.5546  9.2323  8.3655  7.8830
  39  0.504802  3.5675  4.7567 -1.3923 13.1970 10.4146  9.0957  8.2556  7.7881
  40  0.515428  3.5708  4.7458 -1.3590 13.0828 10.2944  8.9783  8.1616  7.7078
  41  0.525921  3.5743  4.7352 -1.3258 12.9687 10.1727  8.8591  8.0667  7.6277
  42  0.537500  3.5784  4.7238 -1.2886 12.8413 10.0356  8.7243  7.9605  7.5387
  43  0.551226  3.5834  4.7106 -1.2443 12.6871  9.8682  8.5586  7.8325  7.4333
  44  0.566274  3.5892  4.6963 -1.1948 12.5140  9.6783  8.3709  7.6890  7.3162
  45  0.581583  3.5956  4.6824 -1.1439 12.3416  9.4842  8.1843  7.5431  7.1954
  46  0.596402  3.6019  4.6694 -1.0946 12.1769  9.2958  8.0080  7.4029  7.0782
  47  0.610363  3.6083  4.6579 -1.0478 12.0072  9.1089  7.8316  7.2674  6.9687
  48  0.623935  3.6148  4.6473 -1.0017 11.8353  8.9211  7.6571  7.1339  6.8612
  49  0.637395  3.6215  4.6374 -0.9556 11.6638  8.7333  7.4872  7.0017  6.7530
  50  0.650550  3.6283  4.6284 -0.9104 11.4771  8.5418  7.3195  6.8714  6.6460
  51  0.662744  3.6349  4.6206 -0.8682 11.2801  8.3560  7.1624  6.7489  6.5449
  52  0.668926  3.6384  4.6169 -0.8466 11.1705  8.2606  7.0832  6.6865  6.4927
  53  0.674961  3.6418  4.6133 -0.8255 11.0581  8.1668  7.0067  6.6257  6.4413
  54  0.680849  3.6452  4.6099 -0.8049 10.9438  8.0752  6.9333  6.5665  6.3906
  55  0.686619  3.6485  4.6065 -0.7848 10.8285  7.9855  6.8628  6.5088  6.3404
  56  0.692314  3.6516  4.6031 -0.7649 10.7122  7.8977  6.7947  6.4525  6.2907
  57  0.697965  3.6548  4.5997 -0.7452 10.5941  7.8109  6.7282  6.3970  6.2413
  58  0.703549  3.6581  4.5963 -0.7257 10.4735  7.7249  6.6633  6.3425  6.1925
  59  0.709106  3.6611  4.5930 -0.7062 10.3520  7.6396  6.5994  6.2885  6.1436
  60  0.714669  3.6644  4.5896 -0.6866 10.2295  7.5541  6.5356  6.2343  6.0945
  61  0.720235  3.6676  4.5861 -0.6670 10.1091  7.4697  6.4729  6.1805  6.0455
  62  0.725779  3.6707  4.5826 -0.6476  9.9891  7.3865  6.4108  6.1271  5.9967
  63  0.731305  3.6737  4.5789 -0.6282  9.8708  7.3050  6.3500  6.0744  5.9484
  64  0.736810  3.6768  4.5750 -0.6090  9.7533  7.2251  6.2900  6.0223  5.9006
  65  0.742281  3.6798  4.5711 -0.5898  9.6379  7.1471  6.2313  5.9710  5.8535
  66  0.747707  3.6828  4.5669 -0.5709  9.5246  7.0707  6.1737  5.9205  5.8070
  67  0.753074  3.6855  4.5628 -0.5522  9.4132  6.9960  6.1172  5.8709  5.7612
  68  0.758356  3.6884  4.5584 -0.5336  9.3050  6.9231  6.0619  5.8222  5.7164
  69  0.763542  3.6911  4.5541 -0.5154  9.2011  6.8526  6.0082  5.7746  5.6724
  70  0.768637  3.6937  4.5497 -0.4976  9.1040  6.7846  5.9560  5.7280  5.6296
  71  0.773655  3.6962  4.5451 -0.4801  9.0110  6.7189  5.9052  5.6825  5.5876
  72  0.778588  3.6988  4.5406 -0.4629  8.9208  6.6554  5.8558  5.6381  5.5466
  73  0.783443  3.7011  4.5359 -0.4462  8.8318  6.5939  5.8077  5.5948  5.5066
  74  0.788215  3.7034  4.5313 -0.4298  8.7425  6.5342  5.7608  5.5526  5.4677
  75  0.792913  3.7056  4.5266 -0.4137  8.6550  6.4763  5.7154  5.5114  5.4297
  76  0.797542  3.7077  4.5218 -0.3980  8.5700  6.4204  5.6711  5.4714  5.3927
  77  0.802136  3.7098  4.5170 -0.3825  8.4871  6.3660  5.6279  5.4324  5.3566
  78  0.806667  3.7117  4.5123 -0.3674  8.4072  6.3132  5.5860  5.3942  5.3211
  79  0.811147  3.7136  4.5075 -0.3524  8.3297  6.2618  5.5449  5.3569  5.2862
  80  0.815557  3.7155  4.5026 -0.3377  8.2542  6.2116  5.5047  5.3201  5.2521
  81  0.819891  3.7174  4.4976 -0.3234  8.1810  6.1628  5.4653  5.2842  5.2186
  82  0.824392  3.7192  4.4924 -0.3083  8.1058  6.1125  5.4245  5.2467  5.1835
  83  0.828807  3.7209  4.4870 -0.2934  8.0327  6.0632  5.3844  5.2098  5.1490
  84  0.833128  3.7226  4.4815 -0.2788  7.9612  6.0151  5.3449  5.1734  5.1149
  85  0.837353  3.7244  4.4760 -0.2643  7.8914  5.9680  5.3062  5.1375  5.0812
  86  0.841469  3.7259  4.4702 -0.2500  7.8235  5.9222  5.2682  5.1021  5.0480
  87  0.845473  3.7275  4.4645 -0.2360  7.7569  5.8775  5.2308  5.0672  5.0151
  88  0.849374  3.7290  4.4587 -0.2222  7.6921  5.8340  5.1940  5.0330  4.9826
  89  0.853183  3.7305  4.4528 -0.2086  7.6290  5.7913  5.1580  4.9992  4.9507
  90  0.856900  3.7318  4.4469 -0.1950  7.5676  5.7495  5.1226  4.9659  4.9192
  91  0.860533  3.7332  4.4408 -0.1818  7.5081  5.7086  5.0878  4.9334  4.8883
  92  0.864086  3.7345  4.4347 -0.1687  7.4503  5.6685  5.0537  4.9012  4.8577
  93  0.867562  3.7357  4.4285 -0.1559  7.3947  5.6290  5.0202  4.8697  4.8278
  94  0.870965  3.7370  4.4223 -0.1431  7.3406  5.5904  4.9873  4.8388  4.7983
  95  0.874293  3.7381  4.4161 -0.1306  7.2882  5.5526  4.9549  4.8083  4.7693
  96  0.877555  3.7392  4.4098 -0.1183  7.2372  5.5154  4.9231  4.7784  4.7406
  97  0.880750  3.7402  4.4035 -0.1061  7.1877  5.4791  4.8918  4.7488  4.7125
  98  0.883884  3.7413  4.3971 -0.0942  7.1399  5.4436  4.8612  4.7199  4.6847
  99  0.886959  3.7423  4.3907 -0.0825  7.0937  5.4090  4.8311  4.6913  4.6572
 100  0.889979  3.7432  4.3843 -0.0709  7.0485  5.3749  4.8015  4.6632  4.6302
 101  0.892949  3.7440  4.3779 -0.0595  7.0048  5.3417  4.7724  4.6356  4.6037
 102  0.895867  3.7448  4.3713 -0.0483  6.9624  5.3092  4.7439  4.6083  4.5775
 103  0.898741  3.7456  4.3648 -0.0373  6.9216  5.2775  4.7160  4.5816  4.5517
 104  0.901564  3.7463  4.3583 -0.0266  6.8821  5.2467  4.6886  4.5553  4.5263
 105  0.904350  3.7471  4.3518 -0.0159  6.8437  5.2164  4.6616  4.5294  4.5014
 106  0.907096  3.7477  4.3453 -0.0055  6.8067  5.1870  4.6352  4.5041  4.4767
 107  0.909810  3.7483  4.3387  0.0048  6.7709  5.1582  4.6092  4.4791  4.4524
 108  0.912481  3.7489  4.3321  0.0148  6.7364  5.1301  4.5838  4.4545  4.4285
 109  0.915090  3.7494  4.3255  0.0247  6.7028  5.1026  4.5588  4.4304  4.4049
 110  0.917553  3.7499  4.3190  0.0344  6.6697  5.0756  4.5343  4.4067  4.3819
 111  0.919932  3.7504  4.3126  0.0439  6.6375  5.0493  4.5104  4.3834  4.3592
 112  0.921217  3.7507  4.3091  0.0492  6.6200  5.0350  4.4971  4.3706  4.3467
 113  0.922503  3.7508  4.3053  0.0545  6.6025  5.0205  4.4838  4.3577  4.3340
 114  0.923786  3.7512  4.3015  0.0598  6.5849  5.0060  4.4704  4.3446  4.3212
 115  0.925070  3.7513  4.2978  0.0653  6.5674  4.9913  4.4569  4.3315  4.3083
 116  0.926352  3.7515  4.2937  0.0706  6.5500  4.9767  4.4433  4.3181  4.2952
 117  0.927633  3.7518  4.2897  0.0762  6.5324  4.9619  4.4295  4.3047  4.2821
 118  0.928914  3.7520  4.2856  0.0816  6.5151  4.9471  4.4156  4.2911  4.2687
 119  0.930193  3.7522  4.2815  0.0872  6.4976  4.9322  4.4017  4.2776  4.2553
 120  0.931474  3.7524  4.2772  0.0928  6.4802  4.9172  4.3877  4.2638  4.2419
 121  0.932749  3.7526  4.2729  0.0985  6.4628  4.9022  4.3735  4.2499  4.2281
 122  0.934030  3.7528  4.2685  0.1042  6.4455  4.8872  4.3593  4.2360  4.2144
 123  0.935281  3.7530  4.2641  0.1099  6.4276  4.8718  4.3448  4.2217  4.2004
 124  0.936537  3.7532  4.2597  0.1157  6.4095  4.8563  4.3303  4.2076  4.1864
 125  0.937798  3.7533  4.2552  0.1215  6.3918  4.8409  4.3158  4.1932  4.1723
 126  0.939061  3.7535  4.2506  0.1273  6.3743  4.8255  4.3012  4.1789  4.1582
 127  0.940325  3.7536  4.2460  0.1332  6.3567  4.8102  4.2865  4.1645  4.1439
 128  0.941591  3.7538  4.2413  0.1391  6.3393  4.7947  4.2719  4.1500  4.1296
 129  0.942857  3.7539  4.2364  0.1449  6.3222  4.7793  4.2571  4.1354  4.1152
 130  0.944127  3.7540  4.2315  0.1509  6.3053  4.7640  4.2423  4.1208  4.1006
 131  0.945395  3.7541  4.2265  0.1568  6.2887  4.7487  4.2275  4.1060  4.0859
 132  0.946665  3.7542  4.2213  0.1629  6.2723  4.7334  4.2125  4.0913  4.0711
 133  0.947929  3.7543  4.2161  0.1688  6.2563  4.7181  4.1976  4.0764  4.0564
 134  0.949191  3.7542  4.2109  0.1749  6.2403  4.7028  4.1825  4.0613  4.0414
 135  0.950452  3.7542  4.2054  0.1809  6.2244  4.6875  4.1675  4.0463  4.0263
 136  0.951710  3.7542  4.1998  0.1871  6.2092  4.6723  4.1524  4.0312  4.0112
 137  0.952963  3.7542  4.1942  0.1931  6.1939  4.6571  4.1372  4.0160  3.9959
 138  0.954214  3.7542  4.1884  0.1993  6.1791  4.6420  4.1220  4.0007  3.9806
 139  0.955460  3.7541  4.1825  0.2053  6.1648  4.6269  4.1067  3.9854  3.9650
 140  0.956700  3.7540  4.1766  0.2116  6.1502  4.6117  4.0914  3.9699  3.9495
 141  0.957937  3.7539  4.1705  0.2177  6.1363  4.5968  4.0761  3.9544  3.9339
 142  0.959169  3.7538  4.1643  0.2239  6.1229  4.5819  4.0608  3.9389  3.9181
 143  0.960395  3.7536  4.1579  0.2301  6.1099  4.5671  4.0454  3.9232  3.9023
 144  0.961617  3.7534  4.1513  0.2364  6.0973  4.5523  4.0300  3.9076  3.8863
 145  0.962834  3.7530  4.1446  0.2425  6.0856  4.5379  4.0146  3.8918  3.8702
 146  0.964046  3.7528  4.1378  0.2488  6.0738  4.5233  3.9992  3.8760  3.8542
 147  0.965258  3.7524  4.1306  0.2551  6.0642  4.5093  3.9839  3.8600  3.8378
 148  0.966465  3.7520  4.1232  0.2613  6.0547  4.4954  3.9685  3.8441  3.8214
 149  0.967672  3.7515  4.1156  0.2676  6.0464  4.4817  3.9532  3.8281  3.8048
 150  0.968878  3.7510  4.1078  0.2739  6.0390  4.4683  3.9378  3.8121  3.7881
 151  0.970082  3.7503  4.0996  0.2801  6.0329  4.4553  3.9226  3.7960  3.7714
 152  0.971292  3.7497  4.0912  0.2863  6.0280  4.4428  3.9075  3.7798  3.7543
 153  0.972501  3.7489  4.0823  0.2925  6.0247  4.4310  3.8926  3.7637  3.7372
 154  0.973718  3.7480  4.0729  0.2987  6.0231  4.4199  3.8778  3.7475  3.7199
 155  0.974946  3.7469  4.0631  0.3049  6.0241  4.4099  3.8633  3.7313  3.7024
 156  0.976193  3.7457  4.0526  0.3109  6.0280  4.4010  3.8493  3.7153  3.6847
 157  0.977462  3.7442  4.0412  0.3169  6.0363  4.3939  3.8358  3.6993  3.6669
 158  0.978769  3.7424  4.0288  0.3225  6.0507  4.3892  3.8232  3.6838  3.6489
 159  0.980114  3.7400  4.0148  0.3278  6.0746  4.3883  3.8122  3.6691  3.6313
 160  0.981496  3.7370  3.9989  0.3325  6.1116  4.3926  3.8039  3.6557  3.6143
 161  0.982856  3.7333  3.9813  0.3358  6.1661  4.4050  3.7996  3.6453  3.5990
 162  0.983947  3.7297  3.9661  0.3370  6.2272  4.4236  3.8014  3.6409  3.5898
 163  0.985037  3.7253  3.9480  0.3380  6.3037  4.4476  3.8050  3.6371  3.5802
 164  0.986124  3.7201  3.9272  0.3387  6.3964  4.4776  3.8113  3.6345  3.5706
 165  0.987208  3.7144  3.9024  0.3409  6.5005  4.5096  3.8165  3.6295  3.5577
 166  0.988275  3.7085  3.8737  0.3468  6.6016  4.5349  3.8141  3.6163  3.5364
 167  0.989273  3.7034  3.8426  0.3580  6.6781  4.5431  3.7982  3.5907  3.5034
 168  0.990160  3.6996  3.8115  0.3737  6.7133  4.5320  3.7689  3.5540  3.4606
 169  0.990943  3.6967  3.7821  0.3921  6.7169  4.5067  3.7307  3.5104  3.4126
 170  0.991651  3.6946  3.7542  0.4119  6.7033  4.4724  3.6870  3.4627  3.3614
 171  0.992308  3.6930  3.7275  0.4326  6.6795  4.4327  3.6400  3.4127  3.3088
 172  0.992927  3.6917  3.7016  0.4537  6.6490  4.3894  3.5910  3.3610  3.2551
 173  0.993522  3.6908  3.6765  0.4752  6.6136  4.3430  3.5404  3.3084  3.2009
 174  0.994098  3.6900  3.6519  0.4968  6.5749  4.2950  3.4888  3.2552  3.1463
 175  0.994658  3.6893  3.6277  0.5186  6.5326  4.2453  3.4364  3.2014  3.0916
 176  0.995206  3.6887  3.6038  0.5404  6.4888  4.1949  3.3835  3.1473  3.0364
 177  0.995746  3.6882  3.5800  0.5624  6.4430  4.1437  3.3303  3.0931  2.9813
 178  0.996282  3.6878  3.5566  0.5845  6.3961  4.0918  3.2769  3.0387  2.9262
 179  0.996814  3.6874  3.5331  0.6064  6.3485  4.0398  3.2233  2.9843  2.8710
 180  0.997344  3.6870  3.5100  0.6283  6.2996  3.9872  3.1695  2.9298  2.8160
 181  0.997861  3.6866  3.4867  0.6505  6.2514  3.9348  3.1157  2.8751  2.7606
 182  0.998175  3.6864  3.4720  0.6642  6.2219  3.9023  3.0822  2.8410  2.7261
 183  0.998488  3.6861  3.4572  0.6781  6.1918  3.8695  3.0484  2.8067  2.6913
 184  0.998803  3.6859  3.4424  0.6920  6.1614  3.8364  3.0145  2.7723  2.6566
 185  0.999116  3.6856  3.4276  0.7059  6.1311  3.8032  2.9802  2.7376  2.6214
 186  0.999430  3.6853  3.4124  0.7202  6.1008  3.7696  2.9456  2.7023  2.5857
 187  0.999742  3.6850  3.3966  0.7350  6.0696  3.7350  2.9099  2.6659  2.5488
 188  1.000052  3.6848  3.3803  0.7502  6.0376  3.6994  2.8729  2.6283  2.5106
 189  1.000356  3.6843  3.3626  0.7666  6.0035  3.6609  2.8331  2.5877  2.4694
 190  1.000656  3.6841  3.3441  0.7838  5.9668  3.6203  2.7911  2.5450  2.4260
 191  1.000949  3.6837  3.3238  0.8026  5.9282  3.5766  2.7457  2.4987  2.3790
 192  1.001235  3.6832  3.3025  0.8222  5.8879  3.5309  2.6981  2.4501  2.3297
 193  1.001512  3.6827  3.2794  0.8432  5.8465  3.4826  2.6475  2.3983  2.2769
 194  1.001788  3.6822  3.2566  0.8643  5.8038  3.4338  2.5966  2.3464  2.2242
 195  1.002056  3.6816  3.2321  0.8864  5.7603  3.3830  2.5432  2.2918  2.1685
 196  1.002317  3.6810  3.2064  0.9097  5.7160  3.3302  2.4875  2.2347  2.1103
 197  1.002571  3.6803  3.1799  0.9335  5.6713  3.2762  2.4304  2.1760  2.0504
 198  1.002820  3.6795  3.1529  0.9578  5.6259  3.2214  2.3722  2.1162  1.9894
 199  1.003060  3.6787  3.1245  0.9830  5.5803  3.1649  2.3121  2.0542  1.9260
 200  1.003294  3.6778  3.0952  1.0089  5.5344  3.1073  2.2504  1.9907  1.8609
 201  1.003522  3.6769  3.0652  1.0354  5.4886  3.0488  2.1876  1.9258  1.7946
 202  1.003742  3.6760  3.0347  1.0623  5.4425  2.9895  2.1237  1.8599  1.7270
 203  1.003954  3.6750  3.0030  1.0900  5.3964  2.9288  2.0583  1.7921  1.6574
 204  1.004159  3.6739  2.9704  1.1182  5.3514  2.8678  1.9919  1.7230  1.5866
 205  1.004357  3.6727  2.9372  1.1468  5.3064  2.8063  1.9246  1.6532  1.5147
 206  1.004545  3.6714  2.9032  1.1761  5.2619  2.7439  1.8563  1.5820  1.4413
 207  1.004728  3.6703  2.8685  1.2057  5.2174  2.6809  1.7870  1.5098  1.3669
 208  1.004902  3.6689  2.8332  1.2359  5.1735  2.6175  1.7171  1.4367  1.2914
 209  1.005070  3.6675  2.7973  1.2663  5.1302  2.5536  1.6465  1.3628  1.2150
 210  1.005232  3.6661  2.7610  1.2971  5.0875  2.4897  1.5755  1.2884  1.1381
 211  1.005390  3.6647  2.7249  1.3275  5.0459  2.4263  1.5050  1.2146  1.0619
 212  1.005537  3.6634  2.6925  1.3549  5.0095  2.3694  1.4412  1.1481  0.9934
 213  1.005657  3.6618  2.6537  1.3873  4.9692  2.3035  1.3667  1.0698  0.9123
 214  1.005800  3.6593  2.5971  1.4341  4.9164  2.2120  1.2622  0.9582  0.7958
 215  1.005953  3.6570  2.5432  1.4787  4.8661  2.1246  1.1625  0.8517  0.6846
 216  1.006227  3.6571  2.5365  1.4857  4.8474  2.1064  1.1448  0.8342  0.6673
 217  1.006251  3.6573  2.5432  1.4804  4.8515  2.1160  1.1563  0.8466  0.6804
 218  1.006273  3.6577  2.5509  1.4743  4.8564  2.1272  1.1697  0.8610  0.6955
 219  1.006293  3.6581  2.5593  1.4676  4.8621  2.1396  1.1845  0.8770  0.7121
 220  1.006311  3.6587  2.5687  1.4601  4.8688  2.1537  1.2011  0.8948  0.7310
 221  1.006327  3.6592  2.5793  1.4516  4.8756  2.1692  1.2196  0.9149  0.7519
 222  1.006343  3.6598  2.5904  1.4426  4.8841  2.1863  1.2396  0.9363  0.7743
 223  1.006359  3.6602  2.6016  1.4334  4.8942  2.2046  1.2605  0.9585  0.7974
 224  1.006377  3.6607  2.6126  1.4243  4.9046  2.2224  1.2808  0.9800  0.8199
 225  1.006400  3.6611  2.6219  1.4167  4.9134  2.2376  1.2983  0.9985  0.8391
 226  1.006427  3.6613  2.6261  1.4132  4.9164  2.2441  1.3058  1.0066  0.8475
 227  1.006676  3.6590  2.5653  1.4649  4.8463  2.1367  1.1864  0.8815  0.7182
 228  1.006907  3.6555  2.4854  1.5308  4.7754  2.0080  1.0384  0.7241  0.5543
 229  1.007108  3.6518  2.4082  1.5936  4.7144  1.8885  0.8986  0.5746  0.3982
 230  1.007280  3.6483  2.3349  1.6529  4.6615  1.7778  0.7681  0.4343  0.2513
 231  1.007433  3.6448  2.2626  1.7112  4.6136  1.6711  0.6413  0.2972  0.1072
 232  1.007567  3.6412  2.1902  1.7692  4.5703  1.5672  0.5166  0.1614 -0.0358
 233  1.007683  3.6376  2.1198  1.8253  4.5326  1.4690  0.3980  0.0312 -0.1738
 234  1.007786  3.6341  2.0510  1.8799  4.4989  1.3751  0.2837 -0.0954 -0.3081
 235  1.007877  3.6305  1.9829  1.9336  4.4698  1.2851  0.1737 -0.2186 -0.4397
 236  1.007958  3.6268  1.9156  1.9861  4.4449  1.1995  0.0682 -0.3382 -0.5684
 237  1.008030  3.6231  1.8492  2.0378  4.4220  1.1172 -0.0332 -0.4550 -0.6948
 238  1.008093  3.6194  1.7853  2.0874  4.4011  1.0404 -0.1281 -0.5659 -0.8159
 239  1.008150  3.6158  1.7212  2.1369  4.3817  0.9666 -0.2195 -0.6752 -0.9364
 240  1.008202  3.6122  1.6583  2.1852  4.3627  0.8962 -0.3064 -0.7811 -1.0542
 241  1.008247  3.6087  1.5970  2.2324  4.3449  0.8303 -0.3872 -0.8827 -1.1687
 242  1.008288  3.6051  1.5371  2.2783  4.3278  0.7680 -0.4630 -0.9809 -1.2806
 243  1.008325  3.6016  1.4784  2.3231  4.3148  0.7121 -0.5310 -1.0748 -1.3897
 244  1.008359  3.5982  1.4208  2.3668  4.3018  0.6607 -0.5943 -1.1649 -1.4959
 245  1.008389  3.5947  1.3636  2.4101  4.2869  0.6125 -0.6539 -1.2528 -1.6004
 246  1.008417  3.5913  1.3085  2.4516  4.2682  0.5671 -0.7116 -1.3367 -1.7001
 247  1.008441  3.5879  1.2538  2.4928  4.2479  0.5253 -0.7647 -1.4183 -1.7984
 248  1.008464  3.5845  1.2004  2.5329  4.2278  0.4876 -0.8107 -1.4964 -1.8944
 249  1.008485  3.5813  1.1479  2.5721  4.2082  0.4548 -0.8464 -1.5706 -1.9879
 250  1.008504  3.5780  1.0967  2.6103  4.1883  0.4260 -0.8726 -1.6414 -2.0795
 251  1.008521  3.5747  1.0465  2.6475  4.1683  0.4011 -0.8917 -1.7088 -2.1686
 252  1.008538  3.5716  0.9970  2.6841  4.1493  0.3812 -0.9044 -1.7729 -2.2557
 253  1.008552  3.5683  0.9485  2.7198  4.1311  0.3652 -0.9134 -1.8337 -2.3403
 254  1.008566  3.5651  0.9011  2.7545  4.1176  0.3533 -0.9226 -1.8912 -2.4224
 255  1.008578  3.5620  0.8547  2.7882  4.1064  0.3471 -0.9258 -1.9445 -2.5010
 256  1.008589  3.5588  0.8088  2.8215  4.0980  0.3469 -0.9215 -1.9947 -2.5778
 257  1.008600  3.5557  0.7643  2.8537  4.0958  0.3499 -0.9142 -2.0423 -2.6516
 258  1.008611  3.5526  0.7206  2.8851  4.0921  0.3582 -0.8910 -2.0875 -2.7239
 259  1.008620  3.5497  0.6777  2.9161  4.0853  0.3770 -0.8475 -2.1271 -2.7935
 260  1.008629  3.5467  0.6357  2.9462  4.0737  0.4151 -0.7687 -2.1573 -2.8590
 261  1.008637  3.5438  0.5946  2.9755  4.0428  0.4707 -0.6401 -2.1774 -2.9198
 262  1.008644  3.5409  0.5543  3.0043  4.0055  0.5475 -0.4780 -2.1859 -2.9746
 263  1.008651  3.5381  0.5149  3.0324  3.9659  0.6366 -0.3019 -2.1864 -3.0240
 264  1.008658  3.5352  0.4760  3.0599  3.9272  0.7595 -0.0837 -2.1688 -3.0643
 265  1.008664  3.5324  0.4380  3.0867  3.8973  0.9028  0.1327 -2.1373 -3.0933
 266  1.008671  3.5296  0.4008  3.1128  3.8740  1.0485  0.3261 -2.1017 -3.1160
 267  1.008675  3.5270  0.3647  3.1383  3.8549  1.1865  0.4889 -2.0679 -3.1359
 268  1.008682  3.5243  0.3291  3.1632  3.8409  1.3153  0.6187 -2.0357 -3.1527
 269  1.008686  3.5217  0.2941  3.1877  3.8318  1.4307  0.7119 -2.0075 -3.1680
 270  1.008691  3.5190  0.2599  3.2115  3.8322  1.5183  0.7423 -1.9907 -3.1851
 271  1.008695  3.5162  0.2256  3.2346  3.8403  1.6041  0.7499 -1.9707 -3.1971
 272  1.008700  3.5136  0.1923  3.2574  3.8485  1.6748  0.7369 -1.9557 -3.2103
 273  1.008704  3.5111  0.1600  3.2795  3.8572  1.7362  0.7126 -1.9427 -3.2232
 274  1.008707  3.5086  0.1283  3.3012  3.8658  1.7913  0.6829 -1.9300 -3.2354
 275  1.008711  3.5061  0.0972  3.3224  3.8963  1.8516  0.6750 -1.9107 -3.2450
 276  1.008714  3.5038  0.0670  3.3430  3.8830  1.8893  0.6555 -1.8981 -3.2572
 277  1.008718  3.5014  0.0376  3.3630  3.8651  1.9197  0.6364 -1.8875 -3.2706
 278  1.008721  3.4991  0.0093  3.3822  3.7662  1.9133  0.5893 -1.8877 -3.2869
 279  1.008724  3.4971 -0.0154  3.3989  3.7675  1.9415  0.5804 -1.8767 -3.2980
