#NUMBER OF AGES= 1
#----------------------------------------------------       
#MIX-LEN  Y      Z          Zeff        [Fe/H] [a/Fe]
# 1.9380  0.2925 2.9511E-02 2.9511E-02   0.28   0.00 
#----------------------------------------------------       
#**PHOTOMETRIC SYSTEM**: SkyMapper (AB)                     
#----------------------------------------------------       
#AGE=12.000 EEPS=267
#EEP   M/Mo    LogTeff  LogG   LogL/Lo u       v       g       r       i       z
  13  0.118012  3.4975  5.2108 -2.7572 17.5020 17.0260 14.2947 13.3776 11.7497 11.1712
  14  0.140488  3.4978  5.1419 -2.6119 17.1083 16.6081 13.9275 13.0120 11.3897 10.8098
  15  0.163660  3.4994  5.0897 -2.4866 16.7432 16.2190 13.5875 12.6761 11.0716 10.4953
  16  0.183601  3.5023  5.0571 -2.3926 16.4421 15.8970 13.3074 12.4026 10.8247 10.2563
  17  0.200235  3.5048  5.0333 -2.3208 16.2092 15.6484 13.0905 12.1915 10.6356 10.0739
  18  0.215423  3.5069  5.0123 -2.2601 16.0156 15.4425 12.9100 12.0158 10.4762  9.9197
  19  0.230470  3.5089  4.9936 -2.2039 15.8358 15.2518 12.7418 11.8525 10.3287  9.7771
  20  0.245755  3.5109  4.9763 -2.1506 15.6653 15.0714 12.5819 11.6975 10.1883  9.6420
  21  0.264405  3.5133  4.9569 -2.0899 15.4720 14.8673 12.4000 11.5215 10.0288  9.4886
  22  0.285371  3.5159  4.9373 -2.0269 15.2708 14.6553 12.2102 11.3381  9.8626  9.3290
  23  0.299997  3.5177  4.9266 -1.9875 15.1444 14.5226 12.0903 11.2227  9.7584  9.2295
  24  0.308300  3.5186  4.9205 -1.9658 15.0752 14.4500 12.0245 11.1593  9.7011  9.1747
  25  0.313838  3.5190  4.9182 -1.9543 15.0410 14.4145 11.9915 11.1272  9.6714  9.1458
  26  0.317968  3.5197  4.9167 -1.9440 15.0043 14.3759 11.9565 11.0940  9.6429  9.1197
  27  0.320934  3.5200  4.9125 -1.9345 14.9755 14.3455 11.9295 11.0678  9.6185  9.0960
  28  0.323042  3.5203  4.9138 -1.9317 14.9643 14.3340 11.9184 11.0574  9.6103  9.0887
  29  0.325153  3.5206  4.9112 -1.9253 14.9446 14.3133 11.8999 11.0395  9.5937  9.0727
  30  0.327244  3.5209  4.9101 -1.9202 14.9279 14.2958 11.8840 11.0242  9.5803  9.0600
  31  0.330298  3.5213  4.9076 -1.9123 14.9027 14.2693 11.8599 11.0011  9.5593  9.0400
  32  0.334713  3.5217  4.9045 -1.9015 14.8683 14.2333 11.8272 10.9696  9.5308  9.0128
  33  0.341248  3.5225  4.9003 -1.8860 14.8194 14.1822 11.7805 10.9247  9.4899  8.9737
  34  0.364056  3.5252  4.8842 -1.8306 14.6420 13.9968 11.6109 10.7617  9.3436  8.8347
  35  0.444381  3.5391  4.8145 -1.6191 13.9533 13.2786 10.9451 10.1283  8.7807  8.3075
  36  0.471437  3.5453  4.7910 -1.5453 13.7116 13.0292 10.7032  9.8985  8.5818  8.1252
  37  0.491442  3.5505  4.7735 -1.4886 13.5257 12.8389 10.5125  9.7170  8.4270  7.9855
  38  0.507691  3.5553  4.7590 -1.4411 13.3710 12.6817 10.3502  9.5615  8.2974  7.8695
  39  0.521627  3.5595  4.7464 -1.3995 13.2355 12.5451 10.2047  9.4215  8.1835  7.7684
  40  0.533952  3.5636  4.7352 -1.3621 13.1129 12.4221 10.0698  9.2906  8.0812  7.6780
  41  0.545936  3.5676  4.7244 -1.3253 12.9920 12.3018  9.9342  9.1583  7.9804  7.5896
  42  0.558281  3.5720  4.7133 -1.2872 12.8664 12.1775  9.7907  9.0179  7.8752  7.4979
  43  0.571237  3.5766  4.7015 -1.2469 12.7335 12.0469  9.6367  8.8663  7.7637  7.4014
  44  0.585016  3.5818  4.6892 -1.2037 12.5880 11.9049  9.4660  8.6970  7.6431  7.2984
  45  0.599170  3.5873  4.6768 -1.1587 12.4307 11.7528  9.2798  8.5107  7.5160  7.1919
  46  0.613266  3.5932  4.6651 -1.1135 12.2711 11.5982  9.0881  8.3195  7.3871  7.0843
  47  0.626969  3.5992  4.6542 -1.0689 12.1167 11.4466  8.9011  8.1354  7.2610  6.9785
  48  0.639983  3.6051  4.6442 -1.0263 11.9652 11.2980  8.7200  7.9571  7.1403  6.8778
  49  0.652297  3.6108  4.6353 -0.9862 11.8150 11.1523  8.5454  7.7839  7.0266  6.7841
  50  0.663502  3.6161  4.6273 -0.9495 11.6757 11.0166  8.3872  7.6281  6.9239  6.6991
  51  0.674124  3.6213  4.6200 -0.9147 11.5427 10.8850  8.2397  7.4852  6.8272  6.6182
  52  0.680333  3.6243  4.6159 -0.8943 11.4623 10.8047  8.1536  7.4026  6.7707  6.5707
  53  0.686646  3.6275  4.6117 -0.8736 11.3763 10.7188  8.0654  7.3187  6.7131  6.5217
  54  0.693163  3.6308  4.6075 -0.8521 11.2826 10.6244  7.9733  7.2318  6.6533  6.4709
  55  0.699995  3.6342  4.6031 -0.8298 11.1819 10.5228  7.8776  7.1424  6.5908  6.4172
  56  0.707190  3.6379  4.5986 -0.8059 11.0715 10.4112  7.7763  7.0485  6.5245  6.3599
  57  0.714633  3.6419  4.5939 -0.7812 10.9534 10.2919  7.6719  6.9526  6.4556  6.2998
  58  0.722170  3.6458  4.5892 -0.7561 10.8301 10.1673  7.5670  6.8575  6.3860  6.2385
  59  0.729640  3.6498  4.5845 -0.7313 10.7039 10.0398  7.4638  6.7653  6.3170  6.1771
  60  0.736866  3.6534  4.5798 -0.7075 10.5817  9.9163  7.3673  6.6801  6.2515  6.1181
  61  0.743685  3.6570  4.5755 -0.6850 10.4627  9.7965  7.2767  6.6011  6.1900  6.0623
  62  0.750021  3.6601  4.5712 -0.6645 10.3529  9.6861  7.1953  6.5309  6.1342  6.0109
  63  0.755991  3.6632  4.5673 -0.6450 10.2472  9.5800  7.1186  6.4653  6.0816  5.9624
  64  0.761641  3.6659  4.5633 -0.6266 10.1480  9.4806  7.0475  6.4049  6.0324  5.9166
  65  0.767018  3.6686  4.5595 -0.6089 10.0523  9.3848  6.9798  6.3477  5.9852  5.8727
  66  0.772169  3.6712  4.5556 -0.5921  9.9610  9.2935  6.9158  6.2937  5.9404  5.8306
  67  0.777160  3.6736  4.5518 -0.5756  9.8713  9.2041  6.8537  6.2415  5.8967  5.7897
  68  0.782034  3.6760  4.5479 -0.5594  9.7840  9.1172  6.7937  6.1911  5.8542  5.7497
  69  0.786831  3.6784  4.5441 -0.5435  9.6968  9.0308  6.7346  6.1413  5.8123  5.7103
  70  0.791607  3.6807  4.5400 -0.5276  9.6102  8.9452  6.6762  6.0922  5.7705  5.6711
  71  0.796404  3.6830  4.5359 -0.5115  9.5236  8.8600  6.6179  6.0431  5.7286  5.6317
  72  0.801184  3.6853  4.5316 -0.4954  9.4377  8.7758  6.5600  5.9944  5.6868  5.5925
  73  0.805934  3.6875  4.5273 -0.4793  9.3529  8.6927  6.5028  5.9461  5.6452  5.5536
  74  0.810656  3.6899  4.5228 -0.4633  9.2689  8.6107  6.4462  5.8984  5.6040  5.5150
  75  0.815339  3.6920  4.5183 -0.4475  9.1858  8.5297  6.3906  5.8513  5.5632  5.4768
  76  0.819973  3.6942  4.5136 -0.4317  9.1039  8.4501  6.3360  5.8050  5.5229  5.4391
  77  0.824562  3.6963  4.5089 -0.4161  9.0239  8.3727  6.2826  5.7595  5.4832  5.4018
  78  0.829103  3.6984  4.5041 -0.4007  8.9454  8.2969  6.2302  5.7148  5.4439  5.3651
  79  0.833582  3.7003  4.4992 -0.3856  8.8687  8.2230  6.1791  5.6711  5.4053  5.3290
  80  0.837986  3.7022  4.4942 -0.3706  8.7942  8.1512  6.1294  5.6283  5.3676  5.2936
  81  0.842303  3.7041  4.4892 -0.3560  8.7210  8.0807  6.0809  5.5866  5.3307  5.2589
  82  0.846353  3.7059  4.4844 -0.3422  8.6526  8.0149  6.0358  5.5475  5.2961  5.2264
  83  0.850314  3.7075  4.4795 -0.3288  8.5863  7.9509  5.9921  5.5094  5.2622  5.1947
  84  0.854203  3.7091  4.4747 -0.3155  8.5214  7.8885  5.9492  5.4722  5.2290  5.1635
  85  0.858014  3.7106  4.4698 -0.3025  8.4581  7.8277  5.9075  5.4358  5.1965  5.1329
  86  0.861746  3.7121  4.4648 -0.2897  8.3967  7.7686  5.8669  5.4003  5.1647  5.1030
  87  0.865397  3.7135  4.4598 -0.2771  8.3370  7.7113  5.8272  5.3655  5.1334  5.0736
  88  0.868965  3.7149  4.4548 -0.2648  8.2789  7.6555  5.7887  5.3317  5.1029  5.0448
  89  0.872448  3.7162  4.4498 -0.2527  8.2223  7.6011  5.7511  5.2987  5.0730  5.0165
  90  0.875853  3.7175  4.4447 -0.2409  8.1674  7.5484  5.7146  5.2663  5.0437  4.9888
  91  0.879180  3.7187  4.4397 -0.2293  8.1139  7.4971  5.6789  5.2347  5.0150  4.9616
  92  0.882434  3.7199  4.4345 -0.2179  8.0622  7.4474  5.6442  5.2038  4.9868  4.9349
  93  0.885618  3.7210  4.4294 -0.2067  8.0119  7.3992  5.6103  5.1736  4.9590  4.9086
  94  0.888736  3.7222  4.4243 -0.1957  7.9632  7.3523  5.5771  5.1439  4.9318  4.8828
  95  0.891791  3.7232  4.4191 -0.1848  7.9159  7.3067  5.5448  5.1148  4.9051  4.8574
  96  0.894786  3.7242  4.4140 -0.1742  7.8698  7.2623  5.5131  5.0864  4.8788  4.8324
  97  0.897730  3.7252  4.4088 -0.1637  7.8251  7.2191  5.4821  5.0584  4.8531  4.8079
  98  0.900618  3.7261  4.4036 -0.1534  7.7816  7.1772  5.4520  5.0311  4.8276  4.7837
  99  0.903465  3.7269  4.3984 -0.1432  7.7394  7.1364  5.4223  5.0042  4.8026  4.7598
 100  0.906268  3.7278  4.3932 -0.1333  7.6980  7.0964  5.3933  4.9778  4.7781  4.7363
 101  0.909039  3.7286  4.3878 -0.1234  7.6580  7.0576  5.3648  4.9518  4.7538  4.7131
 102  0.911776  3.7294  4.3826 -0.1137  7.6188  7.0197  5.3369  4.9264  4.7300  4.6902
 103  0.914492  3.7302  4.3773 -0.1041  7.5807  6.9828  5.3097  4.9012  4.7065  4.6675
 104  0.917184  3.7309  4.3719 -0.0947  7.5436  6.9468  5.2829  4.8766  4.6833  4.6452
 105  0.919858  3.7315  4.3664 -0.0854  7.5075  6.9117  5.2565  4.8523  4.6604  4.6231
 106  0.922501  3.7321  4.3610 -0.0762  7.4726  6.8777  5.2307  4.8284  4.6378  4.6012
 107  0.925107  3.7327  4.3555 -0.0671  7.4386  6.8447  5.2054  4.8049  4.6155  4.5796
 108  0.927657  3.7333  4.3501 -0.0582  7.4057  6.8125  5.1807  4.7818  4.5935  4.5583
 109  0.930118  3.7338  4.3446 -0.0494  7.3734  6.7809  5.1563  4.7591  4.5719  4.5375
 110  0.932469  3.7343  4.3392 -0.0408  7.3417  6.7500  5.1324  4.7368  4.5508  4.5169
 111  0.934745  3.7348  4.3339 -0.0323  7.3107  6.7197  5.1089  4.7149  4.5299  4.4967
 112  0.936214  3.7352  4.3303 -0.0268  7.2908  6.7002  5.0937  4.7007  4.5164  4.4835
 113  0.937682  3.7355  4.3266 -0.0211  7.2707  6.6805  5.0783  4.6863  4.5026  4.4701
 114  0.939147  3.7359  4.3229 -0.0156  7.2507  6.6609  5.0628  4.6717  4.4887  4.4566
 115  0.940612  3.7361  4.3191 -0.0098  7.2306  6.6412  5.0473  4.6570  4.4747  4.4429
 116  0.942076  3.7364  4.3152 -0.0041  7.2107  6.6216  5.0316  4.6424  4.4606  4.4292
 117  0.943538  3.7367  4.3113  0.0017  7.1906  6.6019  5.0159  4.6275  4.4464  4.4153
 118  0.945001  3.7370  4.3072  0.0075  7.1708  6.5824  5.0000  4.6126  4.4320  4.4012
 119  0.946464  3.7372  4.3031  0.0135  7.1509  6.5627  4.9842  4.5976  4.4175  4.3872
 120  0.947924  3.7375  4.2989  0.0193  7.1311  6.5431  4.9682  4.5825  4.4030  4.3729
 121  0.949391  3.7378  4.2947  0.0253  7.1116  6.5237  4.9523  4.5674  4.3884  4.3586
 122  0.950842  3.7380  4.2902  0.0313  7.0919  6.5042  4.9362  4.5520  4.3736  4.3441
 123  0.952260  3.7383  4.2859  0.0374  7.0711  6.4838  4.9195  4.5364  4.3585  4.3293
 124  0.953692  3.7386  4.2816  0.0436  7.0504  6.4634  4.9030  4.5207  4.3434  4.3146
 125  0.955132  3.7388  4.2771  0.0497  7.0300  6.4432  4.8865  4.5050  4.3283  4.2998
 126  0.956577  3.7391  4.2726  0.0559  7.0100  6.4233  4.8700  4.4893  4.3131  4.2849
 127  0.958027  3.7394  4.2681  0.0621  6.9898  6.4032  4.8534  4.4735  4.2978  4.2699
 128  0.959480  3.7395  4.2633  0.0684  6.9702  6.3838  4.8370  4.4578  4.2825  4.2549
 129  0.960938  3.7398  4.2585  0.0746  6.9508  6.3644  4.8205  4.4419  4.2670  4.2396
 130  0.962400  3.7400  4.2537  0.0808  6.9316  6.3453  4.8039  4.4260  4.2515  4.2244
 131  0.963863  3.7401  4.2486  0.0872  6.9128  6.3264  4.7875  4.4101  4.2359  4.2089
 132  0.965324  3.7403  4.2436  0.0936  6.8938  6.3074  4.7709  4.3940  4.2202  4.1934
 133  0.966787  3.7404  4.2383  0.0999  6.8756  6.2890  4.7544  4.3780  4.2045  4.1777
 134  0.968246  3.7405  4.2331  0.1063  6.8575  6.2707  4.7379  4.3619  4.1885  4.1619
 135  0.969704  3.7406  4.2276  0.1128  6.8395  6.2526  4.7214  4.3457  4.1726  4.1461
 136  0.971153  3.7407  4.2222  0.1192  6.8214  6.2343  4.7049  4.3295  4.1565  4.1301
 137  0.972605  3.7408  4.2164  0.1258  6.8045  6.2171  4.6885  4.3134  4.1404  4.1141
 138  0.974046  3.7407  4.2106  0.1322  6.7876  6.1998  4.6721  4.2971  4.1242  4.0978
 139  0.975483  3.7407  4.2047  0.1387  6.7710  6.1828  4.6557  4.2808  4.1080  4.0816
 140  0.976912  3.7408  4.1988  0.1453  6.7544  6.1658  4.6393  4.2645  4.0916  4.0653
 141  0.978335  3.7406  4.1926  0.1519  6.7387  6.1496  4.6231  4.2482  4.0752  4.0488
 142  0.979750  3.7406  4.1864  0.1585  6.7230  6.1334  4.6068  4.2319  4.0588  4.0322
 143  0.981163  3.7405  4.1799  0.1650  6.7085  6.1184  4.5909  4.2156  4.0423  4.0155
 144  0.982562  3.7404  4.1734  0.1717  6.6940  6.1031  4.5748  4.1994  4.0257  3.9988
 145  0.983960  3.7401  4.1666  0.1783  6.6807  6.0891  4.5591  4.1831  4.0091  3.9819
 146  0.985349  3.7399  4.1595  0.1849  6.6680  6.0755  4.5435  4.1669  3.9924  3.9649
 147  0.986733  3.7396  4.1525  0.1916  6.6559  6.0624  4.5280  4.1508  3.9757  3.9479
 148  0.988115  3.7392  4.1450  0.1981  6.6451  6.0505  4.5128  4.1347  3.9590  3.9307
 149  0.989494  3.7389  4.1375  0.2048  6.6349  6.0392  4.4978  4.1187  3.9421  3.9134
 150  0.990868  3.7384  4.1295  0.2114  6.6261  6.0291  4.4831  4.1028  3.9254  3.8959
 151  0.992244  3.7379  4.1214  0.2180  6.6183  6.0198  4.4686  4.0870  3.9084  3.8783
 152  0.993620  3.7372  4.1128  0.2247  6.6129  6.0128  4.4548  4.0714  3.8915  3.8606
 153  0.995007  3.7365  4.1038  0.2312  6.6088  6.0070  4.4415  4.0560  3.8746  3.8427
 154  0.996398  3.7357  4.0945  0.2379  6.6068  6.0030  4.4286  4.0408  3.8577  3.8246
 155  0.997803  3.7346  4.0846  0.2443  6.6078  6.0016  4.4166  4.0260  3.8407  3.8064
 156  0.999235  3.7335  4.0740  0.2508  6.6123  6.0034  4.4056  4.0116  3.8238  3.7880
 157  1.000702  3.7320  4.0626  0.2571  6.6216  6.0096  4.3961  3.9980  3.8071  3.7694
 158  1.002216  3.7302  4.0497  0.2633  6.6389  6.0231  4.3890  3.9855  3.7907  3.7506
 159  1.003803  3.7278  4.0350  0.2691  6.6666  6.0459  4.3853  3.9750  3.7751  3.7319
 160  1.005448  3.7247  4.0182  0.2741  6.7106  6.0835  4.3875  3.9681  3.7614  3.7141
 161  1.007058  3.7206  3.9990  0.2776  6.7755  6.1404  4.3983  3.9672  3.7518  3.6991
 162  1.008205  3.7169  3.9840  0.2783  6.8415  6.1992  4.4148  3.9729  3.7494  3.6917
 163  1.009354  3.7125  3.9659  0.2793  6.9231  6.2720  4.4360  3.9806  3.7470  3.6834
 164  1.010504  3.7072  3.9444  0.2804  7.0212  6.3599  4.4622  3.9909  3.7449  3.6742
 165  1.011650  3.7014  3.9185  0.2836  7.1254  6.4524  4.4874  3.9983  3.7386  3.6598
 166  1.012770  3.6957  3.8881  0.2917  7.2122  6.5282  4.5016  3.9947  3.7209  3.6342
 167  1.013797  3.6910  3.8557  0.3058  7.2677  6.5749  4.4960  3.9738  3.6880  3.5946
 168  1.014701  3.6876  3.8237  0.3245  7.2892  6.5904  4.4724  3.9388  3.6438  3.5455
 169  1.015506  3.6852  3.7932  0.3454  7.2858  6.5823  4.4368  3.8949  3.5933  3.4914
 170  1.016246  3.6833  3.7641  0.3675  7.2664  6.5593  4.3939  3.8461  3.5395  3.4349
 171  1.016945  3.6820  3.7360  0.3903  7.2364  6.5264  4.3461  3.7942  3.4838  3.3770
 172  1.017614  3.6808  3.7087  0.4137  7.1995  6.4869  4.2953  3.7400  3.4268  3.3184
 173  1.018265  3.6800  3.6821  0.4371  7.1578  6.4430  4.2424  3.6846  3.3691  3.2593
 174  1.018904  3.6793  3.6559  0.4607  7.1124  6.3956  4.1878  3.6282  3.3109  3.1999
 175  1.019536  3.6787  3.6302  0.4844  7.0650  6.3463  4.1325  3.5713  3.2524  3.1403
 176  1.020160  3.6782  3.6046  0.5082  7.0158  6.2954  4.0764  3.5140  3.1937  3.0807
 177  1.020782  3.6777  3.5793  0.5319  6.9653  6.2432  4.0197  3.4564  3.1350  3.0212
 178  1.021395  3.6773  3.5541  0.5558  6.9140  6.1903  3.9627  3.3986  3.0761  2.9616
 179  1.021998  3.6770  3.5290  0.5796  6.8623  6.1372  3.9056  3.3405  3.0171  2.9017
 180  1.022588  3.6765  3.5036  0.6036  6.8107  6.0840  3.8483  3.2823  2.9578  2.8418
 181  1.023173  3.6761  3.4784  0.6274  6.7592  6.0310  3.7910  3.2242  2.8987  2.7818
 182  1.023488  3.6759  3.4644  0.6406  6.7313  6.0024  3.7597  3.1922  2.8661  2.7488
 183  1.023802  3.6756  3.4501  0.6540  6.7033  5.9735  3.7280  3.1599  2.8330  2.7153
 184  1.024116  3.6753  3.4353  0.6678  6.6742  5.9436  3.6951  3.1264  2.7989  2.6806
 185  1.024428  3.6751  3.4203  0.6818  6.6448  5.9133  3.6619  3.0924  2.7642  2.6455
 186  1.024736  3.6748  3.4041  0.6969  6.6134  5.8809  3.6259  3.0557  2.7267  2.6074
 187  1.025040  3.6744  3.3867  0.7130  6.5804  5.8469  3.5880  3.0169  2.6870  2.5671
 188  1.025339  3.6741  3.3680  0.7303  6.5454  5.8109  3.5475  2.9754  2.6444  2.5237
 189  1.025634  3.6736  3.3484  0.7484  6.5089  5.7732  3.5048  2.9316  2.5997  2.4783
 190  1.025923  3.6732  3.3276  0.7676  6.4706  5.7337  3.4600  2.8855  2.5523  2.4301
 191  1.026206  3.6727  3.3054  0.7879  6.4306  5.6926  3.4127  2.8368  2.5023  2.3791
 192  1.026485  3.6721  3.2824  0.8089  6.3897  5.6503  3.3638  2.7865  2.4504  2.3263
 193  1.026757  3.6715  3.2581  0.8309  6.3477  5.6070  3.3130  2.7340  2.3962  2.2711
 194  1.027023  3.6709  3.2329  0.8536  6.3046  5.5626  3.2606  2.6798  2.3402  2.2141
 195  1.027282  3.6702  3.2065  0.8773  6.2608  5.5173  3.2065  2.6235  2.2820  2.1546
 196  1.027536  3.6695  3.1792  0.9017  6.2164  5.4715  3.1510  2.5658  2.2222  2.0934
 197  1.027782  3.6686  3.1507  0.9270  6.1714  5.4250  3.0938  2.5061  2.1600  2.0299
 198  1.028023  3.6678  3.1217  0.9528  6.1258  5.3780  3.0356  2.4454  2.0968  1.9652
 199  1.028256  3.6668  3.0914  0.9794  6.0797  5.3303  2.9759  2.3827  2.0315  1.8983
 200  1.028480  3.6658  3.0601  1.0068  6.0329  5.2821  2.9146  2.3184  1.9643  1.8294
 201  1.028699  3.6648  3.0281  1.0347  5.9862  5.2341  2.8526  2.2531  1.8959  1.7592
 202  1.028909  3.6637  2.9951  1.0634  5.9396  5.1860  2.7895  2.1865  1.8260  1.6873
 203  1.029111  3.6625  2.9611  1.0926  5.8934  5.1383  2.7255  2.1186  1.7545  1.6139
 204  1.029308  3.6613  2.9264  1.1224  5.8474  5.0910  2.6610  2.0501  1.6820  1.5392
 205  1.029495  3.6599  2.8909  1.1527  5.8017  5.0440  2.5958  1.9806  1.6084  1.4633
 206  1.029674  3.6585  2.8546  1.1835  5.7564  4.9974  2.5300  1.9104  1.5336  1.3861
 207  1.029848  3.6571  2.8178  1.2147  5.7112  4.9509  2.4637  1.8394  1.4580  1.3080
 208  1.030013  3.6556  2.7803  1.2462  5.6665  4.9050  2.3969  1.7679  1.3815  1.2289
 209  1.030172  3.6540  2.7423  1.2782  5.6220  4.8594  2.3300  1.6960  1.3044  1.1491
 210  1.030323  3.6525  2.7033  1.3107  5.5777  4.8144  2.2623  1.6231  1.2258  1.0676
 211  1.030472  3.6505  2.6603  1.3462  5.5322  4.7686  2.1906  1.5455  1.1409  0.9791
 212  1.030655  3.6488  2.6173  1.3826  5.4786  4.7149  2.1143  1.4642  1.0530  0.8881
 213  1.030882  3.6486  2.6060  1.3931  5.4594  4.6953  2.0902  1.4394  1.0274  0.8619
 214  1.031029  3.6504  2.6449  1.3616  5.4980  4.7327  2.1516  1.5062  1.1024  0.9405
 215  1.031183  3.6512  2.6500  1.3592  5.4904  4.7243  2.1505  1.5071  1.1068  0.9463
 216  1.031333  3.6494  2.6127  1.3896  5.4536  4.6875  2.0899  1.4408  1.0339  0.8703
 217  1.031358  3.6492  2.6076  1.3938  5.4480  4.6820  2.0813  1.4315  1.0238  0.8598
 218  1.031383  3.6489  2.6028  1.3980  5.4424  4.6767  2.0729  1.4226  1.0140  0.8495
 219  1.031407  3.6488  2.5979  1.4020  5.4371  4.6714  2.0649  1.4138  1.0043  0.8396
 220  1.031431  3.6485  2.5931  1.4059  5.4317  4.6663  2.0568  1.4051  0.9949  0.8296
 221  1.031454  3.6484  2.5884  1.4099  5.4265  4.6612  2.0488  1.3965  0.9854  0.8198
 222  1.031478  3.6482  2.5836  1.4139  5.4213  4.6561  2.0409  1.3879  0.9760  0.8100
 223  1.031502  3.6479  2.5788  1.4179  5.4160  4.6511  2.0329  1.3793  0.9664  0.8001
 224  1.031525  3.6478  2.5739  1.4219  5.4107  4.6460  2.0247  1.3705  0.9566  0.7898
 225  1.031550  3.6475  2.5687  1.4262  5.4050  4.6405  2.0160  1.3610  0.9462  0.7790
 226  1.031575  3.6473  2.5623  1.4315  5.3983  4.6340  2.0055  1.3497  0.9338  0.7660
 227  1.031802  3.6436  2.4826  1.4968  5.3183  4.5552  1.8754  1.2083  0.7780  0.6033
 228  1.031997  3.6399  2.4050  1.5598  5.2441  4.4832  1.7527  1.0741  0.6283  0.4465
 229  1.032167  3.6362  2.3285  1.6214  5.1733  4.4162  1.6355  0.9456  0.4826  0.2932
 230  1.032316  3.6325  2.2529  1.6819  5.1046  4.3528  1.5224  0.8215  0.3400  0.1427
 231  1.032445  3.6287  2.1792  1.7407  5.0388  4.2936  1.4149  0.7036  0.2023 -0.0033
 232  1.032557  3.6250  2.1079  1.7974  4.9748  4.2373  1.3133  0.5924  0.0702 -0.1439
 233  1.032656  3.6213  2.0377  1.8527  4.9121  4.1835  1.2163  0.4863 -0.0581 -0.2810
 234  1.032745  3.6176  1.9681  1.9073  4.8516  4.1327  1.1242  0.3859 -0.1836 -0.4161
 235  1.032822  3.6137  1.8996  1.9607  4.7931  4.0847  1.0376  0.2917 -0.3054 -0.5480
 236  1.032890  3.6100  1.8328  2.0123  4.7367  4.0390  0.9571  0.2047 -0.4226 -0.6758
 237  1.032951  3.6062  1.7672  2.0630  4.6816  3.9946  0.8816  0.1236 -0.5365 -0.8011
 238  1.033006  3.6024  1.7025  2.1126  4.6283  3.9518  0.8110  0.0490 -0.6475 -0.9238
 239  1.033054  3.5987  1.6391  2.1612  4.5764  3.9103  0.7456 -0.0191 -0.7550 -1.0438
 240  1.033098  3.5949  1.5762  2.2091  4.5250  3.8688  0.6854 -0.0812 -0.8599 -1.1618
 241  1.033137  3.5913  1.5153  2.2553  4.4747  3.8280  0.6309 -0.1362 -0.9601 -1.2755
 242  1.033172  3.5875  1.4545  2.3012  4.4266  3.7882  0.5835 -0.1829 -1.0576 -1.3878
 243  1.033204  3.5839  1.3953  2.3456  4.3826  3.7504  0.5431 -0.2200 -1.1508 -1.4966
 244  1.033233  3.5802  1.3372  2.3892  4.3420  3.7143  0.5101 -0.2474 -1.2405 -1.6030
 245  1.033258  3.5766  1.2807  2.4314  4.3044  3.6791  0.4847 -0.2659 -1.3256 -1.7057
 246  1.033282  3.5731  1.2248  2.4731  4.2692  3.6442  0.4673 -0.2746 -1.4072 -1.8061
 247  1.033304  3.5695  1.1702  2.5135  4.2383  3.6111  0.4590 -0.2732 -1.4845 -1.9031
 248  1.033323  3.5661  1.1166  2.5532  4.2118  3.5799  0.4602 -0.2627 -1.5568 -1.9968
 249  1.033341  3.5626  1.0641  2.5918  4.1897  3.5513  0.4681 -0.2482 -1.6242 -2.0867
 250  1.033357  3.5593  1.0130  2.6295  4.1740  3.5283  0.4844 -0.2314 -1.6857 -2.1715
 251  1.033373  3.5558  0.9621  2.6665  4.1636  3.5076  0.5158 -0.2007 -1.7406 -2.2526
 252  1.033386  3.5524  0.9128  2.7024  4.1578  3.4868  0.5619 -0.1526 -1.7884 -2.3286
 253  1.033399  3.5490  0.8642  2.7376  4.1579  3.4654  0.6366 -0.0656 -1.8275 -2.4011
 254  1.033411  3.5457  0.8168  2.7719  4.1621  3.4334  0.7339  0.0561 -1.8579 -2.4684
 255  1.033422  3.5425  0.7701  2.8054  4.1698  3.3992  0.8469  0.1946 -1.8794 -2.5307
 256  1.033432  3.5393  0.7246  2.8379  4.1801  3.3642  0.9746  0.3429 -1.8909 -2.5867
 257  1.033442  3.5361  0.6802  2.8697  4.1913  3.3307  1.1220  0.4935 -1.8863 -2.6333
 258  1.033450  3.5329  0.6364  2.9009  4.2038  3.2998  1.2886  0.6432 -1.8653 -2.6703
 259  1.033458  3.5297  0.5936  2.9312  4.2170  3.2718  1.4573  0.7846 -1.8365 -2.7010
 260  1.033465  3.5267  0.5517  2.9607  4.2319  3.2484  1.6242  0.9165 -1.8018 -2.7264
 261  1.033472  3.5236  0.5105  2.9897  4.2468  3.2320  1.7623  1.0129 -1.7697 -2.7492
 262  1.033480  3.5206  0.4699  3.0181  4.2607  3.2270  1.8538  1.0568 -1.7463 -2.7710
 263  1.033486  3.5176  0.4304  3.0456  4.2741  3.2269  1.9278  1.0808 -1.7245 -2.7909
 264  1.033491  3.5147  0.3918  3.0725  4.2880  3.2311  1.9932  1.0950 -1.7013 -2.8078
 265  1.033497  3.5118  0.3539  3.0988  4.3007  3.2376  2.0517  1.1009 -1.6770 -2.8221
 266  1.033503  3.5088  0.3166  3.1244  4.3112  3.2411  2.1084  1.1126 -1.6520 -2.8343
 267  1.033507  3.5058  0.2793  3.1496  4.3211  3.2466  2.1585  1.1188 -1.6262 -2.8439
 268  1.033512  3.5029  0.2435  3.1741  4.3265  3.2501  2.1960  1.1169 -1.6067 -2.8554
 269  1.033516  3.5002  0.2084  3.1980  4.3299  3.2550  2.2228  1.1066 -1.5911 -2.8674
 270  1.033520  3.4974  0.1737  3.2214  4.3332  3.2632  2.2443  1.0923 -1.5783 -2.8799
 271  1.033524  3.4946  0.1398  3.2443  4.3355  3.2725  2.2648  1.0826 -1.5701 -2.8953
 272  1.033528  3.4919  0.1067  3.2665  4.3377  3.2838  2.2824  1.0723 -1.5644 -2.9111
 273  1.033532  3.4892  0.0740  3.2884  4.3398  3.2964  2.2969  1.0609 -1.5611 -2.9278
 274  1.033535  3.4865  0.0421  3.3096  4.3351  3.2962  2.3034  1.0446 -1.5621 -2.9460
 275  1.033538  3.4838  0.0105  3.3303  4.3255  3.2852  2.3018  1.0225 -1.5673 -2.9658
 276  1.033541  3.4811 -0.0202  3.3506  4.3758  3.3790  2.3325  1.0236 -1.5577 -2.9743
 277  1.033544  3.4785 -0.0502  3.3702  4.4216  3.4678  2.3572  1.0194 -1.5521 -2.9838
 278  1.033547  3.4761 -0.0789  3.3888  4.4493  3.5259  2.3660  1.0019 -1.5546 -2.9962
 279  1.033556  3.4740 -0.1029  3.4044  4.4638  3.5673  2.3683  0.9834 -1.5620 -3.0099
