#NUMBER OF AGES= 1
#----------------------------------------------------       
#MIX-LEN  Y      Z          Zeff        [Fe/H] [a/Fe]
# 1.9380  0.2714 1.7313E-02 1.7313E-02   0.03   0.00 
#----------------------------------------------------       
#**PHOTOMETRIC SYSTEM**: SDSS (AB)                          
#----------------------------------------------------       
#AGE=12.500 EEPS=267
#EEP   M/Mo    LogTeff  LogG   LogL/Lo sdss_u  sdss_g  sdss_r  sdss_i  sdss_z
  13  0.116386  3.5060  5.2430 -2.7619 17.8340 14.6858 13.1773 11.9263 11.2135
  14  0.136421  3.5061  5.1735 -2.6226 17.4298 14.3266 12.8272 11.5793 10.8668
  15  0.159970  3.5078  5.1139 -2.4875 17.0061 13.9535 12.4667 11.2338 10.5279
  16  0.182249  3.5113  5.0759 -2.3786 16.6208 13.6179 12.1472 10.9434 10.2529
  17  0.199739  3.5143  5.0505 -2.3015 16.3400 13.3725 11.9146 10.7347 10.0575
  18  0.214345  3.5166  5.0300 -2.2414 16.1269 13.1845 11.7364 10.5734  9.9057
  19  0.227901  3.5187  5.0127 -2.1891 15.9403 13.0194 11.5800 10.4325  9.7738
  20  0.241844  3.5207  4.9963 -2.1386 15.7618 12.8599 11.4292 10.2965  9.6464
  21  0.259505  3.5233  4.9780 -2.0795 15.5557 12.6740 11.2535 10.1375  9.4973
  22  0.280879  3.5262  4.9586 -2.0140 15.3281 12.4671 11.0577  9.9609  9.3322
  23  0.297383  3.5283  4.9437 -1.9657 15.1625 12.3155 10.9143  9.8310  9.2105
  24  0.306200  3.5295  4.9356 -1.9404 15.0768 12.2368 10.8399  9.7633  9.1469
  25  0.312425  3.5303  4.9298 -1.9227 15.0165 12.1815 10.7875  9.7158  9.1024
  26  0.316931  3.5307  4.9257 -1.9104 14.9763 12.1441 10.7521  9.6832  9.0716
  27  0.320289  3.5311  4.9232 -1.9016 14.9466 12.1167 10.7262  9.6598  9.0497
  28  0.323010  3.5315  4.9200 -1.8935 14.9196 12.0919 10.7026  9.6381  9.0292
  29  0.325505  3.5319  4.9183 -1.8871 14.8974 12.0713 10.6831  9.6208  9.0129
  30  0.328165  3.5322  4.9163 -1.8802 14.8740 12.0495 10.6626  9.6022  8.9957
  31  0.331448  3.5326  4.9146 -1.8726 14.8473 12.0248 10.6391  9.5814  8.9765
  32  0.336061  3.5332  4.9129 -1.8625 14.8126 11.9923 10.6083  9.5541  8.9515
  33  0.340995  3.5338  4.9100 -1.8509 14.7727 11.9550 10.5729  9.5226  8.9222
  34  0.348197  3.5346  4.9055 -1.8337 14.7144 11.9005 10.5211  9.4765  8.8792
  35  0.416024  3.5461  4.8463 -1.6514 14.0839 11.3041  9.9552  8.9795  8.4247
  36  0.439140  3.5510  4.8234 -1.5854 13.8562 11.0828  9.7432  8.7950  8.2605
  37  0.459156  3.5555  4.8026 -1.5272 13.6581 10.8868  9.5545  8.6320  8.1163
  38  0.476183  3.5597  4.7843 -1.4764 13.4853 10.7125  9.3859  8.4903  7.9917
  39  0.490834  3.5636  4.7686 -1.4318 13.3335 10.5567  9.2344  8.3665  7.8836
  40  0.503291  3.5672  4.7556 -1.3935 13.2021 10.4199  9.1010  8.2591  7.7908
  41  0.514146  3.5707  4.7444 -1.3593 13.0853 10.2970  8.9809  8.1631  7.7086
  42  0.524710  3.5741  4.7336 -1.3256 12.9701 10.1746  8.8609  8.0673  7.6274
  43  0.536168  3.5782  4.7221 -1.2887 12.8438 10.0384  8.7270  7.9617  7.5390
  44  0.549348  3.5830  4.7091 -1.2459 12.6952  9.8772  8.5675  7.8382  7.4370
  45  0.563684  3.5886  4.6953 -1.1985 12.5290  9.6950  8.3873  7.7004  7.3248
  46  0.578427  3.5947  4.6816 -1.1490 12.3608  9.5061  8.2048  7.5584  7.2075
  47  0.592722  3.6009  4.6687 -1.1009 12.2006  9.3227  8.0327  7.4216  7.0930
  48  0.606270  3.6070  4.6572 -1.0551 12.0379  9.1417  7.8624  7.2897  6.9855
  49  0.619301  3.6131  4.6465 -1.0106 11.8711  8.9603  7.6924  7.1602  6.8817
  50  0.631998  3.6195  4.6368 -0.9666 11.7095  8.7823  7.5304  7.0342  6.7788
  51  0.644354  3.6260  4.6279 -0.9236 11.5397  8.6035  7.3722  6.9107  6.6772
  52  0.650789  3.6294  4.6234 -0.9011 11.4413  8.5062  7.2884  6.8457  6.6237
  53  0.657058  3.6328  4.6193 -0.8791 11.3390  8.4092  7.2060  6.7816  6.5710
  54  0.663172  3.6362  4.6153 -0.8574 11.2329  8.3134  7.1260  6.7190  6.5189
  55  0.669143  3.6397  4.6116 -0.8362 11.1232  8.2194  7.0484  6.6577  6.4675
  56  0.674969  3.6430  4.6080 -0.8155 11.0113  8.1274  6.9738  6.5981  6.4167
  57  0.680629  3.6462  4.6046 -0.7953 10.8979  8.0376  6.9022  6.5401  6.3669
  58  0.686146  3.6494  4.6013 -0.7757 10.7843  7.9502  6.8339  6.4840  6.3178
  59  0.691579  3.6526  4.5979 -0.7563 10.6701  7.8648  6.7681  6.4293  6.2694
  60  0.696955  3.6556  4.5945 -0.7372 10.5542  7.7805  6.7039  6.3755  6.2213
  61  0.702271  3.6588  4.5910 -0.7183 10.4373  7.6975  6.6413  6.3229  6.1739
  62  0.707541  3.6618  4.5877 -0.6993 10.3192  7.6149  6.5794  6.2704  6.1264
  63  0.712829  3.6649  4.5842 -0.6803 10.2018  7.5328  6.5181  6.2181  6.0789
  64  0.718114  3.6679  4.5807 -0.6614 10.0851  7.4510  6.4572  6.1659  6.0313
  65  0.723372  3.6709  4.5771 -0.6425  9.9698  7.3709  6.3973  6.1143  5.9841
  66  0.728604  3.6739  4.5733 -0.6237  9.8552  7.2920  6.3383  6.0631  5.9373
  67  0.733815  3.6768  4.5694 -0.6050  9.7422  7.2150  6.2805  6.0128  5.8910
  68  0.738989  3.6797  4.5655 -0.5865  9.6308  7.1395  6.2236  5.9631  5.8452
  69  0.744124  3.6825  4.5613 -0.5682  9.5219  7.0660  6.1679  5.9142  5.8002
  70  0.749199  3.6853  4.5571 -0.5500  9.4144  6.9937  6.1131  5.8661  5.7558
  71  0.754186  3.6880  4.5527 -0.5321  9.3101  6.9232  6.0597  5.8188  5.7123
  72  0.759096  3.6905  4.5483 -0.5144  9.2091  6.8548  6.0074  5.7725  5.6697
  73  0.763904  3.6931  4.5438 -0.4971  9.1143  6.7887  5.9566  5.7273  5.6279
  74  0.768624  3.6955  4.5392 -0.4801  9.0243  6.7250  5.9073  5.6830  5.5870
  75  0.773261  3.6979  4.5347 -0.4635  8.9370  6.6633  5.8592  5.6398  5.5471
  76  0.777809  3.7002  4.5300 -0.4470  8.8521  6.6035  5.8125  5.5976  5.5081
  77  0.782285  3.7024  4.5252 -0.4311  8.7661  6.5454  5.7668  5.5565  5.4701
  78  0.786668  3.7045  4.5205 -0.4154  8.6815  6.4891  5.7225  5.5164  5.4331
  79  0.790981  3.7066  4.5158 -0.4001  8.5991  6.4346  5.6793  5.4773  5.3970
  80  0.795231  3.7085  4.5110 -0.3851  8.5186  6.3817  5.6372  5.4392  5.3616
  81  0.799429  3.7103  4.5061 -0.3703  8.4411  6.3303  5.5964  5.4021  5.3271
  82  0.803923  3.7124  4.5009 -0.3547  8.3601  6.2763  5.5531  5.3627  5.2904
  83  0.808369  3.7143  4.4955 -0.3394  8.2815  6.2237  5.5109  5.3241  5.2543
  84  0.812766  3.7161  4.4900 -0.3241  8.2045  6.1723  5.4693  5.2860  5.2188
  85  0.817106  3.7180  4.4846 -0.3091  8.1299  6.1220  5.4285  5.2486  5.1837
  86  0.821372  3.7197  4.4789 -0.2942  8.0572  6.0729  5.3884  5.2117  5.1492
  87  0.825555  3.7214  4.4734 -0.2796  7.9865  6.0249  5.3490  5.1753  5.1150
  88  0.829651  3.7231  4.4675 -0.2651  7.9176  5.9782  5.3104  5.1395  5.0815
  89  0.833656  3.7246  4.4617 -0.2509  7.8503  5.9324  5.2724  5.1042  5.0482
  90  0.837564  3.7261  4.4558 -0.2368  7.7848  5.8876  5.2350  5.0694  5.0154
  91  0.841366  3.7276  4.4498 -0.2230  7.7207  5.8442  5.1983  5.0351  4.9829
  92  0.845060  3.7290  4.4437 -0.2094  7.6582  5.8016  5.1623  5.0012  4.9510
  93  0.848655  3.7304  4.4375 -0.1960  7.5976  5.7601  5.1270  4.9680  4.9193
  94  0.852158  3.7317  4.4313 -0.1828  7.5386  5.7194  5.0922  4.9352  4.8883
  95  0.855574  3.7330  4.4249 -0.1696  7.4813  5.6796  5.0581  4.9031  4.8576
  96  0.858911  3.7342  4.4186 -0.1568  7.4258  5.6405  5.0246  4.8714  4.8275
  97  0.862170  3.7353  4.4122 -0.1441  7.3720  5.6020  4.9916  4.8403  4.7978
  98  0.865356  3.7364  4.4057 -0.1316  7.3200  5.5643  4.9593  4.8098  4.7686
  99  0.868472  3.7375  4.3991 -0.1193  7.2697  5.5274  4.9274  4.7797  4.7397
 100  0.871527  3.7385  4.3926 -0.1071  7.2206  5.4912  4.8961  4.7501  4.7115
 101  0.874520  3.7394  4.3860 -0.0951  7.1730  5.4559  4.8654  4.7210  4.6834
 102  0.877459  3.7403  4.3794 -0.0833  7.1268  5.4212  4.8351  4.6922  4.6558
 103  0.880352  3.7412  4.3726 -0.0717  7.0823  5.3873  4.8054  4.6639  4.6285
 104  0.883201  3.7420  4.3658 -0.0603  7.0391  5.3541  4.7762  4.6361  4.6017
 105  0.886018  3.7428  4.3590 -0.0490  6.9972  5.3216  4.7475  4.6085  4.5751
 106  0.888800  3.7436  4.3521 -0.0379  6.9567  5.2898  4.7192  4.5815  4.5489
 107  0.891557  3.7442  4.3452 -0.0270  6.9175  5.2587  4.6914  4.5548  4.5230
 108  0.894282  3.7449  4.3383 -0.0162  6.8797  5.2284  4.6641  4.5284  4.4975
 109  0.896956  3.7454  4.3312 -0.0056  6.8433  5.1988  4.6372  4.5025  4.4723
 110  0.899469  3.7460  4.3245  0.0047  6.8070  5.1697  4.6111  4.4773  4.4477
 111  0.901891  3.7466  4.3178  0.0149  6.7720  5.1413  4.5854  4.4525  4.4235
 112  0.903121  3.7469  4.3142  0.0201  6.7542  5.1267  4.5721  4.4397  4.4112
 113  0.904349  3.7471  4.3106  0.0254  6.7365  5.1121  4.5588  4.4267  4.3986
 114  0.905575  3.7473  4.3068  0.0307  6.7188  5.0975  4.5453  4.4138  4.3858
 115  0.906797  3.7475  4.3031  0.0361  6.7012  5.0827  4.5318  4.4006  4.3730
 116  0.908017  3.7478  4.2992  0.0416  6.6837  5.0679  4.5182  4.3873  4.3600
 117  0.909235  3.7480  4.2952  0.0469  6.6661  5.0531  4.5045  4.3740  4.3469
 118  0.910450  3.7482  4.2912  0.0525  6.6488  5.0383  4.4907  4.3605  4.3337
 119  0.911665  3.7485  4.2871  0.0579  6.6313  5.0234  4.4768  4.3469  4.3204
 120  0.912878  3.7487  4.2828  0.0635  6.6141  5.0084  4.4629  4.3333  4.3070
 121  0.914087  3.7489  4.2785  0.0692  6.5967  4.9934  4.4488  4.3195  4.2935
 122  0.915299  3.7490  4.2742  0.0747  6.5795  4.9784  4.4347  4.3058  4.2799
 123  0.916482  3.7493  4.2698  0.0805  6.5617  4.9630  4.4204  4.2916  4.2659
 124  0.917672  3.7495  4.2655  0.0862  6.5437  4.9475  4.4059  4.2776  4.2522
 125  0.918867  3.7497  4.2611  0.0920  6.5263  4.9322  4.3915  4.2635  4.2382
 126  0.920064  3.7497  4.2566  0.0978  6.5087  4.9168  4.3770  4.2493  4.2243
 127  0.921264  3.7499  4.2520  0.1035  6.4915  4.9015  4.3625  4.2350  4.2101
 128  0.922461  3.7501  4.2474  0.1094  6.4740  4.8860  4.3479  4.2207  4.1960
 129  0.923662  3.7502  4.2425  0.1152  6.4570  4.8708  4.3333  4.2062  4.1817
 130  0.924865  3.7503  4.2377  0.1210  6.4402  4.8556  4.3186  4.1918  4.1673
 131  0.926065  3.7504  4.2327  0.1269  6.4240  4.8404  4.3040  4.1772  4.1529
 132  0.927266  3.7505  4.2276  0.1328  6.4076  4.8252  4.2892  4.1626  4.1383
 133  0.928463  3.7506  4.2225  0.1388  6.3916  4.8100  4.2744  4.1478  4.1236
 134  0.929656  3.7506  4.2172  0.1447  6.3758  4.7949  4.2595  4.1330  4.1089
 135  0.930849  3.7506  4.2119  0.1507  6.3601  4.7797  4.2446  4.1181  4.0940
 136  0.932038  3.7506  4.2063  0.1567  6.3450  4.7647  4.2297  4.1033  4.0789
 137  0.933223  3.7505  4.2008  0.1628  6.3300  4.7497  4.2147  4.0882  4.0640
 138  0.934405  3.7505  4.1951  0.1688  6.3153  4.7346  4.1996  4.0731  4.0488
 139  0.935581  3.7504  4.1891  0.1749  6.3010  4.7197  4.1846  4.0579  4.0335
 140  0.936753  3.7504  4.1834  0.1810  6.2864  4.7047  4.1694  4.0426  4.0181
 141  0.937925  3.7502  4.1772  0.1872  6.2731  4.6899  4.1542  4.0272  4.0026
 142  0.939088  3.7501  4.1711  0.1933  6.2594  4.6750  4.1390  4.0118  3.9870
 143  0.940253  3.7498  4.1646  0.1995  6.2468  4.6604  4.1239  3.9963  3.9713
 144  0.941410  3.7496  4.1581  0.2056  6.2342  4.6459  4.1086  3.9807  3.9553
 145  0.942567  3.7494  4.1514  0.2119  6.2226  4.6316  4.0933  3.9651  3.9393
 146  0.943716  3.7491  4.1447  0.2180  6.2109  4.6173  4.0780  3.9494  3.9233
 147  0.944868  3.7487  4.1373  0.2243  6.2014  4.6035  4.0628  3.9336  3.9069
 148  0.946014  3.7483  4.1299  0.2304  6.1921  4.5899  4.0476  3.9177  3.8906
 149  0.947158  3.7478  4.1223  0.2367  6.1837  4.5767  4.0324  3.9018  3.8741
 150  0.948302  3.7473  4.1144  0.2430  6.1763  4.5638  4.0173  3.8858  3.8574
 151  0.949446  3.7467  4.1062  0.2491  6.1700  4.5511  4.0023  3.8698  3.8406
 152  0.950592  3.7460  4.0976  0.2554  6.1656  4.5392  3.9874  3.8537  3.8237
 153  0.951739  3.7450  4.0886  0.2616  6.1630  4.5281  3.9727  3.8378  3.8065
 154  0.952898  3.7441  4.0792  0.2677  6.1619  4.5175  3.9582  3.8217  3.7893
 155  0.954062  3.7430  4.0691  0.2738  6.1643  4.5081  3.9440  3.8057  3.7718
 156  0.955247  3.7417  4.0585  0.2799  6.1696  4.5000  3.9303  3.7898  3.7543
 157  0.956451  3.7401  4.0466  0.2856  6.1812  4.4939  3.9173  3.7741  3.7366
 158  0.957688  3.7381  4.0336  0.2913  6.1992  4.4903  3.9052  3.7589  3.7188
 159  0.958950  3.7356  4.0192  0.2966  6.2272  4.4907  3.8949  3.7445  3.7013
 160  0.960232  3.7325  4.0029  0.3012  6.2688  4.4968  3.8872  3.7316  3.6844
 161  0.961486  3.7288  3.9848  0.3046  6.3268  4.5103  3.8831  3.7212  3.6690
 162  0.962508  3.7250  3.9686  0.3061  6.3922  4.5300  3.8852  3.7168  3.6594
 163  0.963529  3.7205  3.9493  0.3080  6.4689  4.5525  3.8875  3.7113  3.6479
 164  0.964548  3.7154  3.9268  0.3107  6.5579  4.5786  3.8900  3.7049  3.6346
 165  0.965559  3.7101  3.9005  0.3156  6.6522  4.6032  3.8887  3.6936  3.6157
 166  0.966536  3.7048  3.8710  0.3246  6.7371  4.6178  3.8783  3.6732  3.5878
 167  0.967441  3.7004  3.8399  0.3384  6.7902  4.6153  3.8549  3.6414  3.5494
 168  0.968251  3.6969  3.8092  0.3558  6.8061  4.5962  3.8204  3.6005  3.5031
 169  0.968980  3.6944  3.7799  0.3754  6.8004  4.5656  3.7783  3.5537  3.4522
 170  0.969648  3.6926  3.7519  0.3964  6.7807  4.5273  3.7315  3.5032  3.3987
 171  0.970274  3.6912  3.7248  0.4181  6.7533  4.4842  3.6818  3.4505  3.3438
 172  0.970871  3.6901  3.6984  0.4400  6.7200  4.4377  3.6301  3.3965  3.2879
 173  0.971446  3.6891  3.6729  0.4625  6.6809  4.3885  3.5770  3.3415  3.2316
 174  0.972004  3.6884  3.6476  0.4850  6.6384  4.3376  3.5229  3.2860  3.1748
 175  0.972551  3.6878  3.6228  0.5077  6.5928  4.2852  3.4682  3.2299  3.1178
 176  0.973085  3.6873  3.5982  0.5305  6.5455  4.2320  3.4130  3.1736  3.0606
 177  0.973612  3.6868  3.5737  0.5534  6.4969  4.1782  3.3574  3.1171  3.0032
 178  0.974136  3.6864  3.5495  0.5762  6.4469  4.1239  3.3016  3.0605  2.9460
 179  0.974652  3.6860  3.5252  0.5991  6.3967  4.0693  3.2457  3.0037  2.8885
 180  0.975165  3.6857  3.5012  0.6220  6.3453  4.0142  3.1896  2.9469  2.8311
 181  0.975666  3.6853  3.4768  0.6451  6.2942  3.9592  3.1332  2.8898  2.7733
 182  0.975951  3.6851  3.4625  0.6587  6.2650  3.9272  3.1003  2.8562  2.7394
 183  0.976237  3.6848  3.4479  0.6723  6.2351  3.8947  3.0668  2.8223  2.7050
 184  0.976521  3.6846  3.4334  0.6862  6.2050  3.8619  3.0331  2.7882  2.6705
 185  0.976808  3.6844  3.4186  0.7000  6.1748  3.8290  2.9993  2.7538  2.6357
 186  0.977092  3.6841  3.4035  0.7142  6.1445  3.7955  2.9648  2.7188  2.6001
 187  0.977375  3.6838  3.3876  0.7292  6.1124  3.7602  2.9284  2.6817  2.5626
 188  0.977657  3.6835  3.3712  0.7444  6.0802  3.7244  2.8914  2.6441  2.5244
 189  0.977933  3.6831  3.3534  0.7609  6.0461  3.6859  2.8515  2.6033  2.4831
 190  0.978206  3.6828  3.3349  0.7783  6.0086  3.6447  2.8090  2.5602  2.4394
 191  0.978471  3.6824  3.3147  0.7969  5.9699  3.6012  2.7638  2.5142  2.3925
 192  0.978730  3.6820  3.2934  0.8167  5.9291  3.5552  2.7161  2.4655  2.3431
 193  0.978982  3.6815  3.2704  0.8376  5.8874  3.5071  2.6657  2.4140  2.2906
 194  0.979233  3.6810  3.2475  0.8587  5.8447  3.4582  2.6148  2.3619  2.2377
 195  0.979477  3.6804  3.2232  0.8807  5.8013  3.4076  2.5617  2.3075  2.1824
 196  0.979713  3.6797  3.1976  0.9039  5.7573  3.3550  2.5061  2.2506  2.1243
 197  0.979943  3.6790  3.1712  0.9275  5.7130  3.3016  2.4496  2.1925  2.0649
 198  0.980171  3.6783  3.1444  0.9517  5.6676  3.2469  2.3917  2.1331  2.0043
 199  0.980389  3.6776  3.1163  0.9767  5.6222  3.1907  2.3319  2.0714  1.9414
 200  0.980602  3.6767  3.0874  1.0024  5.5765  3.1335  2.2707  2.0085  1.8770
 201  0.980809  3.6758  3.0577  1.0287  5.5309  3.0754  2.2083  1.9440  1.8110
 202  0.981010  3.6749  3.0273  1.0555  5.4848  3.0163  2.1448  1.8785  1.7439
 203  0.981203  3.6739  2.9958  1.0829  5.4392  2.9563  2.0801  1.8113  1.6749
 204  0.981389  3.6728  2.9637  1.1109  5.3940  2.8956  2.0141  1.7430  1.6047
 205  0.981569  3.6717  2.9307  1.1393  5.3492  2.8345  1.9474  1.6736  1.5333
 206  0.981742  3.6704  2.8970  1.1683  5.3048  2.7726  1.8797  1.6030  1.4606
 207  0.981909  3.6693  2.8627  1.1977  5.2602  2.7101  1.8111  1.5315  1.3870
 208  0.982068  3.6680  2.8278  1.2276  5.2164  2.6470  1.7417  1.4590  1.3122
 209  0.982221  3.6666  2.7922  1.2578  5.1732  2.5838  1.6717  1.3857  1.2364
 210  0.982371  3.6652  2.7565  1.2880  5.1308  2.5206  1.6017  1.3124  1.1607
 211  0.982514  3.6640  2.7240  1.3157  5.0915  2.4619  1.5366  1.2449  1.0914
 212  0.982636  3.6626  2.6884  1.3455  5.0544  2.4015  1.4682  1.1730  1.0169
 213  0.982757  3.6604  2.6399  1.3857  5.0065  2.3214  1.3773  1.0766  0.9166
 214  0.982894  3.6582  2.5855  1.4312  4.9524  2.2311  1.2753  0.9680  0.8034
 215  0.983063  3.6566  2.5473  1.4628  4.9162  2.1690  1.2044  0.8924  0.7245
 216  0.983303  3.6575  2.5600  1.4540  4.9134  2.1810  1.2218  0.9124  0.7465
 217  0.983324  3.6580  2.5697  1.4462  4.9202  2.1953  1.2388  0.9307  0.7656
 218  0.983343  3.6584  2.5798  1.4381  4.9279  2.2108  1.2569  0.9501  0.7859
 219  0.983362  3.6589  2.5900  1.4299  4.9356  2.2264  1.2751  0.9696  0.8064
 220  0.983382  3.6594  2.5990  1.4227  4.9420  2.2398  1.2910  0.9867  0.8242
 221  0.983398  3.6598  2.6066  1.4166  4.9472  2.2512  1.3043  1.0011  0.8393
 222  0.983415  3.6601  2.6136  1.4110  4.9514  2.2613  1.3165  1.0143  0.8532
 223  0.983432  3.6605  2.6206  1.4058  4.9544  2.2706  1.3280  1.0268  0.8665
 224  0.983451  3.6609  2.6271  1.4008  4.9563  2.2787  1.3384  1.0383  0.8787
 225  0.983475  3.6613  2.6323  1.3969  4.9575  2.2851  1.3466  1.0474  0.8883
 226  0.983504  3.6614  2.6331  1.3967  4.9553  2.2846  1.3467  1.0478  0.8890
 227  0.983741  3.6577  2.5491  1.4658  4.8795  2.1489  1.1908  0.8823  0.7166
 228  0.983953  3.6541  2.4685  1.5320  4.8091  2.0199  1.0421  0.7241  0.5518
 229  0.984131  3.6505  2.3931  1.5935  4.7497  1.9033  0.9058  0.5781  0.3993
 230  0.984289  3.6470  2.3192  1.6533  4.6966  1.7921  0.7745  0.4368  0.2512
 231  0.984425  3.6435  2.2468  1.7116  4.6492  1.6855  0.6478  0.2996  0.1069
 232  0.984545  3.6399  2.1747  1.7693  4.6065  1.5825  0.5242  0.1648 -0.0352
 233  0.984650  3.6363  2.1044  1.8254  4.5690  1.4849  0.4061  0.0347 -0.1732
 234  0.984743  3.6326  2.0346  1.8807  4.5353  1.3902  0.2910 -0.0931 -0.3089
 235  0.984826  3.6289  1.9654  1.9351  4.5064  1.2996  0.1801 -0.2178 -0.4424
 236  0.984898  3.6253  1.8985  1.9874  4.4815  1.2147  0.0759 -0.3366 -0.5705
 237  0.984963  3.6216  1.8322  2.0390  4.4580  1.1330 -0.0247 -0.4529 -0.6967
 238  0.985019  3.6180  1.7677  2.0890  4.4370  1.0564 -0.1192 -0.5642 -0.8186
 239  0.985071  3.6143  1.7031  2.1389  4.4166  0.9825 -0.2106 -0.6741 -0.9401
 240  0.985116  3.6107  1.6411  2.1867  4.3976  0.9138 -0.2951 -0.7780 -1.0564
 241  0.985157  3.6072  1.5800  2.2335  4.3795  0.8488 -0.3745 -0.8789 -1.1704
 242  0.985195  3.6036  1.5194  2.2800  4.3627  0.7874 -0.4489 -0.9775 -1.2836
 243  0.985228  3.6001  1.4602  2.3251  4.3496  0.7326 -0.5156 -1.0711 -1.3932
 244  0.985257  3.5967  1.4022  2.3690  4.3354  0.6817 -0.5781 -1.1614 -1.4999
 245  0.985285  3.5932  1.3458  2.4118  4.3186  0.6346 -0.6369 -1.2478 -1.6027
 246  0.985309  3.5898  1.2901  2.4538  4.2978  0.5895 -0.6941 -1.3324 -1.7035
 247  0.985332  3.5863  1.2350  2.4952  4.2769  0.5487 -0.7451 -1.4139 -1.8025
 248  0.985352  3.5829  1.1816  2.5353  4.2565  0.5127 -0.7875 -1.4910 -1.8980
 249  0.985370  3.5796  1.1294  2.5742  4.2368  0.4814 -0.8190 -1.5641 -1.9915
 250  0.985387  3.5764  1.0779  2.6125  4.2161  0.4541 -0.8416 -1.6343 -2.0832
 251  0.985404  3.5731  1.0273  2.6501  4.1958  0.4309 -0.8579 -1.7015 -2.1730
 252  0.985418  3.5698  0.9781  2.6863  4.1770  0.4137 -0.8674 -1.7639 -2.2591
 253  0.985431  3.5666  0.9294  2.7220  4.1601  0.3987 -0.8768 -1.8243 -2.3439
 254  0.985443  3.5633  0.8818  2.7568  4.1473  0.3898 -0.8825 -1.8803 -2.4254
 255  0.985454  3.5602  0.8351  2.7908  4.1369  0.3872 -0.8809 -1.9325 -2.5041
 256  0.985464  3.5571  0.7896  2.8238  4.1322  0.3887 -0.8764 -1.9814 -2.5796
 257  0.985474  3.5540  0.7446  2.8562  4.1290  0.3949 -0.8602 -2.0286 -2.6540
 258  0.985483  3.5509  0.7007  2.8879  4.1238  0.4096 -0.8251 -2.0712 -2.7258
 259  0.985491  3.5478  0.6576  2.9188  4.1138  0.4356 -0.7680 -2.1072 -2.7939
 260  0.985499  3.5449  0.6159  2.9487  4.0910  0.4881 -0.6530 -2.1306 -2.8574
 261  0.985506  3.5420  0.5747  2.9782  4.0557  0.5572 -0.5028 -2.1439 -2.9152
 262  0.985513  3.5390  0.5340  3.0071  4.0162  0.6446 -0.3266 -2.1469 -2.9675
 263  0.985519  3.5361  0.4943  3.0353  3.9763  0.7537 -0.1258 -2.1372 -3.0123
 264  0.985526  3.5334  0.4557  3.0626  3.9420  0.8889  0.0931 -2.1113 -3.0464
 265  0.985532  3.5304  0.4176  3.0893  3.9163  1.0378  0.2991 -2.0756 -3.0710
 266  0.985537  3.5278  0.3807  3.1155  3.8957  1.1811  0.4751 -2.0402 -3.0918
 267  0.985542  3.5250  0.3441  3.1410  3.8798  1.3158  0.6186 -2.0067 -3.1100
 268  0.985547  3.5224  0.3086  3.1659  3.8691  1.4369  0.7245 -1.9767 -3.1257
 269  0.985551  3.5197  0.2734  3.1904  3.8673  1.5343  0.7722 -1.9563 -3.1424
 270  0.985555  3.5168  0.2381  3.2141  3.8747  1.6246  0.7865 -1.9354 -3.1552
 271  0.985559  3.5142  0.2045  3.2373  3.8814  1.6955  0.7761 -1.9216 -3.1698
 272  0.985563  3.5116  0.1715  3.2600  3.8897  1.7590  0.7532 -1.9086 -3.1834
 273  0.985567  3.5090  0.1391  3.2822  3.8981  1.8155  0.7234 -1.8963 -3.1964
 274  0.985570  3.5066  0.1072  3.3040  3.9137  1.8717  0.7069 -1.8794 -3.2072
 275  0.985573  3.5041  0.0762  3.3251  3.9200  1.9187  0.6926 -1.8637 -3.2185
 276  0.985576  3.5016  0.0461  3.3456  3.9041  1.9511  0.6735 -1.8528 -3.2322
 277  0.985579  3.4993  0.0166  3.3655  3.8835  1.9785  0.6541 -1.8420 -3.2456
 278  0.985582  3.4970 -0.0115  3.3846  3.8065  1.9789  0.6158 -1.8394 -3.2614
 279  0.985581  3.4952 -0.0350  3.4005  3.8437  2.0198  0.6205 -1.8228 -3.2694
