#NUMBER OF AGES= 1
#----------------------------------------------------       
#MIX-LEN  Y      Z          Zeff        [Fe/H] [a/Fe]
# 1.9380  0.2925 2.9511E-02 2.9511E-02   0.28   0.00 
#----------------------------------------------------       
#**PHOTOMETRIC SYSTEM**: SkyMapper (AB)                     
#----------------------------------------------------       
#AGE=13.000 EEPS=267
#EEP   M/Mo    LogTeff  LogG   LogL/Lo u       v       g       r       i       z
  13  0.110935  3.4976  5.2354 -2.8085 17.6397 17.1718 14.4232 13.5057 11.8766 11.2991
  14  0.132069  3.4976  5.1653 -2.6627 17.2475 16.7560 14.0575 13.1412 11.5161 10.9363
  15  0.154460  3.4985  5.1072 -2.5331 16.8836 16.3689 13.7183 12.8048 11.1910 10.6124
  16  0.174516  3.5009  5.0697 -2.4328 16.5731 16.0370 13.4295 12.5216 10.9311 10.3589
  17  0.191325  3.5035  5.0443 -2.3569 16.3262 15.7729 13.1998 12.2978 10.7307 10.1656
  18  0.206366  3.5057  5.0228 -2.2939 16.1242 15.5577 13.0115 12.1145 10.5653 10.0057
  19  0.220994  3.5076  5.0032 -2.2368 15.9418 15.3639 12.8414 11.9490 10.4156  9.8608
  20  0.235852  3.5096  4.9854 -2.1827 15.7688 15.1807 12.6793 11.7918 10.2732  9.7236
  21  0.251758  3.5117  4.9680 -2.1287 15.5963 14.9983 12.5173 11.6349 10.1311  9.5868
  22  0.273066  3.5144  4.9468 -2.0614 15.3814 14.7716 12.3150 11.4392  9.9537  9.4162
  23  0.292429  3.5168  4.9306 -2.0061 15.2046 14.5856 12.1477 11.2779  9.8078  9.2764
  24  0.303895  3.5182  4.9222 -1.9756 15.1072 14.4834 12.0551 11.1888  9.7274  9.1997
  25  0.310902  3.5187  4.9186 -1.9597 15.0581 14.4322 12.0081 11.1432  9.6858  9.1596
  26  0.315917  3.5195  4.9167 -1.9477 15.0167 14.3887 11.9686 11.1056  9.6531  9.1292
  27  0.319424  3.5199  4.9127 -1.9374 14.9848 14.3552 11.9386 11.0765  9.6262  9.1032
  28  0.321839  3.5202  4.9137 -1.9338 14.9712 14.3411 11.9251 11.0638  9.6159  9.0940
  29  0.324030  3.5205  4.9112 -1.9273 14.9511 14.3200 11.9062 11.0456  9.5990  9.0777
  30  0.326037  3.5208  4.9101 -1.9224 14.9349 14.3029 11.8907 11.0307  9.5860  9.0654
  31  0.328723  3.5211  4.9078 -1.9152 14.9119 14.2789 11.8689 11.0098  9.5669  9.0472
  32  0.332416  3.5215  4.9050 -1.9059 14.8822 14.2477 11.8407 10.9825  9.5423  9.0237
  33  0.337669  3.5221  4.9014 -1.8931 14.8421 14.2057 11.8024 10.9458  9.5088  8.9916
  34  0.346166  3.5231  4.8959 -1.8731 14.7791 14.1399 11.7422 10.8879  9.4562  8.9414
  35  0.397523  3.5305  4.8532 -1.7402 14.3490 13.6898 11.3316 10.4954  9.1041  8.6083
  36  0.443848  3.5392  4.8131 -1.6180 13.9504 13.2754 10.9425 10.1258  8.7782  8.3049
  37  0.470735  3.5452  4.7896 -1.5445 13.7097 13.0271 10.7016  9.8970  8.5799  8.1233
  38  0.490476  3.5505  4.7721 -1.4883 13.5259 12.8390 10.5130  9.7175  8.4269  7.9851
  39  0.506621  3.5551  4.7575 -1.4410 13.3719 12.6823 10.3514  9.5628  8.2976  7.8693
  40  0.520297  3.5594  4.7451 -1.4000 13.2383 12.5475 10.2081  9.4248  8.1852  7.7694
  41  0.532700  3.5634  4.7337 -1.3622 13.1145 12.4234 10.0721  9.2929  8.0819  7.6782
  42  0.544672  3.5675  4.7228 -1.3253 12.9934 12.3027  9.9362  9.1606  7.9808  7.5893
  43  0.556570  3.5717  4.7118 -1.2881 12.8714 12.1820  9.7969  9.0240  7.8786  7.5002
  44  0.569136  3.5763  4.7003 -1.2488 12.7416 12.0544  9.6464  8.8760  7.7695  7.4060
  45  0.582431  3.5812  4.6882 -1.2068 12.6010 11.9172  9.4816  8.7129  7.6527  7.3059
  46  0.596070  3.5865  4.6761 -1.1633 12.4494 11.7704  9.3023  8.5334  7.5298  7.2027
  47  0.609567  3.5921  4.6645 -1.1197 12.2961 11.6222  9.1188  8.3502  7.4060  7.0993
  48  0.622529  3.5977  4.6538 -1.0773 12.1491 11.4782  8.9409  8.1745  7.2859  6.9984
  49  0.634850  3.6033  4.6441 -1.0366 12.0053 11.3369  8.7682  8.0046  7.1704  6.9020
  50  0.646537  3.6088  4.6351 -0.9978 11.8629 11.1983  8.6011  7.8393  7.0608  6.8112
  51  0.657441  3.6140  4.6271 -0.9619 11.7267 11.0659  8.4448  7.6847  6.9593  6.7275
  52  0.663627  3.6170  4.6226 -0.9414 11.6486 10.9894  8.3567  7.5982  6.9020  6.6799
  53  0.669695  3.6200  4.6183 -0.9212 11.5720 10.9137  8.2714  7.5155  6.8461  6.6332
  54  0.675707  3.6230  4.6142 -0.9013 11.4939 10.8361  8.1867  7.4339  6.7906  6.5865
  55  0.681742  3.6260  4.6100 -0.8811 11.4132 10.7555  8.1019  7.3529  6.7349  6.5394
  56  0.687893  3.6291  4.6059 -0.8606 11.3256 10.6674  8.0143  7.2700  6.6777  6.4908
  57  0.694250  3.6323  4.6016 -0.8393 11.2316 10.5726  7.9235  7.1848  6.6186  6.4401
  58  0.700921  3.6358  4.5971 -0.8170 11.1298 10.4700  7.8284  7.0963  6.5565  6.3867
  59  0.707932  3.6395  4.5927 -0.7934 11.0185 10.3575  7.7278  7.0034  6.4905  6.3294
  60  0.715148  3.6433  4.5878 -0.7690 10.9015 10.2393  7.6259  6.9102  6.4228  6.2701
  61  0.722424  3.6471  4.5831 -0.7444 10.7785 10.1149  7.5227  6.8170  6.3542  6.2094
  62  0.729596  3.6509  4.5782 -0.7201 10.6559  9.9911  7.4236  6.7287  6.2874  6.1495
  63  0.736516  3.6546  4.5737 -0.6968 10.5341  9.8681  7.3286  6.6452  6.2230  6.0915
  64  0.743028  3.6579  4.5691 -0.6750 10.4193  9.7526  7.2419  6.5697  6.1636  6.0373
  65  0.749053  3.6611  4.5649 -0.6549 10.3110  9.6437  7.1620  6.5011  6.1090  5.9870
  66  0.754692  3.6639  4.5607 -0.6361 10.2101  9.5424  7.0890  6.4388  6.0585  5.9402
  67  0.760010  3.6667  4.5569 -0.6183 10.1133  9.4455  7.0200  6.3802  6.0107  5.8958
  68  0.765057  3.6691  4.5529 -0.6014 10.0224  9.3544  6.9556  6.3257  5.9657  5.8536
  69  0.769877  3.6716  4.5492 -0.5851  9.9337  9.2659  6.8937  6.2737  5.9223  5.8130
  70  0.774518  3.6739  4.5453 -0.5693  9.8491  9.1815  6.8350  6.2243  5.8808  5.7739
  71  0.779033  3.6762  4.5415 -0.5539  9.7653  9.0981  6.7777  6.1760  5.8401  5.7357
  72  0.783463  3.6783  4.5376 -0.5387  9.6833  9.0170  6.7220  6.1291  5.8003  5.6983
  73  0.787854  3.6806  4.5337 -0.5236  9.6015  8.9361  6.6667  6.0826  5.7607  5.6611
  74  0.792244  3.6827  4.5295 -0.5084  9.5203  8.8561  6.6120  6.0364  5.7212  5.6240
  75  0.796662  3.6849  4.5254 -0.4931  9.4392  8.7764  6.5572  5.9902  5.6815  5.5866
  76  0.801069  3.6870  4.5210 -0.4778  9.3585  8.6975  6.5026  5.9441  5.6418  5.5494
  77  0.805448  3.6892  4.5166 -0.4624  9.2790  8.6197  6.4488  5.8986  5.6024  5.5124
  78  0.809812  3.6913  4.5120 -0.4472  9.1998  8.5425  6.3955  5.8533  5.5632  5.4757
  79  0.814150  3.6933  4.5074 -0.4320  9.1211  8.4659  6.3427  5.8087  5.5243  5.4393
  80  0.818451  3.6953  4.5026 -0.4170  9.0444  8.3916  6.2913  5.7648  5.4858  5.4031
  81  0.822712  3.6973  4.4978 -0.4021  8.9687  8.3183  6.2405  5.7214  5.4477  5.3675
  82  0.826898  3.6992  4.4929 -0.3874  8.8951  8.2472  6.1912  5.6791  5.4105  5.3326
  83  0.831008  3.7010  4.4879 -0.3730  8.8234  8.1781  6.1432  5.6378  5.3740  5.2983
  84  0.835042  3.7028  4.4829 -0.3588  8.7536  8.1109  6.0965  5.5975  5.3382  5.2648
  85  0.838987  3.7045  4.4780 -0.3450  8.6851  8.0449  6.0510  5.5581  5.3033  5.2319
  86  0.842837  3.7061  4.4729 -0.3315  8.6190  7.9811  6.0069  5.5199  5.2692  5.1999
  87  0.846589  3.7077  4.4679 -0.3182  8.5550  7.9194  5.9643  5.4827  5.2360  5.1686
  88  0.850255  3.7091  4.4628 -0.3052  8.4925  7.8592  5.9227  5.4464  5.2035  5.1380
  89  0.853845  3.7106  4.4576 -0.2925  8.4317  7.8006  5.8822  5.4109  5.1717  5.1080
  90  0.857366  3.7121  4.4525 -0.2800  8.3725  7.7436  5.8427  5.3761  5.1404  5.0786
  91  0.860811  3.7134  4.4473 -0.2677  8.3148  7.6881  5.8042  5.3423  5.1098  5.0497
  92  0.864179  3.7147  4.4422 -0.2556  8.2588  7.6343  5.7666  5.3091  5.0798  5.0213
  93  0.867469  3.7159  4.4369 -0.2437  8.2043  7.5819  5.7300  5.2767  5.0504  4.9934
  94  0.870684  3.7171  4.4317 -0.2321  8.1513  7.5309  5.6943  5.2450  5.0216  4.9660
  95  0.873828  3.7183  4.4265 -0.2206  8.0999  7.4815  5.6595  5.2141  4.9932  4.9392
  96  0.876902  3.7194  4.4212 -0.2094  8.0498  7.4334  5.6256  5.1837  4.9654  4.9129
  97  0.879913  3.7205  4.4159 -0.1983  8.0012  7.3866  5.5924  5.1540  4.9381  4.8868
  98  0.882861  3.7215  4.4105 -0.1874  7.9543  7.3413  5.5600  5.1249  4.9113  4.8613
  99  0.885758  3.7224  4.4052 -0.1768  7.9087  7.2974  5.5283  5.0963  4.8849  4.8362
 100  0.888603  3.7233  4.3998 -0.1663  7.8643  7.2544  5.4973  5.0683  4.8589  4.8114
 101  0.891404  3.7243  4.3943 -0.1559  7.8213  7.2128  5.4670  5.0408  4.8334  4.7870
 102  0.894164  3.7251  4.3889 -0.1457  7.7794  7.1723  5.4374  5.0138  4.8083  4.7629
 103  0.896894  3.7259  4.3835 -0.1357  7.7388  7.1329  5.4083  4.9873  4.7835  4.7392
 104  0.899594  3.7267  4.3779 -0.1258  7.6991  7.0945  5.3798  4.9613  4.7592  4.7159
 105  0.902269  3.7275  4.3724 -0.1161  7.6607  7.0571  5.3519  4.9356  4.7351  4.6927
 106  0.904917  3.7281  4.3668 -0.1064  7.6235  7.0208  5.3246  4.9105  4.7114  4.6698
 107  0.907532  3.7288  4.3612 -0.0969  7.5872  6.9856  5.2978  4.8857  4.6879  4.6472
 108  0.910099  3.7294  4.3555 -0.0876  7.5520  6.9513  5.2716  4.8614  4.6649  4.6250
 109  0.912581  3.7300  4.3498 -0.0784  7.5175  6.9177  5.2458  4.8374  4.6423  4.6030
 110  0.914951  3.7305  4.3442 -0.0694  7.4836  6.8846  5.2206  4.8139  4.6200  4.5814
 111  0.917245  3.7311  4.3388 -0.0604  7.4505  6.8523  5.1957  4.7908  4.5981  4.5602
 112  0.918651  3.7314  4.3352 -0.0549  7.4302  6.8325  5.1804  4.7765  4.5845  4.5470
 113  0.920055  3.7318  4.3316 -0.0493  7.4099  6.8126  5.1650  4.7621  4.5707  4.5337
 114  0.921457  3.7321  4.3279 -0.0437  7.3896  6.7928  5.1495  4.7476  4.5568  4.5202
 115  0.922856  3.7324  4.3242 -0.0381  7.3692  6.7729  5.1339  4.7330  4.5429  4.5066
 116  0.924254  3.7327  4.3203 -0.0323  7.3491  6.7531  5.1182  4.7182  4.5288  4.4929
 117  0.925651  3.7330  4.3164 -0.0265  7.3288  6.7332  5.1024  4.7034  4.5147  4.4790
 118  0.927047  3.7333  4.3125 -0.0208  7.3087  6.7134  5.0866  4.6885  4.5003  4.4651
 119  0.928441  3.7336  4.3084 -0.0149  7.2885  6.6935  5.0708  4.6735  4.4860  4.4511
 120  0.929832  3.7339  4.3043 -0.0090  7.2685  6.6739  5.0548  4.6584  4.4715  4.4369
 121  0.931227  3.7342  4.3001 -0.0032  7.2488  6.6543  5.0389  4.6434  4.4569  4.4226
 122  0.932603  3.7344  4.2958  0.0029  7.2286  6.6345  5.0228  4.6281  4.4421  4.4082
 123  0.933953  3.7347  4.2915  0.0089  7.2077  6.6138  5.0063  4.6126  4.4272  4.3936
 124  0.935315  3.7350  4.2872  0.0150  7.1870  6.5935  4.9898  4.5970  4.4122  4.3790
 125  0.936682  3.7352  4.2829  0.0211  7.1664  6.5732  4.9734  4.5814  4.3972  4.3643
 126  0.938054  3.7355  4.2784  0.0272  7.1463  6.5534  4.9570  4.5658  4.3822  4.3496
 127  0.939427  3.7358  4.2740  0.0333  7.1261  6.5332  4.9406  4.5502  4.3671  4.3348
 128  0.940803  3.7360  4.2693  0.0394  7.1063  6.5136  4.9242  4.5345  4.3520  4.3199
 129  0.942184  3.7362  4.2646  0.0456  7.0870  6.4944  4.9079  4.5189  4.3367  4.3049
 130  0.943562  3.7364  4.2599  0.0518  7.0678  6.4754  4.8916  4.5032  4.3214  4.2898
 131  0.944941  3.7366  4.2549  0.0581  7.0490  6.4566  4.8753  4.4875  4.3060  4.2747
 132  0.946317  3.7367  4.2499  0.0643  7.0303  6.4378  4.8589  4.4717  4.2906  4.2594
 133  0.947695  3.7369  4.2448  0.0705  7.0120  6.4194  4.8427  4.4559  4.2750  4.2440
 134  0.949068  3.7370  4.2395  0.0768  6.9940  6.4013  4.8265  4.4400  4.2595  4.2285
 135  0.950440  3.7370  4.2342  0.0832  6.9762  6.3833  4.8101  4.4242  4.2437  4.2129
 136  0.951804  3.7372  4.2289  0.0896  6.9580  6.3650  4.7937  4.4082  4.2280  4.1972
 137  0.953176  3.7372  4.2233  0.0960  6.9412  6.3479  4.7776  4.3922  4.2121  4.1814
 138  0.954537  3.7372  4.2175  0.1024  6.9244  6.3307  4.7614  4.3762  4.1961  4.1654
 139  0.955896  3.7372  4.2118  0.1088  6.9077  6.3137  4.7452  4.3601  4.1801  4.1493
 140  0.957249  3.7372  4.2059  0.1152  6.8914  6.2971  4.7290  4.3440  4.1640  4.1332
 141  0.958598  3.7371  4.1998  0.1218  6.8753  6.2806  4.7129  4.3278  4.1477  4.1169
 142  0.959948  3.7371  4.1936  0.1283  6.8604  6.2650  4.6969  4.3117  4.1314  4.1005
 143  0.961289  3.7370  4.1872  0.1349  6.8455  6.2496  4.6809  4.2956  4.1151  4.0840
 144  0.962627  3.7369  4.1807  0.1414  6.8314  6.2348  4.6651  4.2794  4.0986  4.0674
 145  0.963959  3.7366  4.1740  0.1480  6.8178  6.2205  4.6494  4.2633  4.0821  4.0505
 146  0.965287  3.7364  4.1670  0.1545  6.8054  6.2073  4.6339  4.2472  4.0655  4.0337
 147  0.966608  3.7361  4.1599  0.1612  6.7930  6.1940  4.6184  4.2311  4.0489  4.0166
 148  0.967931  3.7357  4.1524  0.1678  6.7826  6.1825  4.6035  4.2151  4.0322  3.9995
 149  0.969249  3.7354  4.1448  0.1744  6.7726  6.1713  4.5885  4.1992  4.0154  3.9822
 150  0.970563  3.7349  4.1369  0.1810  6.7639  6.1613  4.5739  4.1834  3.9986  3.9648
 151  0.971878  3.7343  4.1287  0.1876  6.7569  6.1528  4.5597  4.1677  3.9817  3.9473
 152  0.973194  3.7337  4.1200  0.1943  6.7519  6.1462  4.5461  4.1522  3.9648  3.9295
 153  0.974514  3.7329  4.1109  0.2009  6.7486  6.1411  4.5330  4.1369  3.9480  3.9116
 154  0.975843  3.7320  4.1015  0.2075  6.7472  6.1375  4.5204  4.1218  3.9311  3.8936
 155  0.977183  3.7310  4.0914  0.2140  6.7492  6.1372  4.5087  4.1072  3.9143  3.8754
 156  0.978545  3.7298  4.0805  0.2204  6.7549  6.1400  4.4981  4.0931  3.8974  3.8570
 157  0.979935  3.7283  4.0687  0.2268  6.7661  6.1480  4.4892  4.0798  3.8809  3.8384
 158  0.981361  3.7263  4.0555  0.2329  6.7850  6.1628  4.4827  4.0678  3.8647  3.8198
 159  0.982839  3.7239  4.0408  0.2387  6.8139  6.1867  4.4796  4.0578  3.8496  3.8015
 160  0.984348  3.7207  4.0237  0.2437  6.8587  6.2252  4.4823  4.0515  3.8364  3.7840
 161  0.985810  3.7167  4.0046  0.2474  6.9229  6.2814  4.4930  4.0503  3.8265  3.7687
 162  0.986895  3.7130  3.9889  0.2485  6.9912  6.3420  4.5100  4.0559  3.8235  3.7607
 163  0.987979  3.7085  3.9697  0.2505  7.0713  6.4134  4.5294  4.0618  3.8190  3.7502
 164  0.989060  3.7034  3.9470  0.2532  7.1634  6.4953  4.5515  4.0683  3.8134  3.7376
 165  0.990130  3.6980  3.9201  0.2588  7.2530  6.5741  4.5699  4.0697  3.8015  3.7181
 166  0.991153  3.6929  3.8895  0.2695  7.3238  6.6352  4.5754  4.0588  3.7777  3.6870
 167  0.992081  3.6887  3.8576  0.2852  7.3660  6.6702  4.5633  4.0329  3.7409  3.6444
 168  0.992908  3.6856  3.8265  0.3043  7.3790  6.6777  4.5363  3.9955  3.6953  3.5943
 169  0.993655  3.6834  3.7966  0.3255  7.3706  6.6653  4.4989  3.9506  3.6441  3.5399
 170  0.994346  3.6817  3.7679  0.3478  7.3481  6.6395  4.4547  3.9011  3.5899  3.4831
 171  0.995001  3.6804  3.7400  0.3709  7.3160  6.6046  4.4061  3.8484  3.5337  3.4250
 172  0.995627  3.6794  3.7129  0.3943  7.2770  6.5633  4.3543  3.7937  3.4764  3.3660
 173  0.996236  3.6786  3.6863  0.4179  7.2337  6.5178  4.3006  3.7377  3.4182  3.3065
 174  0.996834  3.6780  3.6602  0.4418  7.1869  6.4691  4.2453  3.6807  3.3595  3.2467
 175  0.997422  3.6774  3.6343  0.4656  7.1381  6.4186  4.1890  3.6232  3.3005  3.1867
 176  0.998005  3.6770  3.6086  0.4896  7.0875  6.3663  4.1321  3.5651  3.2412  3.1265
 177  0.998584  3.6766  3.5834  0.5137  7.0354  6.3125  4.0746  3.5068  3.1818  3.0664
 178  0.999155  3.6762  3.5580  0.5377  6.9828  6.2583  4.0167  3.4481  3.1222  3.0060
 179  0.999714  3.6758  3.5325  0.5620  6.9299  6.2040  3.9585  3.3891  3.0623  2.9454
 180  1.000264  3.6755  3.5070  0.5863  6.8764  6.1490  3.8998  3.3298  3.0021  2.8845
 181  1.000804  3.6750  3.4812  0.6106  6.8236  6.0947  3.8414  3.2704  2.9418  2.8234
 182  1.001100  3.6748  3.4669  0.6241  6.7950  6.0652  3.8092  3.2377  2.9084  2.7896
 183  1.001393  3.6745  3.4523  0.6378  6.7660  6.0355  3.7766  3.2046  2.8745  2.7552
 184  1.001687  3.6742  3.4372  0.6519  6.7362  6.0047  3.7430  3.1703  2.8397  2.7199
 185  1.001979  3.6740  3.4221  0.6663  6.7057  5.9733  3.7088  3.1355  2.8042  2.6839
 186  1.002269  3.6737  3.4057  0.6814  6.6739  5.9407  3.6728  3.0987  2.7666  2.6458
 187  1.002554  3.6734  3.3882  0.6978  6.6400  5.9058  3.6340  3.0591  2.7261  2.6047
 188  1.002836  3.6731  3.3694  0.7153  6.6042  5.8689  3.5927  3.0168  2.6829  2.5609
 189  1.003111  3.6726  3.3491  0.7341  6.5660  5.8296  3.5486  2.9716  2.6366  2.5137
 190  1.003383  3.6721  3.3280  0.7535  6.5269  5.7893  3.5030  2.9249  2.5887  2.4650
 191  1.003650  3.6717  3.3059  0.7738  6.4860  5.7472  3.4553  2.8759  2.5384  2.4139
 192  1.003912  3.6712  3.2824  0.7953  6.4443  5.7042  3.4055  2.8246  2.4856  2.3601
 193  1.004167  3.6705  3.2577  0.8177  6.4010  5.6596  3.3535  2.7709  2.4302  2.3037
 194  1.004418  3.6699  3.2322  0.8408  6.3569  5.6142  3.3003  2.7159  2.3735  2.2459
 195  1.004663  3.6693  3.2055  0.8648  6.3121  5.5679  3.2452  2.6588  2.3144  2.1855
 196  1.004902  3.6685  3.1779  0.8896  6.2668  5.5211  3.1888  2.6000  2.2536  2.1234
 197  1.005134  3.6676  3.1489  0.9153  6.2206  5.4735  3.1304  2.5394  2.1904  2.0588
 198  1.005361  3.6668  3.1192  0.9416  6.1739  5.4253  3.0711  2.4773  2.1259  1.9929
 199  1.005580  3.6659  3.0885  0.9687  6.1268  5.3767  3.0102  2.4137  2.0594  1.9248
 200  1.005792  3.6649  3.0567  0.9967  6.0789  5.3275  2.9478  2.3481  1.9910  1.8546
 201  1.005998  3.6639  3.0241  1.0252  6.0309  5.2781  2.8845  2.2814  1.9212  1.7831
 202  1.006196  3.6627  2.9904  1.0544  5.9831  5.2290  2.8200  2.2135  1.8497  1.7097
 203  1.006387  3.6615  2.9558  1.0844  5.9358  5.1803  2.7547  2.1442  1.7769  1.6347
 204  1.006571  3.6602  2.9204  1.1148  5.8886  5.1317  2.6888  2.0742  1.7027  1.5583
 205  1.006748  3.6589  2.8842  1.1456  5.8416  5.0834  2.6221  2.0033  1.6275  1.4809
 206  1.006917  3.6574  2.8471  1.1771  5.7949  5.0354  2.5548  1.9314  1.5512  1.4019
 207  1.007080  3.6560  2.8095  1.2091  5.7483  4.9876  2.4869  1.8589  1.4738  1.3220
 208  1.007237  3.6545  2.7711  1.2413  5.7023  4.9403  2.4186  1.7858  1.3956  1.2413
 209  1.007387  3.6530  2.7324  1.2740  5.6565  4.8937  2.3502  1.7124  1.3168  1.1596
 210  1.007527  3.6513  2.6920  1.3077  5.6105  4.8469  2.2804  1.6373  1.2357  1.0754
 211  1.007679  3.6491  2.6432  1.3478  5.5586  4.7952  2.1998  1.5502  1.1396  0.9752
 212  1.007907  3.6483  2.6194  1.3687  5.5244  4.7608  2.1542  1.5023  1.0888  0.9229
 213  1.008056  3.6499  2.6480  1.3464  5.5463  4.7816  2.1950  1.5478  1.1414  0.9786
 214  1.008205  3.6507  2.6628  1.3347  5.5597  4.7942  2.2168  1.5717  1.1690  1.0077
 215  1.008347  3.6497  2.6347  1.3589  5.5225  4.7565  2.1645  1.5161  1.1102  0.9471
 216  1.008487  3.6484  2.6051  1.3837  5.4888  4.7232  2.1137  1.4614  1.0506  0.8853
 217  1.008510  3.6483  2.6007  1.3873  5.4840  4.7186  2.1064  1.4535  1.0419  0.8763
 218  1.008533  3.6480  2.5964  1.3909  5.4795  4.7142  2.0993  1.4459  1.0334  0.8674
 219  1.008555  3.6479  2.5920  1.3946  5.4747  4.7097  2.0920  1.4380  1.0247  0.8582
 220  1.008578  3.6476  2.5867  1.3989  5.4691  4.7042  2.0833  1.4285  1.0143  0.8474
 221  1.008601  3.6474  2.5807  1.4039  5.4625  4.6977  2.0731  1.4176  1.0024  0.8350
 222  1.008623  3.6471  2.5745  1.4091  5.4555  4.6909  2.0627  1.4063  0.9899  0.8221
 223  1.008645  3.6468  2.5682  1.4144  5.4482  4.6838  2.0518  1.3947  0.9772  0.8089
 224  1.008667  3.6467  2.5619  1.4197  5.4408  4.6766  2.0409  1.3830  0.9645  0.7957
 225  1.008690  3.6464  2.5553  1.4251  5.4332  4.6691  2.0297  1.3710  0.9514  0.7821
 226  1.008714  3.6460  2.5482  1.4310  5.4255  4.6616  2.0178  1.3580  0.9372  0.7673
 227  1.008920  3.6423  2.4678  1.4966  5.3464  4.5838  1.8881  1.2168  0.7810  0.6039
 228  1.009098  3.6386  2.3904  1.5594  5.2721  4.5122  1.7663  1.0837  0.6320  0.4477
 229  1.009253  3.6350  2.3147  1.6205  5.2012  4.4455  1.6504  0.9567  0.4876  0.2957
 230  1.009389  3.6312  2.2389  1.6813  5.1319  4.3817  1.5374  0.8331  0.3448  0.1447
 231  1.009507  3.6275  2.1655  1.7398  5.0654  4.3222  1.4306  0.7162  0.2078 -0.0006
 232  1.009610  3.6237  2.0939  1.7966  5.0005  4.2653  1.3293  0.6053  0.0756 -0.1415
 233  1.009701  3.6201  2.0237  1.8521  4.9373  4.2113  1.2328  0.4999 -0.0528 -0.2787
 234  1.009781  3.6163  1.9543  1.9063  4.8769  4.1607  1.1421  0.4012 -0.1774 -0.4132
 235  1.009852  3.6125  1.8857  1.9598  4.8179  4.1122  1.0561  0.3080 -0.2992 -0.5453
 236  1.009914  3.6088  1.8193  2.0111  4.7614  4.0664  0.9770  0.2226 -0.4154 -0.6723
 237  1.009971  3.6049  1.7530  2.0623  4.7056  4.0214  0.9016  0.1421 -0.5303 -0.7988
 238  1.010020  3.6012  1.6886  2.1116  4.6523  3.9783  0.8322  0.0693 -0.6405 -0.9209
 239  1.010064  3.5974  1.6246  2.1606  4.6000  3.9362  0.7678  0.0024 -0.7485 -1.0418
 240  1.010104  3.5937  1.5626  2.2080  4.5483  3.8943  0.7087 -0.0579 -0.8521 -1.1585
 241  1.010140  3.5900  1.5010  2.2546  4.4980  3.8530  0.6561 -0.1107 -0.9524 -1.2730
 242  1.010172  3.5862  1.4405  2.3003  4.4504  3.8132  0.6103 -0.1549 -1.0490 -1.3847
 243  1.010201  3.5826  1.3812  2.3447  4.4073  3.7756  0.5721 -0.1888 -1.1419 -1.4937
 244  1.010227  3.5789  1.3231  2.3884  4.3671  3.7389  0.5410 -0.2139 -1.2311 -1.6000
 245  1.010251  3.5754  1.2664  2.4306  4.3299  3.7034  0.5183 -0.2291 -1.3154 -1.7024
 246  1.010273  3.5718  1.2107  2.4721  4.2957  3.6687  0.5038 -0.2343 -1.3962 -1.8023
 247  1.010293  3.5682  1.1559  2.5128  4.2660  3.6356  0.4989 -0.2294 -1.4726 -1.8994
 248  1.010310  3.5647  1.1024  2.5523  4.2408  3.6050  0.5023 -0.2177 -1.5435 -1.9922
 249  1.010327  3.5612  1.0498  2.5911  4.2206  3.5778  0.5132 -0.2022 -1.6095 -2.0812
 250  1.010342  3.5579  0.9983  2.6288  4.2068  3.5557  0.5350 -0.1809 -1.6691 -2.1653
 251  1.010355  3.5544  0.9476  2.6658  4.1978  3.5347  0.5720 -0.1443 -1.7217 -2.2451
 252  1.010368  3.5510  0.8983  2.7016  4.1940  3.5131  0.6255 -0.0863 -1.7673 -2.3203
 253  1.010380  3.5476  0.8496  2.7368  4.1959  3.4872  0.7148  0.0223 -1.8026 -2.3915
 254  1.010391  3.5444  0.8021  2.7711  4.2014  3.4539  0.8193  0.1524 -1.8297 -2.4574
 255  1.010401  3.5411  0.7556  2.8045  4.2102  3.4190  0.9388  0.2961 -1.8474 -2.5177
 256  1.010409  3.5378  0.7099  2.8372  4.2212  3.3834  1.0748  0.4487 -1.8540 -2.5714
 257  1.010419  3.5346  0.6655  2.8689  4.2325  3.3510  1.2345  0.5990 -1.8399 -2.6130
 258  1.010426  3.5314  0.6216  2.9000  4.2452  3.3209  1.4040  0.7465 -1.8151 -2.6476
 259  1.010434  3.5284  0.5789  2.9303  4.2583  3.2943  1.5713  0.8823 -1.7844 -2.6767
 260  1.010440  3.5252  0.5368  2.9599  4.2746  3.2730  1.7366  1.0088 -1.7468 -2.6998
 261  1.010447  3.5221  0.4954  2.9889  4.2885  3.2633  1.8455  1.0725 -1.7210 -2.7230
 262  1.010453  3.5191  0.4549  3.0173  4.3018  3.2606  1.9272  1.1047 -1.6990 -2.7445
 263  1.010459  3.5161  0.4153  3.0448  4.3154  3.2628  1.9966  1.1230 -1.6765 -2.7633
 264  1.010464  3.5131  0.3767  3.0717  4.3287  3.2682  2.0587  1.1323 -1.6527 -2.7792
 265  1.010469  3.5102  0.3388  3.0979  4.3399  3.2729  2.1160  1.1407 -1.6284 -2.7930
 266  1.010474  3.5072  0.3008  3.1237  4.3511  3.2783  2.1710  1.1503 -1.6014 -2.8030
 267  1.010479  3.5042  0.2639  3.1487  4.3579  3.2820  2.2140  1.1520 -1.5797 -2.8144
 268  1.010483  3.5014  0.2281  3.1732  4.3619  3.2857  2.2465  1.1463 -1.5621 -2.8265
 269  1.010487  3.4985  0.1928  3.1971  4.3650  3.2926  2.2680  1.1306 -1.5485 -2.8389
 270  1.010491  3.4957  0.1582  3.2205  4.3678  3.3016  2.2900  1.1200 -1.5384 -2.8536
 271  1.010494  3.4929  0.1242  3.2434  4.3699  3.3121  2.3089  1.1097 -1.5317 -2.8696
 272  1.010497  3.4902  0.0910  3.2657  4.3718  3.3239  2.3244  1.0985 -1.5277 -2.8862
 273  1.010501  3.4874  0.0582  3.2875  4.3739  3.3374  2.3371  1.0861 -1.5261 -2.9036
 274  1.010504  3.4847  0.0261  3.3088  4.3457  3.2794  2.3178  1.0484 -1.5366 -2.9256
 275  1.010507  3.4820 -0.0056  3.3296  4.3926  3.3815  2.3556  1.0569 -1.5263 -2.9364
 276  1.010510  3.4793 -0.0365  3.3497  4.4412  3.4745  2.3829  1.0545 -1.5193 -2.9459
 277  1.010513  3.4767 -0.0665  3.3693  4.4738  3.5404  2.3951  1.0390 -1.5200 -2.9581
 278  1.010515  3.4742 -0.0955  3.3880  4.4968  3.5984  2.4019  1.0198 -1.5263 -2.9728
 279  1.010483  3.4719 -0.1207  3.4043  4.4539  3.5280  2.3593  0.9625 -1.5546 -2.9991
