#NUMBER OF AGES= 1
#----------------------------------------------------       
#MIX-LEN  Y      Z          Zeff        [Fe/H] [a/Fe]
# 1.9380  0.2925 2.9511E-02 2.9511E-02   0.28   0.00 
#----------------------------------------------------       
#**PHOTOMETRIC SYSTEM**: SkyMapper (AB)                     
#----------------------------------------------------       
#AGE=13.500 EEPS=267
#EEP   M/Mo    LogTeff  LogG   LogL/Lo u       v       g       r       i       z
  13  0.107738  3.4976  5.2471 -2.8328 17.7049 17.2409 14.4841 13.5664 11.9366 11.3595
  14  0.128282  3.4976  5.1766 -2.6868 17.3127 16.8251 14.1182 13.2018 11.5757 10.9963
  15  0.150331  3.4982  5.1161 -2.5550 16.9472 16.4367 13.7777 12.8635 11.2466 10.6673
  16  0.170322  3.5003  5.0761 -2.4522 16.6351 16.1032 13.4873 12.5780 10.9820 10.4081
  17  0.187198  3.5029  5.0495 -2.3741 16.3828 15.8334 13.2526 12.3492 10.7765 10.2097
  18  0.202201  3.5051  5.0278 -2.3100 16.1754 15.6122 13.0595 12.1612 10.6076 10.0466
  19  0.216641  3.5070  5.0079 -2.2524 15.9923 15.4174 12.8887 11.9949 10.4569  9.9006
  20  0.231295  3.5090  4.9897 -2.1980 15.8180 15.2327 12.7256 11.8366 10.3136  9.7623
  21  0.246815  3.5111  4.9724 -2.1442 15.6461 15.0508 12.5641 11.6803 10.1720  9.6259
  22  0.266549  3.5136  4.9523 -2.0807 15.4432 14.8367 12.3732 11.4956 10.0047  9.4650
  23  0.287787  3.5162  4.9334 -2.0180 15.2432 14.6260 12.1843 11.3132  9.8396  9.3067
  24  0.301579  3.5179  4.9233 -1.9810 15.1246 14.5016 12.0718 11.2049  9.7417  9.2134
  25  0.309306  3.5186  4.9189 -1.9627 15.0676 14.4421 12.0173 11.1522  9.6938  9.1672
  26  0.314821  3.5195  4.9168 -1.9497 15.0233 14.3956 11.9751 11.1118  9.6585  9.1342
  27  0.318642  3.5198  4.9129 -1.9389 14.9898 14.3603 11.9433 11.0810  9.6302  9.1070
  28  0.321243  3.5201  4.9138 -1.9348 14.9747 14.3447 11.9285 11.0671  9.6187  9.0966
  29  0.323505  3.5205  4.9112 -1.9282 14.9542 14.3232 11.9092 11.0484  9.6015  9.0800
  30  0.325506  3.5208  4.9102 -1.9234 14.9380 14.3061 11.8937 11.0336  9.5885  9.0677
  31  0.328063  3.5211  4.9078 -1.9163 14.9158 14.2829 11.8727 11.0133  9.5701  9.0502
  32  0.331487  3.5215  4.9052 -1.9076 14.8877 14.2534 11.8460 10.9878  9.5469  9.0280
  33  0.336271  3.5220  4.9018 -1.8958 14.8507 14.2147 11.8108 10.9538  9.5160  8.9985
  34  0.343832  3.5228  4.8969 -1.8780 14.7947 14.1562 11.7573 10.9024  9.4693  8.9537
  35  0.366099  3.5255  4.8804 -1.8233 14.6207 13.9741 11.5916 10.7437  9.3250  8.8164
  36  0.420900  3.5347  4.8319 -1.6774 14.1438 13.4762 11.1323 10.3058  8.9368  8.4522
  37  0.458791  3.5424  4.7991 -1.5763 13.8145 13.1348 10.8072  9.9974  8.6662  8.2018
  38  0.480898  3.5479  4.7796 -1.5143 13.6115 12.9262 10.6014  9.8017  8.4983  8.0491
  39  0.498462  3.5528  4.7638 -1.4635 13.4455 12.7569 10.4294  9.6374  8.3593  7.9243
  40  0.513056  3.5572  4.7505 -1.4201 13.3042 12.6139 10.2795  9.4936  8.2405  7.8183
  41  0.526028  3.5613  4.7386 -1.3807 13.1759 12.4848 10.1402  9.3591  8.1329  7.7229
  42  0.538157  3.5655  4.7274 -1.3434 13.0539 12.3628 10.0047  9.2274  8.0309  7.6331
  43  0.549802  3.5695  4.7166 -1.3071 12.9348 12.2445  9.8699  9.0956  7.9314  7.5459
  44  0.561846  3.5738  4.7056 -1.2693 12.8103 12.1218  9.7266  8.9551  7.8270  7.4552
  45  0.574629  3.5785  4.6937 -1.2291 12.6769 11.9909  9.5711  8.8017  7.7151  7.3589
  46  0.587949  3.5835  4.6817 -1.1867 12.5326 11.8507  9.4012  8.6325  7.5964  7.2581
  47  0.601300  3.5889  4.6698 -1.1437 12.3820 11.7051  9.2220  8.4533  7.4747  7.1562
  48  0.614242  3.5943  4.6586 -1.1016 12.2341 11.5615  9.0442  8.2762  7.3549  7.0561
  49  0.626597  3.5998  4.6486 -1.0608 12.0925 11.4225  8.8730  8.1077  7.2395  6.9592
  50  0.638254  3.6053  4.6393 -1.0220 11.9542 11.2866  8.7078  7.9451  7.1294  6.8673
  51  0.649345  3.6105  4.6308 -0.9850 11.8165 11.1529  8.5474  7.7861  7.0249  6.7811
  52  0.655706  3.6135  4.6262 -0.9638 11.7362 11.0750  8.4555  7.6952  6.9653  6.7320
  53  0.661859  3.6166  4.6216 -0.9434 11.6579 10.9985  8.3671  7.6083  6.9079  6.6845
  54  0.667871  3.6195  4.6172 -0.9232 11.5814 10.9231  8.2817  7.5253  6.8520  6.6377
  55  0.673797  3.6224  4.6130 -0.9035 11.5050 10.8470  8.1984  7.4449  6.7971  6.5915
  56  0.679718  3.6254  4.6089 -0.8836 11.4255 10.7677  8.1144  7.3646  6.7420  6.5450
  57  0.685719  3.6284  4.6047 -0.8634 11.3404 10.6822  8.0285  7.2832  6.6860  6.4973
  58  0.691885  3.6317  4.6006 -0.8426 11.2491 10.5903  7.9399  7.1999  6.6282  6.4479
  59  0.698313  3.6350  4.5963 -0.8209 11.1504 10.4906  7.8469  7.1132  6.5676  6.3959
  60  0.705092  3.6385  4.5916 -0.7980 11.0443 10.3834  7.7503  7.0238  6.5039  6.3406
  61  0.712124  3.6423  4.5870 -0.7740 10.9288 10.2668  7.6488  6.9308  6.4371  6.2822
  62  0.719257  3.6461  4.5821 -0.7497 10.8096 10.1462  7.5476  6.8391  6.3696  6.2226
  63  0.726356  3.6499  4.5774 -0.7254 10.6865 10.0217  7.4472  6.7492  6.3022  6.1625
  64  0.733257  3.6535  4.5725 -0.7019 10.5659  9.9000  7.3520  6.6652  6.2375  6.1042
  65  0.739819  3.6570  4.5680 -0.6796 10.4481  9.7813  7.2622  6.5869  6.1764  6.0487
  66  0.745916  3.6601  4.5635 -0.6590 10.3389  9.6715  7.1810  6.5168  6.1207  5.9974
  67  0.751577  3.6631  4.5594 -0.6398 10.2353  9.5677  7.1058  6.4525  6.0690  5.9497
  68  0.756888  3.6658  4.5553 -0.6219 10.1391  9.4711  7.0368  6.3936  6.0209  5.9050
  69  0.761901  3.6683  4.5515 -0.6049 10.0464  9.3783  6.9711  6.3382  5.9753  5.8624
  70  0.766659  3.6708  4.5475 -0.5887  9.9595  9.2913  6.9100  6.2865  5.9323  5.8220
  71  0.771217  3.6731  4.5438 -0.5730  9.8743  9.2064  6.8508  6.2368  5.8906  5.7829
  72  0.775624  3.6753  4.5399 -0.5578  9.7928  9.1252  6.7946  6.1895  5.8507  5.7453
  73  0.779925  3.6775  4.5361 -0.5428  9.7114  9.0444  6.7392  6.1428  5.8113  5.7082
  74  0.784158  3.6796  4.5321 -0.5281  9.6323  8.9660  6.6855  6.0976  5.7727  5.6719
  75  0.788357  3.6817  4.5282 -0.5133  9.5530  8.8879  6.6321  6.0526  5.7342  5.6358
  76  0.792558  3.6838  4.5240 -0.4985  9.4746  8.8107  6.5791  6.0078  5.6958  5.5997
  77  0.796785  3.6859  4.5198 -0.4837  9.3963  8.7341  6.5260  5.9630  5.6573  5.5634
  78  0.801020  3.6879  4.5153 -0.4687  9.3183  8.6576  6.4732  5.9184  5.6186  5.5272
  79  0.805237  3.6900  4.5109 -0.4537  9.2407  8.5820  6.4208  5.8739  5.5801  5.4910
  80  0.809431  3.6920  4.5063 -0.4388  9.1640  8.5072  6.3691  5.8300  5.5419  5.4553
  81  0.813599  3.6939  4.5016 -0.4240  9.0878  8.4330  6.3180  5.7865  5.5039  5.4197
  82  0.817783  3.6959  4.4968 -0.4091  9.0123  8.3599  6.2672  5.7431  5.4659  5.3840
  83  0.821906  3.6978  4.4919 -0.3944  8.9386  8.2886  6.2177  5.7007  5.4285  5.3489
  84  0.825967  3.6997  4.4868 -0.3800  8.8665  8.2191  6.1693  5.6591  5.3917  5.3144
  85  0.829956  3.7014  4.4818 -0.3657  8.7963  8.1514  6.1221  5.6185  5.3557  5.2805
  86  0.833872  3.7032  4.4767 -0.3518  8.7278  8.0854  6.0761  5.5788  5.3204  5.2474
  87  0.837707  3.7047  4.4716 -0.3380  8.6609  8.0209  6.0315  5.5399  5.2859  5.2149
  88  0.841454  3.7064  4.4664 -0.3246  8.5958  7.9581  5.9881  5.5021  5.2522  5.1832
  89  0.845100  3.7079  4.4613 -0.3115  8.5329  7.8973  5.9460  5.4653  5.2192  5.1522
  90  0.848653  3.7093  4.4561 -0.2987  8.4717  7.8385  5.9051  5.4296  5.1871  5.1219
  91  0.852133  3.7108  4.4509 -0.2861  8.4121  7.7810  5.8652  5.3945  5.1557  5.0922
  92  0.855543  3.7121  4.4457 -0.2737  8.3543  7.7252  5.8264  5.3603  5.1248  5.0630
  93  0.858878  3.7134  4.4404 -0.2615  8.2979  7.6709  5.7884  5.3268  5.0945  5.0344
  94  0.862143  3.7147  4.4352 -0.2496  8.2429  7.6181  5.7515  5.2941  5.0648  5.0063
  95  0.865337  3.7159  4.4298 -0.2378  8.1897  7.5668  5.7154  5.2621  5.0356  4.9786
  96  0.868455  3.7170  4.4245 -0.2263  8.1376  7.5169  5.6802  5.2308  5.0071  4.9515
  97  0.871504  3.7181  4.4191 -0.2149  8.0874  7.4684  5.6459  5.2002  4.9790  4.9248
  98  0.874490  3.7192  4.4137 -0.2038  8.0384  7.4213  5.6124  5.1702  4.9515  4.8986
  99  0.877416  3.7202  4.4083 -0.1928  7.9910  7.3756  5.5797  5.1408  4.9245  4.8729
 100  0.880286  3.7212  4.4028 -0.1821  7.9449  7.3311  5.5478  5.1120  4.8978  4.8475
 101  0.883110  3.7222  4.3974 -0.1715  7.9003  7.2880  5.5165  5.0837  4.8716  4.8225
 102  0.885886  3.7230  4.3918 -0.1610  7.8570  7.2460  5.4859  5.0560  4.8458  4.7979
 103  0.888630  3.7239  4.3863 -0.1508  7.8150  7.2053  5.4559  5.0287  4.8205  4.7735
 104  0.891338  3.7246  4.3808 -0.1406  7.7740  7.1656  5.4266  5.0020  4.7955  4.7496
 105  0.894020  3.7255  4.3751 -0.1307  7.7342  7.1270  5.3980  4.9757  4.7709  4.7259
 106  0.896673  3.7262  4.3695 -0.1208  7.6958  7.0896  5.3699  4.9498  4.7466  4.7026
 107  0.899294  3.7269  4.3638 -0.1112  7.6583  7.0532  5.3423  4.9245  4.7227  4.6795
 108  0.901867  3.7275  4.3580 -0.1016  7.6222  7.0179  5.3153  4.8995  4.6991  4.6567
 109  0.904355  3.7281  4.3523 -0.0922  7.5867  6.9833  5.2888  4.8750  4.6759  4.6343
 110  0.906732  3.7287  4.3466 -0.0830  7.5519  6.9493  5.2629  4.8509  4.6531  4.6123
 111  0.909028  3.7293  4.3410 -0.0738  7.5177  6.9161  5.2374  4.8272  4.6307  4.5906
 112  0.910403  3.7296  4.3375 -0.0683  7.4974  6.8962  5.2221  4.8129  4.6171  4.5774
 113  0.911778  3.7300  4.3339 -0.0627  7.4769  6.8762  5.2067  4.7985  4.6034  4.5641
 114  0.913149  3.7303  4.3303 -0.0571  7.4565  6.8562  5.1911  4.7840  4.5895  4.5506
 115  0.914520  3.7306  4.3265 -0.0515  7.4361  6.8362  5.1754  4.7693  4.5756  4.5370
 116  0.915889  3.7309  4.3227 -0.0458  7.4157  6.8163  5.1597  4.7546  4.5615  4.5233
 117  0.917256  3.7313  4.3188 -0.0400  7.3954  6.7963  5.1439  4.7398  4.5473  4.5095
 118  0.918623  3.7315  4.3149 -0.0342  7.3750  6.7764  5.1281  4.7248  4.5329  4.4956
 119  0.919987  3.7318  4.3109 -0.0284  7.3547  6.7565  5.1122  4.7098  4.5186  4.4815
 120  0.921351  3.7321  4.3068 -0.0225  7.3346  6.7367  5.0963  4.6947  4.5041  4.4674
 121  0.922715  3.7324  4.3026 -0.0166  7.3147  6.7170  5.0803  4.6797  4.4895  4.4531
 122  0.924056  3.7326  4.2983 -0.0106  7.2943  6.6969  5.0640  4.6643  4.4747  4.4387
 123  0.925381  3.7330  4.2941 -0.0046  7.2733  6.6762  5.0475  4.6488  4.4598  4.4241
 124  0.926714  3.7333  4.2898  0.0015  7.2524  6.6557  5.0311  4.6332  4.4449  4.4095
 125  0.928054  3.7335  4.2855  0.0076  7.2319  6.6355  5.0147  4.6177  4.4299  4.3948
 126  0.929396  3.7338  4.2811  0.0136  7.2117  6.6155  4.9983  4.6021  4.4149  4.3802
 127  0.930740  3.7341  4.2766  0.0197  7.1914  6.5954  4.9819  4.5865  4.3998  4.3654
 128  0.932083  3.7342  4.2720  0.0259  7.1714  6.5757  4.9655  4.5709  4.3847  4.3505
 129  0.933433  3.7345  4.2673  0.0320  7.1522  6.5565  4.9493  4.5553  4.3695  4.3356
 130  0.934779  3.7347  4.2625  0.0382  7.1329  6.5374  4.9330  4.5397  4.3543  4.3206
 131  0.936126  3.7348  4.2576  0.0444  7.1141  6.5186  4.9168  4.5240  4.3390  4.3054
 132  0.937469  3.7350  4.2527  0.0507  7.0953  6.4998  4.9005  4.5082  4.3235  4.2902
 133  0.938812  3.7351  4.2476  0.0569  7.0770  6.4814  4.8842  4.4925  4.3081  4.2749
 134  0.940151  3.7352  4.2423  0.0631  7.0589  6.4633  4.8680  4.4767  4.2926  4.2594
 135  0.941487  3.7353  4.2371  0.0694  7.0410  6.4453  4.8518  4.4609  4.2769  4.2439
 136  0.942816  3.7355  4.2318  0.0758  7.0229  6.4270  4.8355  4.4449  4.2611  4.2283
 137  0.944151  3.7355  4.2262  0.0821  7.0062  6.4100  4.8194  4.4291  4.2454  4.2126
 138  0.945476  3.7355  4.2205  0.0885  6.9894  6.3929  4.8033  4.4131  4.2295  4.1967
 139  0.946798  3.7355  4.2148  0.0949  6.9727  6.3758  4.7872  4.3971  4.2136  4.1808
 140  0.948112  3.7355  4.2089  0.1013  6.9566  6.3593  4.7712  4.3811  4.1976  4.1648
 141  0.949423  3.7355  4.2029  0.1077  6.9404  6.3428  4.7550  4.3651  4.1815  4.1487
 142  0.950735  3.7354  4.1967  0.1142  6.9257  6.3276  4.7393  4.3492  4.1653  4.1323
 143  0.952036  3.7353  4.1904  0.1207  6.9108  6.3122  4.7234  4.3331  4.1491  4.1159
 144  0.953338  3.7352  4.1838  0.1273  6.8970  6.2976  4.7078  4.3171  4.1328  4.0994
 145  0.954631  3.7349  4.1772  0.1338  6.8834  6.2833  4.6921  4.3010  4.1164  4.0828
 146  0.955923  3.7347  4.1702  0.1404  6.8712  6.2702  4.6768  4.2851  4.0999  4.0659
 147  0.957208  3.7344  4.1632  0.1469  6.8587  6.2570  4.6614  4.2691  4.0834  4.0491
 148  0.958496  3.7341  4.1558  0.1535  6.8486  6.2457  4.6466  4.2533  4.0667  4.0320
 149  0.959780  3.7337  4.1482  0.1601  6.8388  6.2347  4.6318  4.2375  4.0501  4.0148
 150  0.961059  3.7333  4.1403  0.1667  6.8301  6.2247  4.6172  4.2216  4.0334  3.9975
 151  0.962340  3.7326  4.1320  0.1733  6.8235  6.2166  4.6033  4.2061  4.0166  3.9800
 152  0.963625  3.7320  4.1233  0.1799  6.8186  6.2101  4.5897  4.1907  3.9998  3.9623
 153  0.964910  3.7312  4.1143  0.1864  6.8156  6.2052  4.5767  4.1756  3.9830  3.9445
 154  0.966206  3.7304  4.1049  0.1929  6.8143  6.2018  4.5642  4.1606  3.9662  3.9266
 155  0.967510  3.7294  4.0948  0.1995  6.8166  6.2017  4.5526  4.1461  3.9495  3.9085
 156  0.968833  3.7281  4.0840  0.2060  6.8225  6.2048  4.5421  4.1320  3.9328  3.8901
 157  0.970183  3.7265  4.0721  0.2122  6.8340  6.2130  4.5334  4.1190  3.9163  3.8717
 158  0.971564  3.7246  4.0589  0.2184  6.8527  6.2277  4.5270  4.1071  3.9004  3.8532
 159  0.972991  3.7222  4.0441  0.2241  6.8816  6.2516  4.5240  4.0971  3.8854  3.8350
 160  0.974440  3.7190  4.0271  0.2293  6.9260  6.2896  4.5266  4.0907  3.8721  3.8175
 161  0.975849  3.7151  4.0079  0.2332  6.9891  6.3447  4.5368  4.0891  3.8617  3.8018
 162  0.976915  3.7113  3.9919  0.2346  7.0570  6.4052  4.5534  4.0943  3.8582  3.7933
 163  0.977979  3.7069  3.9724  0.2371  7.1361  6.4754  4.5718  4.0992  3.8526  3.7817
 164  0.979040  3.7019  3.9492  0.2406  7.2252  6.5545  4.5920  4.1040  3.8454  3.7675
 165  0.980085  3.6965  3.9218  0.2472  7.3093  6.6281  4.6078  4.1029  3.8313  3.7459
 166  0.981078  3.6916  3.8908  0.2588  7.3751  6.6848  4.6102  4.0893  3.8049  3.7127
 167  0.981978  3.6877  3.8588  0.2752  7.4119  6.7148  4.5954  4.0612  3.7663  3.6684
 168  0.982781  3.6848  3.8278  0.2950  7.4211  6.7188  4.5664  4.0222  3.7193  3.6171
 169  0.983510  3.6826  3.7978  0.3166  7.4100  6.7039  4.5275  3.9761  3.6672  3.5618
 170  0.984185  3.6810  3.7689  0.3393  7.3855  6.6760  4.4820  3.9254  3.6120  3.5042
 171  0.984826  3.6797  3.7408  0.3626  7.3514  6.6394  4.4321  3.8717  3.5549  3.4451
 172  0.985441  3.6788  3.7136  0.3865  7.3108  6.5965  4.3791  3.8159  3.4966  3.3852
 173  0.986039  3.6780  3.6867  0.4104  7.2660  6.5496  4.3242  3.7589  3.4375  3.3249
 174  0.986626  3.6774  3.6603  0.4346  7.2178  6.4995  4.2679  3.7010  3.3779  3.2642
 175  0.987203  3.6768  3.6342  0.4588  7.1676  6.4476  4.2107  3.6426  3.3181  3.2034
 176  0.987775  3.6764  3.6083  0.4832  7.1158  6.3940  4.1528  3.5836  3.2579  3.1424
 177  0.988344  3.6760  3.5826  0.5076  7.0625  6.3392  4.0943  3.5242  3.1977  3.0814
 178  0.988905  3.6756  3.5571  0.5320  7.0087  6.2839  4.0354  3.4647  3.1372  3.0203
 179  0.989453  3.6752  3.5312  0.5565  6.9546  6.2283  3.9761  3.4048  3.0764  2.9588
 180  0.989992  3.6749  3.5054  0.5812  6.9001  6.1723  3.9166  3.3447  3.0153  2.8970
 181  0.990522  3.6745  3.4793  0.6059  6.8464  6.1171  3.8572  3.2844  2.9541  2.8350
 182  0.990807  3.6743  3.4650  0.6193  6.8178  6.0876  3.8251  3.2517  2.9208  2.8012
 183  0.991091  3.6740  3.4504  0.6331  6.7887  6.0576  3.7925  3.2185  2.8869  2.7668
 184  0.991376  3.6737  3.4354  0.6472  6.7588  6.0269  3.7588  3.1842  2.8520  2.7315
 185  0.991659  3.6735  3.4202  0.6615  6.7281  5.9953  3.7244  3.1493  2.8164  2.6955
 186  0.991940  3.6732  3.4040  0.6768  6.6961  5.9624  3.6883  3.1125  2.7788  2.6573
 187  0.992216  3.6729  3.3862  0.6933  6.6619  5.9273  3.6493  3.0725  2.7380  2.6158
 188  0.992489  3.6726  3.3674  0.7108  6.6258  5.8901  3.6079  3.0302  2.6947  2.5719
 189  0.992755  3.6721  3.3469  0.7297  6.5873  5.8505  3.5634  2.9846  2.6480  2.5245
 190  0.993019  3.6717  3.3257  0.7493  6.5479  5.8099  3.5174  2.9376  2.5998  2.4755
 191  0.993278  3.6712  3.3037  0.7697  6.5067  5.7674  3.4695  2.8884  2.5494  2.4242
 192  0.993531  3.6707  3.2800  0.7912  6.4646  5.7241  3.4194  2.8368  2.4963  2.3701
 193  0.993778  3.6700  3.2552  0.8138  6.4211  5.6792  3.3673  2.7829  2.4407  2.3135
 194  0.994021  3.6695  3.2296  0.8370  6.3768  5.6335  3.3137  2.7275  2.3836  2.2553
 195  0.994259  3.6687  3.2028  0.8611  6.3316  5.5870  3.2583  2.6702  2.3243  2.1948
 196  0.994490  3.6680  3.1750  0.8860  6.2858  5.5398  3.2015  2.6111  2.2630  2.1323
 197  0.994715  3.6672  3.1460  0.9118  6.2394  5.4919  3.1429  2.5501  2.1998  2.0674
 198  0.994935  3.6663  3.1162  0.9383  6.1923  5.4433  3.0832  2.4878  2.1348  2.0010
 199  0.995148  3.6653  3.0853  0.9655  6.1450  5.3946  3.0221  2.4237  2.0680  1.9326
 200  0.995353  3.6644  3.0533  0.9936  6.0969  5.3451  2.9593  2.3579  1.9993  1.8621
 201  0.995552  3.6634  3.0205  1.0223  6.0485  5.2953  2.8956  2.2908  1.9290  1.7902
 202  0.995744  3.6623  2.9867  1.0517  6.0005  5.2460  2.8308  2.2225  1.8572  1.7164
 203  0.995928  3.6610  2.9519  1.0818  5.9528  5.1970  2.7652  2.1530  1.7840  1.6410
 204  0.996106  3.6597  2.9161  1.1123  5.9054  5.1481  2.6988  2.0825  1.7095  1.5643
 205  0.996278  3.6584  2.8799  1.1434  5.8580  5.0995  2.6319  2.0112  1.6339  1.4864
 206  0.996442  3.6569  2.8427  1.1751  5.8110  5.0512  2.5642  1.9390  1.5571  1.4071
 207  0.996599  3.6555  2.8046  1.2072  5.7641  5.0030  2.4958  1.8661  1.4792  1.3266
 208  0.996751  3.6540  2.7662  1.2397  5.7176  4.9554  2.4272  1.7926  1.4006  1.2454
 209  0.996897  3.6524  2.7269  1.2727  5.6716  4.9085  2.3583  1.7186  1.3209  1.1628
 210  0.997034  3.6507  2.6857  1.3071  5.6246  4.8609  2.2872  1.6422  1.2382  1.0770
 211  0.997189  3.6486  2.6372  1.3474  5.5705  4.8071  2.2056  1.5543  1.1417  0.9764
 212  0.997422  3.6482  2.6211  1.3618  5.5451  4.7814  2.1730  1.5205  1.1063  0.9402
 213  0.997552  3.6501  2.6582  1.3326  5.5755  4.8107  2.2274  1.5807  1.1753  1.0131
 214  0.997697  3.6506  2.6654  1.3275  5.5782  4.8125  2.2349  1.5896  1.1870  1.0258
 215  0.997836  3.6492  2.6298  1.3573  5.5370  4.7711  2.1728  1.5228  1.1148  0.9510
 216  0.997965  3.6481  2.6023  1.3804  5.5054  4.7401  2.1258  1.4722  1.0598  0.8939
 217  0.997987  3.6479  2.5982  1.3838  5.5008  4.7357  2.1189  1.4648  1.0515  0.8852
 218  0.998009  3.6477  2.5939  1.3873  5.4966  4.7316  2.1122  1.4574  1.0433  0.8766
 219  0.998032  3.6475  2.5896  1.3909  5.4919  4.7271  2.1049  1.4496  1.0346  0.8676
 220  0.998055  3.6472  2.5837  1.3957  5.4858  4.7212  2.0953  1.4391  1.0232  0.8556
 221  0.998077  3.6470  2.5768  1.4014  5.4780  4.7135  2.0835  1.4265  1.0093  0.8412
 222  0.998099  3.6466  2.5696  1.4074  5.4702  4.7058  2.0714  1.4134  0.9951  0.8263
 223  0.998120  3.6463  2.5625  1.4135  5.4621  4.6978  2.0591  1.4002  0.9806  0.8113
 224  0.998141  3.6461  2.5552  1.4195  5.4541  4.6900  2.0468  1.3870  0.9662  0.7963
 225  0.998164  3.6457  2.5478  1.4256  5.4461  4.6820  2.0345  1.3737  0.9516  0.7811
 226  0.998186  3.6454  2.5401  1.4319  5.4380  4.6741  2.0218  1.3599  0.9364  0.7653
 227  0.998382  3.6417  2.4609  1.4967  5.3588  4.5965  1.8936  1.2205  0.7821  0.6040
 228  0.998554  3.6380  2.3825  1.5603  5.2835  4.5241  1.7707  1.0862  0.6314  0.4458
 229  0.998701  3.6344  2.3071  1.6212  5.2124  4.4574  1.6552  0.9598  0.4875  0.2943
 230  0.998831  3.6306  2.2314  1.6818  5.1430  4.3939  1.5428  0.8368  0.3452  0.1438
 231  0.998944  3.6269  2.1581  1.7402  5.0762  4.3340  1.4363  0.7203  0.2084 -0.0013
 232  0.999042  3.6232  2.0865  1.7970  5.0111  4.2771  1.3352  0.6097  0.0763 -0.1422
 233  0.999128  3.6194  2.0163  1.8525  4.9478  4.2231  1.2392  0.5050 -0.0519 -0.2795
 234  0.999205  3.6157  1.9463  1.9073  4.8866  4.1719  1.1480  0.4058 -0.1777 -0.4151
 235  0.999273  3.6118  1.8779  1.9605  4.8277  4.1235  1.0628  0.3137 -0.2988 -0.5467
 236  0.999334  3.6080  1.8102  2.0128  4.7700  4.0766  0.9829  0.2276 -0.4171 -0.6762
 237  0.999387  3.6042  1.7443  2.0636  4.7147  4.0319  0.9085  0.1484 -0.5311 -0.8018
 238  0.999434  3.6005  1.6797  2.1132  4.6609  3.9884  0.8394  0.0761 -0.6416 -0.9245
 239  0.999477  3.5967  1.6156  2.1622  4.6085  3.9461  0.7759  0.0103 -0.7494 -1.0453
 240  0.999514  3.5930  1.5533  2.2097  4.5564  3.9036  0.7172 -0.0494 -0.8531 -1.1624
 241  0.999549  3.5892  1.4917  2.2563  4.5063  3.8623  0.6657 -0.1008 -0.9531 -1.2768
 242  0.999579  3.5855  1.4314  2.3017  4.4593  3.8227  0.6212 -0.1434 -1.0489 -1.3879
 243  0.999607  3.5818  1.3718  2.3466  4.4165  3.7847  0.5842 -0.1754 -1.1421 -1.4976
 244  0.999632  3.5781  1.3137  2.3900  4.3768  3.7482  0.5546 -0.1986 -1.2307 -1.6036
 245  0.999655  3.5745  1.2567  2.4325  4.3398  3.7124  0.5335 -0.2119 -1.3150 -1.7064
 246  0.999675  3.5709  1.2008  2.4741  4.3063  3.6777  0.5212 -0.2146 -1.3954 -1.8064
 247  0.999694  3.5674  1.1460  2.5148  4.2775  3.6450  0.5184 -0.2077 -1.4709 -1.9029
 248  0.999711  3.5639  1.0924  2.5544  4.2528  3.6145  0.5234 -0.1949 -1.5413 -1.9955
 249  0.999727  3.5605  1.0400  2.5930  4.2342  3.5885  0.5366 -0.1789 -1.6060 -2.0837
 250  0.999740  3.5570  0.9881  2.6310  4.2213  3.5665  0.5621 -0.1542 -1.6644 -2.1675
 251  0.999754  3.5535  0.9374  2.6680  4.2135  3.5453  0.6035 -0.1127 -1.7154 -2.2466
 252  0.999767  3.5502  0.8878  2.7039  4.2112  3.5260  0.6669 -0.0427 -1.7586 -2.3215
 253  0.999777  3.5468  0.8394  2.7390  4.2138  3.4944  0.7597  0.0732 -1.7921 -2.3914
 254  0.999787  3.5434  0.7917  2.7733  4.2205  3.4602  0.8702  0.2095 -1.8166 -2.4563
 255  0.999797  3.5401  0.7448  2.8069  4.2298  3.4247  0.9945  0.3566 -1.8319 -2.5156
 256  0.999806  3.5368  0.6992  2.8395  4.2408  3.3897  1.1373  0.5095 -1.8331 -2.5664
 257  0.999814  3.5336  0.6547  2.8712  4.2525  3.3579  1.3018  0.6596 -1.8150 -2.6058
 258  0.999821  3.5305  0.6108  2.9024  4.2657  3.3287  1.4730  0.8055 -1.7877 -2.6387
 259  0.999829  3.5274  0.5680  2.9327  4.2792  3.3037  1.6406  0.9390 -1.7550 -2.6666
 260  0.999835  3.5242  0.5257  2.9625  4.2946  3.2845  1.7923  1.0495 -1.7203 -2.6899
 261  0.999841  3.5212  0.4845  2.9913  4.3082  3.2781  1.8878  1.0979 -1.6968 -2.7128
 262  0.999847  3.5181  0.4440  3.0197  4.3211  3.2771  1.9639  1.1233 -1.6753 -2.7339
 263  0.999853  3.5150  0.4043  3.0473  4.3350  3.2805  2.0301  1.1380 -1.6528 -2.7520
 264  0.999858  3.5121  0.3655  3.0742  4.3479  3.2868  2.0902  1.1445 -1.6285 -2.7674
 265  0.999863  3.5091  0.3275  3.1004  4.3581  3.2898  2.1472  1.1560 -1.6043 -2.7809
 266  0.999867  3.5061  0.2894  3.1262  4.3685  3.2954  2.1993  1.1635 -1.5780 -2.7908
 267  0.999871  3.5032  0.2525  3.1513  4.3744  3.2990  2.2391  1.1630 -1.5576 -2.8028
 268  0.999875  3.5003  0.2168  3.1757  4.3775  3.3030  2.2677  1.1543 -1.5419 -2.8154
 269  0.999879  3.4975  0.1813  3.1997  4.3807  3.3108  2.2895  1.1401 -1.5292 -2.8285
 270  0.999882  3.4946  0.1466  3.2231  4.3831  3.3203  2.3111  1.1306 -1.5208 -2.8442
 271  0.999887  3.4918  0.1125  3.2458  4.3855  3.3319  2.3293  1.1205 -1.5148 -2.8604
 272  0.999890  3.4890  0.0793  3.2682  4.3875  3.3445  2.3440  1.1088 -1.5119 -2.8777
 273  0.999893  3.4863  0.0465  3.2899  4.3834  3.3461  2.3508  1.0922 -1.5134 -2.8966
 274  0.999896  3.4836  0.0143  3.3112  4.3800  3.3461  2.3526  1.0721 -1.5172 -2.9158
 275  0.999898  3.4809 -0.0174  3.3320  4.4300  3.4395  2.3827  1.0718 -1.5082 -2.9251
 276  0.999901  3.4781 -0.0483  3.3521  4.4750  3.5273  2.4061  1.0654 -1.5037 -2.9354
 277  0.999903  3.4755 -0.0784  3.3717  4.4986  3.5795  2.4113  1.0437 -1.5085 -2.9498
 278  0.999906  3.4730 -0.1073  3.3903  4.4954  3.5896  2.3985  1.0079 -1.5246 -2.9701
 279  0.999945  3.4709 -0.1306  3.4055  4.4274  3.4708  2.3379  0.9368 -1.5602 -3.0002
