#NUMBER OF AGES= 1
#----------------------------------------------------       
#MIX-LEN  Y      Z          Zeff        [Fe/H] [a/Fe]
# 1.9380  0.2925 2.9511E-02 2.9511E-02   0.28   0.00 
#----------------------------------------------------       
#**PHOTOMETRIC SYSTEM**: SkyMapper (AB)                     
#----------------------------------------------------       
#AGE=14.000 EEPS=266
#EEP   M/Mo    LogTeff  LogG   LogL/Lo u       v       g       r       i       z
  14  0.124737  3.4976  5.1876 -2.7100 17.3753 16.8914 14.1767 13.2599 11.6332 11.0540
  15  0.146449  3.4980  5.1252 -2.5761 17.0078 16.5011 13.8342 12.9194 11.3001 10.7204
  16  0.166343  3.4997  5.0826 -2.4711 16.6947 16.1669 13.5427 12.6323 11.0313 10.4559
  17  0.183270  3.5023  5.0547 -2.3910 16.4379 15.8921 13.3040 12.3992 10.8211 10.2526
  18  0.198241  3.5047  5.0327 -2.3256 16.2257 15.6656 13.1065 12.2070 10.6488 10.0864
  19  0.212518  3.5065  5.0124 -2.2676 16.0409 15.4690 12.9342 12.0392 10.4967  9.9391
  20  0.226973  3.5084  4.9940 -2.2128 15.8656 15.2830 12.7703 11.8800 10.3526  9.7999
  21  0.242231  3.5105  4.9764 -2.1588 15.6931 15.1004 12.6085 11.7232 10.2106  9.6630
  22  0.260223  3.5128  4.9579 -2.0998 15.5046 14.9013 12.4312 11.5514 10.0552  9.5135
  23  0.282709  3.5156  4.9368 -2.0316 15.2868 14.6718 12.2258 11.3531  9.8754  9.3410
  24  0.298977  3.5176  4.9246 -1.9872 15.1448 14.5227 12.0910 11.2233  9.7584  9.2290
  25  0.307619  3.5185  4.9192 -1.9660 15.0780 14.4528 12.0273 11.1618  9.7025  9.1755
  26  0.313672  3.5193  4.9169 -1.9518 15.0304 14.4030 11.9819 11.1183  9.6643  9.1396
  27  0.317834  3.5197  4.9129 -1.9404 14.9948 14.3655 11.9481 11.0858  9.6344  9.1108
  28  0.320643  3.5201  4.9137 -1.9358 14.9781 14.3483 11.9319 11.0703  9.6216  9.0992
  29  0.322998  3.5204  4.9113 -1.9291 14.9571 14.3262 11.9120 11.0512  9.6039  9.0823
  30  0.325010  3.5207  4.9102 -1.9242 14.9408 14.3091 11.8964 11.0362  9.5909  9.0699
  31  0.327467  3.5210  4.9079 -1.9174 14.9192 14.2864 11.8760 11.0166  9.5730  9.0529
  32  0.330667  3.5214  4.9054 -1.9090 14.8926 14.2585 11.8507 10.9923  9.5510  9.0319
  33  0.335060  3.5219  4.9021 -1.8981 14.8581 14.2224 11.8179 10.9608  9.5223  9.0044
  34  0.341874  3.5226  4.8977 -1.8821 14.8075 14.1695 11.7697 10.9142  9.4799  8.9640
  35  0.354690  3.5241  4.8887 -1.8513 14.7107 14.0683 11.6774 10.8257  9.3992  8.8869
  36  0.402122  3.5315  4.8472 -1.7255 14.3009 13.6395 11.2848 10.4510  9.0652  8.5721
  37  0.444802  3.5395  4.8105 -1.6132 13.9346 13.2589 10.9272 10.1113  8.7651  8.2927
  38  0.470513  3.5454  4.7878 -1.5424 13.7035 13.0206 10.6955  9.8913  8.5745  8.1182
  39  0.489789  3.5505  4.7705 -1.4873 13.5235 12.8363 10.5109  9.7154  8.4245  7.9826
  40  0.505461  3.5551  4.7562 -1.4411 13.3732 12.6834 10.3532  9.5645  8.2983  7.8695
  41  0.519159  3.5593  4.7436 -1.3999 13.2390 12.5481 10.2094  9.4261  8.1853  7.7691
  42  0.531663  3.5633  4.7321 -1.3616 13.1140 12.4226 10.0721  9.2930  8.0808  7.6767
  43  0.543273  3.5674  4.7212 -1.3255 12.9958 12.3048  9.9395  9.1637  7.9820  7.5899
  44  0.554929  3.5715  4.7105 -1.2889 12.8755 12.1857  9.8021  9.0292  7.8814  7.5022
  45  0.567206  3.5760  4.6990 -1.2502 12.7480 12.0604  9.6545  8.8841  7.7741  7.4093
  46  0.580150  3.5807  4.6870 -1.2091 12.6107 11.9262  9.4935  8.7247  7.6597  7.3113
  47  0.593276  3.5859  4.6752 -1.1670 12.4647 11.7849  9.3209  8.5523  7.5409  7.2112
  48  0.606167  3.5911  4.6638 -1.1251 12.3178 11.6427  9.1452  8.3767  7.4221  7.1119
  49  0.618576  3.5965  4.6532 -1.0843 12.1760 11.5043  8.9740  8.2071  7.3065  7.0150
  50  0.630284  3.6019  4.6435 -1.0453 12.0393 11.3701  8.8095  8.0452  7.1960  6.9224
  51  0.641348  3.6071  4.6347 -1.0081 11.9047 11.2383  8.6500  7.8880  7.0907  6.8349
  52  0.647841  3.6102  4.6298 -0.9864 11.8233 11.1595  8.5555  7.7942  7.0292  6.7842
  53  0.654188  3.6132  4.6249 -0.9652 11.7431 11.0815  8.4633  7.7029  6.9695  6.7350
  54  0.660311  3.6162  4.6205 -0.9446 11.6643 11.0047  8.3743  7.6152  6.9117  6.6873
  55  0.666262  3.6191  4.6160 -0.9246 11.5889 10.9303  8.2898  7.5330  6.8563  6.6409
  56  0.672114  3.6220  4.6118 -0.9049 11.5127 10.8547  8.2066  7.4527  6.8016  6.5949
  57  0.677933  3.6249  4.6076 -0.8852 11.4347 10.7768  8.1237  7.3733  6.7472  6.5489
  58  0.683797  3.6279  4.6035 -0.8654 11.3517 10.6936  8.0394  7.2933  6.6920  6.5020
  59  0.689794  3.6311  4.5994 -0.8450 11.2621 10.6033  7.9519  7.2110  6.6351  6.4534
  60  0.696008  3.6343  4.5950 -0.8240 11.1677 10.5080  7.8626  7.1275  6.5766  6.4031
  61  0.702554  3.6378  4.5907 -0.8016 11.0639 10.4031  7.7674  7.0393  6.5143  6.3492
  62  0.709382  3.6413  4.5859 -0.7782 10.9532 10.2913  7.6693  6.9492  6.4493  6.2924
  63  0.716366  3.6452  4.5811 -0.7541 10.8350 10.1718  7.5683  6.8573  6.3822  6.2335
  64  0.723356  3.6489  4.5762 -0.7300 10.7148 10.0503  7.4691  6.7683  6.3156  6.1741
  65  0.730207  3.6525  4.5714 -0.7064 10.5932  9.9274  7.3723  6.6826  6.2503  6.1154
  66  0.736781  3.6560  4.5666 -0.6838 10.4758  9.8091  7.2819  6.6034  6.1885  6.0592
  67  0.742952  3.6594  4.5622 -0.6626 10.3629  9.6955  7.1975  6.5304  6.1309  6.0066
  68  0.748649  3.6622  4.5578 -0.6433 10.2595  9.5916  7.1217  6.4654  6.0785  5.9582
  69  0.753964  3.6651  4.5538 -0.6251 10.1605  9.4924  7.0506  6.4049  6.0295  5.9127
  70  0.758951  3.6676  4.5497 -0.6079 10.0692  9.4009  6.9856  6.3496  5.9839  5.8700
  71  0.763664  3.6701  4.5460 -0.5916  9.9806  9.3122  6.9231  6.2970  5.9403  5.8293
  72  0.768160  3.6723  4.5420 -0.5760  9.8973  9.2291  6.8650  6.2479  5.8992  5.7905
  73  0.772481  3.6746  4.5383 -0.5609  9.8151  9.1470  6.8082  6.2001  5.8590  5.7529
  74  0.776671  3.6766  4.5344 -0.5462  9.7363  9.0688  6.7541  6.1547  5.8204  5.7164
  75  0.780766  3.6788  4.5305 -0.5316  9.6577  8.9910  6.7009  6.1098  5.7823  5.6807
  76  0.784804  3.6808  4.5265 -0.5173  9.5811  8.9152  6.6490  6.0660  5.7449  5.6454
  77  0.788811  3.6828  4.5225 -0.5030  9.5047  8.8400  6.5975  6.0225  5.7077  5.6103
  78  0.792840  3.6848  4.5183 -0.4885  9.4290  8.7657  6.5462  5.9791  5.6703  5.5752
  79  0.796906  3.6868  4.5141 -0.4740  9.3530  8.6912  6.4946  5.9356  5.6326  5.5398
  80  0.800967  3.6888  4.5096 -0.4594  9.2775  8.6174  6.4434  5.8921  5.5950  5.5045
  81  0.805014  3.6908  4.5051 -0.4448  9.2024  8.5440  6.3925  5.8489  5.5575  5.4693
  82  0.809152  3.6928  4.5003 -0.4299  9.1256  8.4693  6.3409  5.8050  5.5191  5.4334
  83  0.813251  3.6947  4.4955 -0.4151  9.0504  8.3962  6.2903  5.7617  5.4813  5.3979
  84  0.817304  3.6966  4.4905 -0.4004  8.9767  8.3249  6.2406  5.7192  5.4438  5.3627
  85  0.821300  3.6985  4.4855 -0.3859  8.9045  8.2552  6.1921  5.6775  5.4071  5.3282
  86  0.825234  3.7002  4.4804 -0.3716  8.8342  8.1872  6.1447  5.6367  5.3709  5.2941
  87  0.829104  3.7019  4.4753 -0.3575  8.7656  8.1213  6.0984  5.5967  5.3353  5.2607
  88  0.832904  3.7036  4.4701 -0.3438  8.6985  8.0564  6.0534  5.5577  5.3005  5.2280
  89  0.836620  3.7052  4.4648 -0.3302  8.6329  7.9932  6.0095  5.5194  5.2665  5.1959
  90  0.840253  3.7067  4.4596 -0.3170  8.5693  7.9318  5.9667  5.4822  5.2331  5.1645
  91  0.843796  3.7083  4.4544 -0.3040  8.5074  7.8721  5.9253  5.4458  5.2005  5.1338
  92  0.847243  3.7096  4.4490 -0.2913  8.4477  7.8145  5.8851  5.4105  5.1687  5.1039
  93  0.850606  3.7110  4.4437 -0.2789  8.3895  7.7583  5.8459  5.3761  5.1377  5.0744
  94  0.853904  3.7123  4.4384 -0.2665  8.3328  7.7037  5.8077  5.3423  5.1071  5.0455
  95  0.857136  3.7135  4.4330 -0.2545  8.2778  7.6507  5.7704  5.3093  5.0773  5.0172
  96  0.860295  3.7147  4.4276 -0.2427  8.2241  7.5990  5.7340  5.2771  5.0479  4.9893
  97  0.863386  3.7159  4.4222 -0.2311  8.1720  7.5489  5.6985  5.2455  5.0190  4.9619
  98  0.866411  3.7170  4.4167 -0.2197  8.1213  7.5000  5.6639  5.2145  4.9907  4.9351
  99  0.869373  3.7181  4.4112 -0.2084  8.0721  7.4526  5.6301  5.1843  4.9629  4.9086
 100  0.872273  3.7190  4.4057 -0.1975  8.0243  7.4065  5.5971  5.1547  4.9357  4.8826
 101  0.875121  3.7201  4.4002 -0.1866  7.9780  7.3617  5.5649  5.1256  4.9088  4.8570
 102  0.877919  3.7210  4.3946 -0.1759  7.9330  7.3184  5.5334  5.0971  4.8825  4.8318
 103  0.880679  3.7219  4.3890 -0.1654  7.8894  7.2762  5.5025  5.0691  4.8565  4.8069
 104  0.883401  3.7227  4.3834 -0.1550  7.8472  7.2351  5.4724  5.0417  4.8309  4.7824
 105  0.886092  3.7235  4.3777 -0.1448  7.8061  7.1953  5.4429  5.0147  4.8057  4.7582
 106  0.888754  3.7243  4.3720 -0.1348  7.7664  7.1568  5.4140  4.9882  4.7808  4.7344
 107  0.891380  3.7250  4.3662 -0.1249  7.7278  7.1191  5.3857  4.9622  4.7564  4.7108
 108  0.893961  3.7256  4.3603 -0.1152  7.6905  7.0828  5.3580  4.9367  4.7323  4.6876
 109  0.896456  3.7263  4.3545 -0.1055  7.6540  7.0473  5.3308  4.9116  4.7086  4.6646
 110  0.898840  3.7269  4.3488 -0.0961  7.6181  7.0122  5.3042  4.8869  4.6853  4.6421
 111  0.901141  3.7275  4.3431 -0.0868  7.5831  6.9781  5.2781  4.8627  4.6623  4.6200
 112  0.902486  3.7279  4.3396 -0.0813  7.5626  6.9581  5.2627  4.8484  4.6488  4.6069
 113  0.903831  3.7283  4.3361 -0.0758  7.5422  6.9381  5.2472  4.8339  4.6351  4.5935
 114  0.905174  3.7286  4.3325 -0.0702  7.5217  6.9181  5.2316  4.8194  4.6213  4.5801
 115  0.906516  3.7289  4.3288 -0.0645  7.5011  6.8980  5.2160  4.8047  4.6073  4.5666
 116  0.907856  3.7292  4.3250 -0.0588  7.4807  6.8780  5.2002  4.7899  4.5932  4.5529
 117  0.909194  3.7295  4.3211 -0.0530  7.4603  6.8579  5.1844  4.7751  4.5790  4.5391
 118  0.910532  3.7298  4.3172 -0.0472  7.4398  6.8379  5.1685  4.7602  4.5647  4.5251
 119  0.911867  3.7301  4.3132 -0.0415  7.4194  6.8178  5.1526  4.7452  4.5503  4.5111
 120  0.913203  3.7304  4.3091 -0.0356  7.3993  6.7980  5.1366  4.7301  4.5358  4.4970
 121  0.914538  3.7307  4.3050 -0.0297  7.3791  6.7782  5.1207  4.7150  4.5213  4.4828
 122  0.915847  3.7309  4.3007 -0.0237  7.3584  6.7578  5.1043  4.6996  4.5065  4.4683
 123  0.917147  3.7313  4.2965 -0.0177  7.3373  6.7371  5.0878  4.6840  4.4915  4.4537
 124  0.918455  3.7316  4.2923 -0.0116  7.3163  6.7164  5.0713  4.6684  4.4766  4.4391
 125  0.919767  3.7318  4.2879 -0.0056  7.2957  6.6963  5.0548  4.6529  4.4617  4.4246
 126  0.921084  3.7321  4.2835  0.0005  7.2754  6.6761  5.0385  4.6373  4.4467  4.4098
 127  0.922401  3.7324  4.2790  0.0067  7.2551  6.6560  5.0221  4.6218  4.4316  4.3950
 128  0.923717  3.7326  4.2745  0.0127  7.2350  6.6362  5.0056  4.6061  4.4164  4.3802
 129  0.925038  3.7328  4.2698  0.0189  7.2156  6.6169  4.9894  4.5905  4.4013  4.3653
 130  0.926358  3.7330  4.2650  0.0250  7.1963  6.5977  4.9731  4.5749  4.3860  4.3503
 131  0.927676  3.7332  4.2601  0.0313  7.1775  6.5789  4.9569  4.5593  4.3707  4.3352
 132  0.928988  3.7333  4.2552  0.0374  7.1585  6.5600  4.9406  4.5435  4.3554  4.3200
 133  0.930303  3.7335  4.2501  0.0436  7.1402  6.5416  4.9244  4.5277  4.3400  4.3047
 134  0.931611  3.7336  4.2449  0.0500  7.1222  6.5235  4.9083  4.5120  4.3244  4.2893
 135  0.932916  3.7337  4.2398  0.0562  7.1041  6.5054  4.8921  4.4962  4.3088  4.2739
 136  0.934216  3.7338  4.2345  0.0625  7.0861  6.4872  4.8758  4.4803  4.2932  4.2582
 137  0.935519  3.7339  4.2288  0.0689  7.0694  6.4703  4.8598  4.4645  4.2775  4.2426
 138  0.936812  3.7338  4.2232  0.0752  7.0526  6.4532  4.8438  4.4486  4.2616  4.2268
 139  0.938101  3.7339  4.2176  0.0816  7.0358  6.4361  4.8276  4.4327  4.2458  4.2110
 140  0.939384  3.7339  4.2116  0.0880  7.0197  6.4197  4.8117  4.4169  4.2298  4.1950
 141  0.940660  3.7338  4.2057  0.0944  7.0037  6.4032  4.7957  4.4009  4.2138  4.1789
 142  0.941938  3.7337  4.1995  0.1009  6.9891  6.3881  4.7800  4.3850  4.1977  4.1627
 143  0.943205  3.7337  4.1932  0.1073  6.9742  6.3727  4.7642  4.3690  4.1816  4.1464
 144  0.944471  3.7335  4.1867  0.1138  6.9606  6.3584  4.7487  4.3532  4.1654  4.1300
 145  0.945729  3.7333  4.1801  0.1203  6.9470  6.3441  4.7331  4.3372  4.1491  4.1134
 146  0.946987  3.7331  4.1731  0.1268  6.9350  6.3313  4.7180  4.3214  4.1327  4.0967
 147  0.948235  3.7328  4.1662  0.1333  6.9225  6.3179  4.7026  4.3054  4.1162  4.0800
 148  0.949488  3.7324  4.1587  0.1399  6.9126  6.3069  4.6880  4.2898  4.0998  4.0630
 149  0.950735  3.7321  4.1512  0.1464  6.9029  6.2960  4.6734  4.2741  4.0832  4.0459
 150  0.951979  3.7316  4.1434  0.1530  6.8943  6.2862  4.6589  4.2584  4.0667  4.0287
 151  0.953224  3.7310  4.1350  0.1595  6.8881  6.2785  4.6452  4.2431  4.0500  4.0113
 152  0.954474  3.7304  4.1264  0.1661  6.8833  6.2720  4.6318  4.2278  4.0333  3.9938
 153  0.955723  3.7295  4.1174  0.1725  6.8805  6.2674  4.6188  4.2128  4.0166  3.9761
 154  0.956983  3.7287  4.1079  0.1791  6.8794  6.2641  4.6065  4.1979  4.0000  3.9583
 155  0.958251  3.7276  4.0978  0.1856  6.8819  6.2642  4.5951  4.1835  3.9834  3.9403
 156  0.959535  3.7264  4.0870  0.1920  6.8878  6.2674  4.5847  4.1697  3.9669  3.9221
 157  0.960842  3.7248  4.0751  0.1983  6.8995  6.2757  4.5761  4.1567  3.9506  3.9038
 158  0.962178  3.7229  4.0620  0.2044  6.9184  6.2905  4.5698  4.1450  3.9348  3.8855
 159  0.963551  3.7206  4.0472  0.2102  6.9470  6.3142  4.5669  4.1351  3.9199  3.8673
 160  0.964943  3.7175  4.0303  0.2154  6.9909  6.3517  4.5694  4.1286  3.9064  3.8498
 161  0.966296  3.7137  4.0113  0.2197  7.0519  6.4050  4.5787  4.1264  3.8955  3.8338
 162  0.967345  3.7099  3.9951  0.2213  7.1190  6.4647  4.5947  4.1310  3.8914  3.8246
 163  0.968389  3.7055  3.9751  0.2243  7.1962  6.5331  4.6118  4.1347  3.8848  3.8120
 164  0.969431  3.7006  3.9516  0.2286  7.2815  6.6085  4.6302  4.1379  3.8759  3.7962
 165  0.970453  3.6954  3.9238  0.2359  7.3610  6.6780  4.6435  4.1347  3.8599  3.7729
 166  0.971421  3.6906  3.8927  0.2483  7.4225  6.7308  4.6434  4.1188  3.8316  3.7379
 167  0.972297  3.6867  3.8606  0.2654  7.4554  6.7571  4.6265  4.0889  3.7914  3.6922
 168  0.973083  3.6838  3.8295  0.2856  7.4615  6.7583  4.5958  4.0485  3.7432  3.6399
 169  0.973799  3.6818  3.7992  0.3077  7.4480  6.7411  4.5554  4.0012  3.6900  3.5836
 170  0.974462  3.6802  3.7701  0.3308  7.4215  6.7116  4.5086  3.9493  3.6338  3.5250
 171  0.975093  3.6791  3.7419  0.3546  7.3857  6.6731  4.4574  3.8944  3.5757  3.4649
 172  0.975699  3.6781  3.7143  0.3787  7.3434  6.6287  4.4033  3.8376  3.5164  3.4041
 173  0.976288  3.6773  3.6871  0.4032  7.2970  6.5802  4.3472  3.7796  3.4562  3.3427
 174  0.976867  3.6768  3.6605  0.4277  7.2474  6.5287  4.2898  3.7206  3.3957  3.2811
 175  0.977438  3.6763  3.6341  0.4524  7.1957  6.4752  4.2313  3.6610  3.3348  3.2193
 176  0.978002  3.6758  3.6079  0.4771  7.1426  6.4204  4.1723  3.6010  3.2737  3.1574
 177  0.978563  3.6754  3.5818  0.5018  7.0883  6.3645  4.1128  3.5407  3.2125  3.0954
 178  0.979114  3.6751  3.5558  0.5267  7.0332  6.3079  4.0527  3.4802  3.1509  3.0332
 179  0.979653  3.6747  3.5296  0.5517  6.9778  6.2510  3.9924  3.4192  3.0891  2.9707
 180  0.980184  3.6744  3.5035  0.5767  6.9223  6.1938  3.9318  3.3579  3.0271  2.9080
 181  0.980706  3.6740  3.4770  0.6018  6.8673  6.1375  3.8713  3.2967  2.9648  2.8450
 182  0.980982  3.6738  3.4628  0.6152  6.8387  6.1080  3.8393  3.2641  2.9316  2.8113
 183  0.981258  3.6735  3.4482  0.6290  6.8096  6.0780  3.8065  3.2308  2.8977  2.7769
 184  0.981532  3.6732  3.4331  0.6431  6.7794  6.0470  3.7729  3.1965  2.8628  2.7415
 185  0.981806  3.6731  3.4179  0.6575  6.7487  6.0154  3.7384  3.1615  2.8272  2.7055
 186  0.982077  3.6728  3.4016  0.6728  6.7165  5.9823  3.7020  3.1244  2.7893  2.6670
 187  0.982345  3.6724  3.3837  0.6894  6.6818  5.9466  3.6626  3.0842  2.7481  2.6253
 188  0.982608  3.6721  3.3650  0.7069  6.6457  5.9095  3.6213  3.0420  2.7051  2.5814
 189  0.982865  3.6717  3.3444  0.7260  6.6069  5.8695  3.5764  2.9960  2.6579  2.5336
 190  0.983120  3.6712  3.3231  0.7456  6.5672  5.8287  3.5304  2.9488  2.6095  2.4844
 191  0.983371  3.6708  3.3009  0.7661  6.5256  5.7859  3.4821  2.8993  2.5589  2.4329
 192  0.983615  3.6702  3.2772  0.7878  6.4833  5.7423  3.4318  2.8474  2.5055  2.3786
 193  0.983855  3.6696  3.2524  0.8103  6.4394  5.6972  3.3794  2.7933  2.4498  2.3219
 194  0.984089  3.6690  3.2266  0.8337  6.3948  5.6512  3.3255  2.7377  2.3924  2.2633
 195  0.984319  3.6683  3.1998  0.8578  6.3496  5.6046  3.2700  2.6802  2.3329  2.2026
 196  0.984543  3.6676  3.1719  0.8829  6.3035  5.5570  3.2129  2.6209  2.2713  2.1398
 197  0.984760  3.6667  3.1428  0.9088  6.2568  5.5089  3.1542  2.5597  2.2079  2.0749
 198  0.984973  3.6659  3.1128  0.9353  6.2095  5.4602  3.0941  2.4971  2.1427  2.0082
 199  0.985179  3.6649  3.0818  0.9627  6.1619  5.4113  3.0328  2.4328  2.0756  1.9396
 200  0.985377  3.6639  3.0498  0.9908  6.1136  5.3615  2.9699  2.3668  2.0067  1.8688
 201  0.985570  3.6629  3.0169  1.0197  6.0650  5.3116  2.9058  2.2995  1.9362  1.7967
 202  0.985755  3.6618  2.9829  1.0492  6.0168  5.2619  2.8408  2.2308  1.8641  1.7225
 203  0.985933  3.6605  2.9480  1.0794  5.9689  5.2128  2.7750  2.1612  1.7907  1.6470
 204  0.986105  3.6593  2.9122  1.1100  5.9212  5.1638  2.7085  2.0905  1.7159  1.5699
 205  0.986272  3.6579  2.8757  1.1412  5.8737  5.1149  2.6413  2.0191  1.6400  1.4918
 206  0.986430  3.6565  2.8385  1.1730  5.8264  5.0663  2.5733  1.9466  1.5630  1.4123
 207  0.986583  3.6550  2.8004  1.2053  5.7792  5.0180  2.5048  1.8733  1.4848  1.3316
 208  0.986730  3.6535  2.7618  1.2379  5.7323  4.9699  2.4359  1.7996  1.4060  1.2500
 209  0.986869  3.6519  2.7218  1.2714  5.6859  4.9227  2.3662  1.7248  1.3254  1.1663
 210  0.987005  3.6501  2.6789  1.3070  5.6376  4.8741  2.2930  1.6460  1.2395  1.0772
 211  0.987169  3.6483  2.6335  1.3453  5.5826  4.8192  2.2136  1.5613  1.1474  0.9815
 212  0.987392  3.6482  2.6270  1.3517  5.5690  4.8050  2.1978  1.5453  1.1314  0.9656
 213  0.987512  3.6502  2.6654  1.3212  5.6020  4.8371  2.2551  1.6085  1.2035  1.0415
 214  0.987652  3.6504  2.6639  1.3238  5.5914  4.8256  2.2456  1.5996  1.1964  1.0350
 215  0.987789  3.6488  2.6251  1.3559  5.5508  4.7849  2.1808  1.5293  1.1196  0.9549
 216  0.987910  3.6477  2.5992  1.3775  5.5208  4.7557  2.1367  1.4818  1.0677  0.9010
 217  0.987931  3.6475  2.5951  1.3810  5.5161  4.7513  2.1297  1.4743  1.0594  0.8924
 218  0.987952  3.6473  2.5909  1.3845  5.5117  4.7470  2.1228  1.4668  1.0511  0.8838
 219  0.987974  3.6471  2.5863  1.3882  5.5067  4.7422  2.1153  1.4587  1.0422  0.8744
 220  0.987998  3.6469  2.5802  1.3933  5.5001  4.7358  2.1051  1.4477  1.0301  0.8618
 221  0.988019  3.6465  2.5728  1.3995  5.4920  4.7277  2.0925  1.4341  1.0153  0.8464
 222  0.988040  3.6462  2.5650  1.4058  5.4837  4.7194  2.0795  1.4201  0.9999  0.8304
 223  0.988061  3.6459  2.5573  1.4123  5.4751  4.7110  2.0664  1.4059  0.9844  0.8143
 224  0.988082  3.6455  2.5495  1.4188  5.4667  4.7028  2.0533  1.3918  0.9689  0.7982
 225  0.988102  3.6452  2.5417  1.4253  5.4582  4.6944  2.0402  1.3777  0.9534  0.7819
 226  0.988124  3.6448  2.5336  1.4318  5.4499  4.6862  2.0269  1.3633  0.9376  0.7656
 227  0.988312  3.6412  2.4543  1.4966  5.3706  4.6085  1.8990  1.2241  0.7833  0.6042
 228  0.988477  3.6374  2.3761  1.5600  5.2953  4.5363  1.7765  1.0904  0.6329  0.4462
 229  0.988617  3.6338  2.3005  1.6210  5.2239  4.4695  1.6611  0.9641  0.4890  0.2947
 230  0.988742  3.6300  2.2251  1.6815  5.1544  4.4059  1.5490  0.8415  0.3469  0.1444
 231  0.988850  3.6263  2.1519  1.7398  5.0874  4.3462  1.4431  0.7256  0.2106 -0.0004
 232  0.988944  3.6226  2.0804  1.7966  5.0220  4.2890  1.3421  0.6153  0.0785 -0.1411
 233  0.989027  3.6189  2.0102  1.8520  4.9586  4.2350  1.2464  0.5111 -0.0495 -0.2783
 234  0.989101  3.6151  1.9402  1.9069  4.8973  4.1838  1.1555  0.4124 -0.1751 -0.4139
 235  0.989166  3.6113  1.8718  1.9600  4.8382  4.1352  1.0708  0.3207 -0.2961 -0.5455
 236  0.989223  3.6075  1.8040  2.0124  4.7804  4.0882  0.9913  0.2351 -0.4143 -0.6749
 237  0.989274  3.6037  1.7383  2.0631  4.7250  4.0434  0.9173  0.1566 -0.5281 -0.8004
 238  0.989319  3.5999  1.6735  2.1128  4.6712  3.9998  0.8486  0.0848 -0.6386 -0.9233
 239  0.989360  3.5961  1.6095  2.1617  4.6186  3.9571  0.7855  0.0197 -0.7462 -1.0441
 240  0.989397  3.5924  1.5470  2.2093  4.5662  3.9144  0.7273 -0.0393 -0.8498 -1.1612
 241  0.989429  3.5887  1.4854  2.2560  4.5162  3.8730  0.6765 -0.0898 -0.9497 -1.2755
 242  0.989458  3.5850  1.4252  2.3014  4.4697  3.8334  0.6330 -0.1310 -1.0454 -1.3865
 243  0.989485  3.5812  1.3656  2.3462  4.4271  3.7954  0.5968 -0.1619 -1.1383 -1.4963
 244  0.989509  3.5776  1.3074  2.3897  4.3876  3.7588  0.5682 -0.1839 -1.2266 -1.6022
 245  0.989530  3.5740  1.2505  2.4322  4.3508  3.7229  0.5481 -0.1957 -1.3105 -1.7048
 246  0.989550  3.5703  1.1946  2.4738  4.3179  3.6882  0.5373 -0.1969 -1.3906 -1.8048
 247  0.989569  3.5669  1.1398  2.5143  4.2896  3.6557  0.5358 -0.1888 -1.4655 -1.9009
 248  0.989584  3.5633  1.0861  2.5541  4.2655  3.6254  0.5418 -0.1753 -1.5354 -1.9935
 249  0.989600  3.5599  1.0336  2.5927  4.2478  3.6003  0.5565 -0.1589 -1.5994 -2.0811
 250  0.989614  3.5564  0.9818  2.6306  4.2357  3.5783  0.5845 -0.1318 -1.6569 -2.1646
 251  0.989626  3.5529  0.9310  2.6676  4.2286  3.5569  0.6287 -0.0867 -1.7070 -2.2433
 252  0.989637  3.5496  0.8814  2.7035  4.2273  3.5359  0.6986 -0.0073 -1.7485 -2.3176
 253  0.989648  3.5462  0.8329  2.7386  4.2303  3.5035  0.7947  0.1129 -1.7808 -2.3870
 254  0.989658  3.5428  0.7851  2.7730  4.2377  3.4689  0.9082  0.2520 -1.8038 -2.4513
 255  0.989667  3.5395  0.7384  2.8066  4.2473  3.4330  1.0360  0.4013 -1.8171 -2.5095
 256  0.989676  3.5363  0.6927  2.8391  4.2584  3.3984  1.1843  0.5544 -1.8142 -2.5583
 257  0.989683  3.5331  0.6481  2.8709  4.2703  3.3669  1.3508  0.7044 -1.7941 -2.5965
 258  0.989690  3.5299  0.6042  2.9021  4.2835  3.3383  1.5228  0.8487 -1.7654 -2.6285
 259  0.989697  3.5267  0.5614  2.9324  4.2975  3.3140  1.6895  0.9800 -1.7318 -2.6554
 260  0.989704  3.5235  0.5191  2.9622  4.3125  3.2975  1.8294  1.0770 -1.6995 -2.6789
 261  0.989710  3.5205  0.4779  2.9910  4.3259  3.2922  1.9203  1.1199 -1.6766 -2.7017
 262  0.989715  3.5174  0.4373  3.0193  4.3388  3.2922  1.9934  1.1415 -1.6551 -2.7223
 263  0.989720  3.5145  0.3976  3.0469  4.3526  3.2964  2.0585  1.1545 -1.6322 -2.7401
 264  0.989725  3.5114  0.3587  3.0739  4.3652  3.3028  2.1173  1.1602 -1.6077 -2.7549
 265  0.989729  3.5085  0.3206  3.1001  4.3750  3.3053  2.1743  1.1728 -1.5832 -2.7680
 266  0.989735  3.5053  0.2826  3.1258  4.3848  3.3109  2.2241  1.1786 -1.5575 -2.7780
 267  0.989739  3.5025  0.2457  3.1509  4.3898  3.3143  2.2616  1.1764 -1.5382 -2.7903
 268  0.989742  3.4997  0.2099  3.1754  4.3926  3.3190  2.2872  1.1650 -1.5236 -2.8032
 269  0.989746  3.4967  0.1744  3.1993  4.3959  3.3275  2.3098  1.1524 -1.5116 -2.8169
 270  0.989749  3.4938  0.1396  3.2228  4.3980  3.3372  2.3303  1.1425 -1.5041 -2.8331
 271  0.989752  3.4910  0.1056  3.2455  4.4004  3.3494  2.3478  1.1321 -1.4988 -2.8496
 272  0.989755  3.4883  0.0722  3.2678  4.4023  3.3624  2.3616  1.1198 -1.4966 -2.8671
 273  0.989758  3.4856  0.0394  3.2896  4.3924  3.3526  2.3630  1.0994 -1.5007 -2.8876
 274  0.989761  3.4828  0.0072  3.3108  4.4080  3.3858  2.3754  1.0866 -1.4998 -2.9034
 275  0.989765  3.4800 -0.0245  3.3317  4.4579  3.4800  2.4044  1.0850 -1.4918 -2.9130
 276  0.989766  3.4773 -0.0556  3.3518  4.5000  3.5638  2.4248  1.0760 -1.4891 -2.9242
 277  0.989770  3.4747 -0.0858  3.3713  4.5187  3.6100  2.4266  1.0511 -1.4964 -2.9398
 278  0.989772  3.4721 -0.1148  3.3900  4.4865  3.5634  2.3913  0.9965 -1.5227 -2.9662
 279  0.989772  3.4700 -0.1386  3.4055  4.3990  3.4102  2.3163  0.9126 -1.5654 -3.0003
