#NUMBER OF AGES= 1
#----------------------------------------------------       
#MIX-LEN  Y      Z          Zeff        [Fe/H] [a/Fe]
# 1.9380  0.2925 2.9511E-02 2.9511E-02   0.28   0.00 
#----------------------------------------------------       
#**PHOTOMETRIC SYSTEM**: SkyMapper (AB)                     
#----------------------------------------------------       
#AGE=14.500 EEPS=266
#EEP   M/Mo    LogTeff  LogG   LogL/Lo u       v       g       r       i       z
  14  0.121411  3.4976  5.1984 -2.7324 17.4356 16.9554 14.2330 13.3160 11.6887 11.1099
  15  0.142771  3.4979  5.1343 -2.5969 17.0661 16.5632 13.8886 12.9733 11.3522 10.7724
  16  0.162566  3.4993  5.0891 -2.4894 16.7518 16.2279 13.5960 12.6845 11.0791 10.5025
  17  0.179526  3.5017  5.0597 -2.4074 16.4913 15.9492 13.3538 12.4477 10.8644 10.2943
  18  0.194466  3.5041  5.0373 -2.3408 16.2750 15.7181 13.1526 12.2517 10.6890 10.1250
  19  0.208606  3.5059  5.0169 -2.2822 16.0878 15.5188 12.9781 12.0818 10.5352  9.9762
  20  0.222871  3.5079  4.9981 -2.2271 15.9116 15.3316 12.8135 11.9219 10.3904  9.8362
  21  0.237874  3.5099  4.9804 -2.1729 15.7387 15.1485 12.6515 11.7647 10.2481  9.6990
  22  0.254472  3.5121  4.9629 -2.1174 15.5611 14.9609 12.4845 11.6031 10.1017  9.5582
  23  0.277277  3.5149  4.9409 -2.0466 15.3352 14.7228 12.2716 11.3973  9.9153  9.3791
  24  0.295848  3.5172  4.9262 -1.9948 15.1694 14.5484 12.1145 11.2459  9.7786  9.2483
  25  0.305835  3.5183  4.9196 -1.9696 15.0893 14.4644 12.0382 11.1723  9.7119  9.1845
  26  0.312468  3.5192  4.9169 -1.9541 15.0379 14.4108 11.9892 11.1252  9.6704  9.1453
  27  0.316999  3.5197  4.9131 -1.9420 15.0000 14.3709 11.9532 11.0906  9.6387  9.1150
  28  0.320035  3.5200  4.9137 -1.9369 14.9816 14.3519 11.9353 11.0735  9.6244  9.1019
  29  0.322500  3.5204  4.9113 -1.9300 14.9600 14.3292 11.9149 11.0539  9.6063  9.0845
  30  0.324540  3.5207  4.9102 -1.9250 14.9435 14.3119 11.8990 11.0388  9.5930  9.0721
  31  0.326923  3.5210  4.9080 -1.9184 14.9224 14.2897 11.8791 11.0196  9.5756  9.0553
  32  0.329936  3.5213  4.9054 -1.9105 14.8970 14.2630 11.8549 10.9963  9.5546  9.0352
  33  0.334001  3.5218  4.9024 -1.9002 14.8646 14.2292 11.8241 10.9668  9.5277  9.0095
  34  0.340201  3.5224  4.8984 -1.8855 14.8183 14.1807 11.7799 10.9242  9.4890  8.9725
  35  0.350040  3.5235  4.8916 -1.8621 14.7450 14.1040 11.7100 10.8570  9.4276  8.9138
  36  0.381882  3.5280  4.8651 -1.7798 14.4792 13.8257 11.4569 10.6153  9.2094  8.7071
  37  0.422862  3.5352  4.8284 -1.6700 14.1203 13.4514 11.1094 10.2841  8.9173  8.4339
  38  0.459172  3.5428  4.7969 -1.5727 13.8032 13.1231 10.7961  9.9869  8.6566  8.1929
  39  0.480527  3.5481  4.7778 -1.5125 13.6063 12.9208 10.5965  9.7970  8.4937  8.0446
  40  0.497478  3.5527  4.7624 -1.4632 13.4453 12.7566 10.4295  9.6376  8.3588  7.9235
  41  0.512001  3.5572  4.7490 -1.4198 13.3044 12.6138 10.2800  9.4941  8.2401  7.8175
  42  0.525073  3.5613  4.7369 -1.3800 13.1749 12.4835 10.1395  9.3586  8.1314  7.7211
  43  0.536855  3.5653  4.7258 -1.3436 13.0555 12.3641 10.0070  9.2298  8.0316  7.6332
  44  0.548319  3.5693  4.7152 -1.3076 12.9376 12.2469  9.8735  9.0993  7.9330  7.5469
  45  0.560158  3.5736  4.7040 -1.2702 12.8148 12.1258  9.7324  8.9608  7.8298  7.4572
  46  0.572675  3.5782  4.6924 -1.2305 12.6834 11.9970  9.5792  8.8098  7.7197  7.3622
  47  0.585518  3.5831  4.6805 -1.1893 12.5440 11.8614  9.4151  8.6467  7.6046  7.2643
  48  0.598275  3.5882  4.6689 -1.1481 12.3995 11.7217  9.2434  8.4749  7.4876  7.1662
  49  0.610714  3.5933  4.6580 -1.1074 12.2564 11.5830  9.0715  8.3034  7.3719  7.0695
  50  0.622525  3.5986  4.6478 -1.0681 12.1210 11.4501  8.9078  8.1420  7.2611  6.9764
  51  0.633647  3.6037  4.6388 -1.0306 11.9887 11.3202  8.7493  7.9859  7.1551  6.8878
  52  0.640098  3.6068  4.6336 -1.0088 11.9089 11.2423  8.6551  7.8930  7.0932  6.8366
  53  0.646539  3.6099  4.6286 -0.9871 11.8278 11.1637  8.5608  7.7993  7.0318  6.7859
  54  0.652872  3.6130  4.6238 -0.9658 11.7472 11.0853  8.4680  7.7074  6.9716  6.7363
  55  0.658955  3.6159  4.6191 -0.9453 11.6690 11.0091  8.3796  7.6203  6.9142  6.6888
  56  0.664851  3.6188  4.6147 -0.9254 11.5935 10.9347  8.2949  7.5378  6.8587  6.6424
  57  0.670632  3.6217  4.6104 -0.9057 11.5181 10.8600  8.2122  7.4579  6.8044  6.5967
  58  0.676352  3.6246  4.6062 -0.8863 11.4412 10.7832  8.1303  7.3794  6.7504  6.5512
  59  0.682093  3.6276  4.6022 -0.8666 11.3594 10.7011  8.0466  7.2999  6.6958  6.5049
  60  0.687938  3.6306  4.5979 -0.8467 11.2731 10.6142  7.9620  7.2201  6.6404  6.4575
  61  0.693970  3.6338  4.5938 -0.8260 11.1798 10.5201  7.8734  7.1374  6.5828  6.4080
  62  0.700279  3.6371  4.5893 -0.8044 11.0807 10.4200  7.7822  7.0527  6.5227  6.3560
  63  0.706907  3.6406  4.5848 -0.7815 10.9721 10.3102  7.6853  6.9635  6.4589  6.3004
  64  0.713720  3.6443  4.5799 -0.7579 10.8579 10.1948  7.5868  6.8738  6.3934  6.2427
  65  0.720582  3.6480  4.5751 -0.7340 10.7384 10.0739  7.4875  6.7844  6.3269  6.1837
  66  0.727359  3.6517  4.5701 -0.7103 10.6187  9.9530  7.3914  6.6990  6.2619  6.1253
  67  0.733913  3.6553  4.5654 -0.6875 10.4997  9.8330  7.2990  6.6179  6.1990  6.0685
  68  0.740123  3.6585  4.5606 -0.6661 10.3867  9.7192  7.2139  6.5438  6.1407  6.0151
  69  0.745882  3.6616  4.5564 -0.6462 10.2795  9.6116  7.1350  6.4761  6.0866  5.9653
  70  0.751204  3.6643  4.5520 -0.6278 10.1816  9.5134  7.0642  6.4156  6.0373  5.9196
  71  0.756177  3.6669  4.5481 -0.6104 10.0875  9.4190  6.9971  6.3587  5.9908  5.8762
  72  0.760865  3.6694  4.5441 -0.5942 10.0007  9.3321  6.9355  6.3066  5.9475  5.8356
  73  0.765313  3.6717  4.5404 -0.5784  9.9154  9.2468  6.8760  6.2565  5.9057  5.7965
  74  0.769563  3.6739  4.5364 -0.5634  9.8356  9.1672  6.8205  6.2097  5.8662  5.7592
  75  0.773656  3.6760  4.5326 -0.5488  9.7563  9.0884  6.7661  6.1640  5.8277  5.7229
  76  0.777634  3.6780  4.5287 -0.5346  9.6802  9.0129  6.7142  6.1202  5.7904  5.6878
  77  0.781529  3.6800  4.5248 -0.5205  9.6046  8.9381  6.6630  6.0770  5.7536  5.6531
  78  0.785387  3.6819  4.5208 -0.5066  9.5303  8.8649  6.6128  6.0346  5.7172  5.6188
  79  0.789234  3.6839  4.5167 -0.4925  9.4567  8.7925  6.5630  5.9925  5.6809  5.5847
  80  0.793092  3.6859  4.5125 -0.4785  9.3834  8.7206  6.5131  5.9503  5.6445  5.5505
  81  0.796987  3.6878  4.5082 -0.4643  9.3099  8.6486  6.4631  5.9080  5.6078  5.5161
  82  0.801045  3.6898  4.5035 -0.4495  9.2336  8.5741  6.4115  5.8640  5.5696  5.4803
  83  0.805082  3.6917  4.4987 -0.4347  9.1579  8.5002  6.3602  5.8204  5.5316  5.4445
  84  0.809092  3.6937  4.4938 -0.4200  9.0828  8.4272  6.3097  5.7773  5.4939  5.4092
  85  0.813061  3.6955  4.4889 -0.4053  9.0096  8.3562  6.2601  5.7349  5.4567  5.3742
  86  0.816984  3.6973  4.4838 -0.3909  8.9376  8.2865  6.2116  5.6932  5.4198  5.3396
  87  0.820854  3.6991  4.4787 -0.3765  8.8674  8.2187  6.1641  5.6523  5.3836  5.3056
  88  0.824665  3.7008  4.4735 -0.3625  8.7987  8.1524  6.1177  5.6122  5.3480  5.2720
  89  0.828409  3.7025  4.4682 -0.3487  8.7316  8.0878  6.0724  5.5730  5.3130  5.2392
  90  0.832085  3.7040  4.4629 -0.3350  8.6660  8.0244  6.0282  5.5345  5.2787  5.2068
  91  0.835688  3.7056  4.4576 -0.3217  8.6019  7.9626  5.9851  5.4969  5.2451  5.1751
  92  0.839206  3.7072  4.4522 -0.3086  8.5398  7.9026  5.9432  5.4602  5.2122  5.1440
  93  0.842636  3.7085  4.4469 -0.2958  8.4794  7.8442  5.9025  5.4244  5.1801  5.1137
  94  0.845978  3.7099  4.4415 -0.2832  8.4208  7.7877  5.8629  5.3895  5.1486  5.0840
  95  0.849235  3.7112  4.4360 -0.2709  8.3641  7.7330  5.8245  5.3556  5.1179  5.0549
  96  0.852421  3.7125  4.4306 -0.2588  8.3088  7.6796  5.7870  5.3224  5.0877  5.0264
  97  0.855541  3.7137  4.4251 -0.2469  8.2550  7.6279  5.7504  5.2899  5.0582  4.9983
  98  0.858599  3.7148  4.4196 -0.2352  8.2028  7.5774  5.7147  5.2581  5.0292  4.9708
  99  0.861596  3.7159  4.4140 -0.2237  8.1518  7.5284  5.6797  5.2269  5.0007  4.9436
 100  0.864530  3.7170  4.4084 -0.2124  8.1025  7.4808  5.6457  5.1964  4.9727  4.9169
 101  0.867408  3.7180  4.4028 -0.2013  8.0545  7.4345  5.6124  5.1666  4.9452  4.8906
 102  0.870232  3.7190  4.3972 -0.1903  8.0079  7.3895  5.5800  5.1373  4.9181  4.8649
 103  0.873011  3.7199  4.3915 -0.1796  7.9627  7.3458  5.5482  5.1086  4.8916  4.8394
 104  0.875750  3.7207  4.3858 -0.1690  7.9190  7.3034  5.5172  5.0804  4.8653  4.8144
 105  0.878455  3.7216  4.3801 -0.1586  7.8766  7.2624  5.4868  5.0528  4.8395  4.7897
 106  0.881127  3.7224  4.3743 -0.1484  7.8355  7.2225  5.4572  5.0256  4.8142  4.7653
 107  0.883764  3.7232  4.3685 -0.1382  7.7957  7.1837  5.4281  4.9990  4.7892  4.7412
 108  0.886354  3.7238  4.3626 -0.1283  7.7572  7.1462  5.3996  4.9728  4.7645  4.7174
 109  0.888859  3.7245  4.3567 -0.1185  7.7196  7.1096  5.3718  4.9471  4.7403  4.6940
 110  0.891251  3.7252  4.3508 -0.1088  7.6826  7.0736  5.3445  4.9219  4.7165  4.6711
 111  0.893556  3.7258  4.3451 -0.0994  7.6467  7.0385  5.3177  4.8971  4.6931  4.6486
 112  0.894873  3.7262  4.3417 -0.0939  7.6261  7.0185  5.3023  4.8828  4.6796  4.6354
 113  0.896190  3.7265  4.3382 -0.0884  7.6055  6.9983  5.2868  4.8684  4.6659  4.6222
 114  0.897505  3.7268  4.3345 -0.0828  7.5849  6.9782  5.2712  4.8538  4.6520  4.6088
 115  0.898820  3.7272  4.3309 -0.0771  7.5644  6.9580  5.2555  4.8392  4.6381  4.5953
 116  0.900132  3.7275  4.3271 -0.0714  7.5439  6.9380  5.2397  4.8244  4.6241  4.5816
 117  0.901443  3.7278  4.3233 -0.0657  7.5234  6.9180  5.2239  4.8096  4.6099  4.5678
 118  0.902753  3.7281  4.3194 -0.0599  7.5029  6.8978  5.2079  4.7947  4.5956  4.5539
 119  0.904061  3.7284  4.3153 -0.0541  7.4825  6.8777  5.1919  4.7796  4.5812  4.5399
 120  0.905370  3.7287  4.3113 -0.0482  7.4623  6.8579  5.1760  4.7646  4.5667  4.5258
 121  0.906678  3.7290  4.3072 -0.0424  7.4420  6.8379  5.1599  4.7494  4.5522  4.5115
 122  0.907955  3.7293  4.3030 -0.0363  7.4210  6.8173  5.1436  4.7339  4.5373  4.4971
 123  0.909232  3.7296  4.2988 -0.0303  7.3999  6.7966  5.1270  4.7184  4.5225  4.4826
 124  0.910515  3.7300  4.2946 -0.0243  7.3787  6.7757  5.1105  4.7027  4.5075  4.4680
 125  0.911802  3.7302  4.2903 -0.0182  7.3581  6.7555  5.0940  4.6873  4.4926  4.4534
 126  0.913094  3.7305  4.2859 -0.0121  7.3376  6.7353  5.0776  4.6717  4.4775  4.4387
 127  0.914385  3.7308  4.2814 -0.0061  7.3174  6.7153  5.0613  4.6561  4.4625  4.4239
 128  0.915674  3.7309  4.2769  0.0000  7.2971  6.6951  5.0448  4.6404  4.4473  4.4091
 129  0.916970  3.7312  4.2722  0.0062  7.2776  6.6759  5.0284  4.6248  4.4321  4.3942
 130  0.918263  3.7314  4.2675  0.0123  7.2582  6.6566  5.0122  4.6092  4.4169  4.3791
 131  0.919556  3.7315  4.2626  0.0185  7.2394  6.6378  4.9960  4.5936  4.4017  4.3641
 132  0.920841  3.7317  4.2577  0.0247  7.2201  6.6187  4.9796  4.5777  4.3863  4.3489
 133  0.922129  3.7319  4.2526  0.0310  7.2018  6.6003  4.9634  4.5621  4.3709  4.3337
 134  0.923412  3.7319  4.2474  0.0372  7.1838  6.5823  4.9473  4.5464  4.3554  4.3182
 135  0.924688  3.7321  4.2422  0.0435  7.1654  6.5638  4.9310  4.5306  4.3398  4.3028
 136  0.925963  3.7322  4.2369  0.0498  7.1477  6.5459  4.9149  4.5147  4.3241  4.2873
 137  0.927237  3.7323  4.2313  0.0560  7.1309  6.5289  4.8989  4.4989  4.3084  4.2715
 138  0.928502  3.7322  4.2258  0.0624  7.1140  6.5117  4.8828  4.4830  4.2926  4.2558
 139  0.929761  3.7323  4.2201  0.0688  7.0971  6.4947  4.8667  4.4671  4.2768  4.2400
 140  0.931016  3.7323  4.2142  0.0751  7.0811  6.4783  4.8509  4.4513  4.2609  4.2240
 141  0.932265  3.7322  4.2082  0.0815  7.0653  6.4620  4.8349  4.4354  4.2449  4.2080
 142  0.933511  3.7321  4.2021  0.0880  7.0505  6.4466  4.8193  4.4195  4.2289  4.1918
 143  0.934748  3.7321  4.1958  0.0944  7.0358  6.4315  4.8036  4.4036  4.2128  4.1756
 144  0.935984  3.7319  4.1893  0.1009  7.0222  6.4172  4.7881  4.3878  4.1966  4.1592
 145  0.937211  3.7317  4.1827  0.1074  7.0086  6.4030  4.7727  4.3719  4.1804  4.1427
 146  0.938439  3.7315  4.1757  0.1138  6.9968  6.3903  4.7576  4.3562  4.1641  4.1261
 147  0.939654  3.7312  4.1688  0.1203  6.9843  6.3769  4.7423  4.3403  4.1478  4.1094
 148  0.940875  3.7308  4.1613  0.1268  6.9747  6.3663  4.7278  4.3248  4.1314  4.0925
 149  0.942087  3.7305  4.1538  0.1333  6.9651  6.3555  4.7132  4.3092  4.1149  4.0756
 150  0.943299  3.7299  4.1461  0.1399  6.9568  6.3459  4.6990  4.2937  4.0985  4.0585
 151  0.944509  3.7294  4.1377  0.1464  6.9510  6.3385  4.6854  4.2785  4.0819  4.0412
 152  0.945724  3.7288  4.1291  0.1529  6.9462  6.3321  4.6721  4.2632  4.0654  4.0237
 153  0.946936  3.7279  4.1200  0.1593  6.9437  6.3277  4.6594  4.2484  4.0489  4.0061
 154  0.948161  3.7271  4.1106  0.1659  6.9426  6.3246  4.6472  4.2337  4.0323  3.9885
 155  0.949391  3.7260  4.1005  0.1723  6.9451  6.3247  4.6359  4.2195  4.0159  3.9706
 156  0.950636  3.7248  4.0897  0.1787  6.9513  6.3280  4.6257  4.2058  3.9995  3.9527
 157  0.951899  3.7232  4.0778  0.1849  6.9633  6.3367  4.6174  4.1931  3.9835  3.9345
 158  0.953187  3.7213  4.0647  0.1911  6.9822  6.3515  4.6112  4.1815  3.9678  3.9163
 159  0.954507  3.7189  4.0500  0.1969  7.0107  6.3752  4.6083  4.1717  3.9529  3.8982
 160  0.955841  3.7159  4.0332  0.2022  7.0538  6.4119  4.6107  4.1651  3.9394  3.8806
 161  0.957138  3.7122  4.0144  0.2067  7.1127  6.4633  4.6192  4.1623  3.9281  3.8644
 162  0.958169  3.7085  3.9979  0.2087  7.1789  6.5221  4.6344  4.1662  3.9233  3.8545
 163  0.959193  3.7041  3.9778  0.2122  7.2538  6.5884  4.6502  4.1687  3.9156  3.8409
 164  0.960215  3.6993  3.9538  0.2170  7.3349  6.6598  4.6667  4.1702  3.9051  3.8236
 165  0.961215  3.6942  3.9258  0.2252  7.4101  6.7252  4.6777  4.1649  3.8872  3.7987
 166  0.962160  3.6895  3.8946  0.2383  7.4677  6.7747  4.6753  4.1471  3.8572  3.7621
 167  0.963016  3.6859  3.8625  0.2559  7.4971  6.7978  4.6566  4.1157  3.8158  3.7154
 168  0.963786  3.6831  3.8311  0.2765  7.5003  6.7964  4.6242  4.0740  3.7664  3.6621
 169  0.964488  3.6810  3.8007  0.2990  7.4849  6.7773  4.5826  4.0255  3.7122  3.6047
 170  0.965143  3.6796  3.7714  0.3226  7.4564  6.7459  4.5345  3.9725  3.6549  3.5451
 171  0.965764  3.6784  3.7429  0.3468  7.4189  6.7059  4.4820  3.9165  3.5958  3.4841
 172  0.966363  3.6774  3.7150  0.3713  7.3751  6.6598  4.4267  3.8586  3.5354  3.4223
 173  0.966946  3.6768  3.6875  0.3961  7.3271  6.6097  4.3694  3.7994  3.4743  3.3599
 174  0.967517  3.6762  3.6605  0.4212  7.2760  6.5568  4.3108  3.7394  3.4127  3.2973
 175  0.968082  3.6757  3.6338  0.4462  7.2227  6.5018  4.2511  3.6787  3.3507  3.2345
 176  0.968640  3.6753  3.6072  0.4713  7.1684  6.4457  4.1910  3.6177  3.2887  3.1716
 177  0.969193  3.6749  3.5808  0.4965  7.1128  6.3886  4.1303  3.5563  3.2264  3.1086
 178  0.969737  3.6745  3.5544  0.5218  7.0567  6.3309  4.0692  3.4946  3.1638  3.0453
 179  0.970271  3.6742  3.5279  0.5471  7.0000  6.2725  4.0076  3.4325  3.1009  2.9818
 180  0.970795  3.6738  3.5013  0.5726  6.9431  6.2143  3.9460  3.3702  3.0378  2.9180
 181  0.971310  3.6735  3.4744  0.5982  6.8871  6.1567  3.8844  3.3078  2.9745  2.8539
 182  0.971577  3.6733  3.4603  0.6116  6.8584  6.1273  3.8524  3.2753  2.9414  2.8203
 183  0.971844  3.6730  3.4457  0.6253  6.8291  6.0971  3.8197  3.2420  2.9075  2.7860
 184  0.972110  3.6727  3.4308  0.6394  6.7989  6.0660  3.7859  3.2078  2.8726  2.7506
 185  0.972375  3.6726  3.4155  0.6539  6.7679  6.0342  3.7514  3.1727  2.8368  2.7144
 186  0.972637  3.6723  3.3990  0.6693  6.7355  6.0008  3.7146  3.1352  2.7987  2.6757
 187  0.972894  3.6719  3.3810  0.6860  6.7004  5.9648  3.6749  3.0946  2.7572  2.6337
 188  0.973150  3.6716  3.3623  0.7035  6.6643  5.9276  3.6335  3.0524  2.7141  2.5898
 189  0.973399  3.6712  3.3416  0.7227  6.6252  5.8874  3.5884  3.0062  2.6667  2.5417
 190  0.973645  3.6707  3.3202  0.7424  6.5853  5.8464  3.5422  2.9588  2.6181  2.4923
 191  0.973886  3.6703  3.2978  0.7630  6.5436  5.8034  3.4936  2.9090  2.5672  2.4405
 192  0.974123  3.6697  3.2741  0.7848  6.5009  5.7595  3.4430  2.8570  2.5136  2.3860
 193  0.974354  3.6691  3.2492  0.8074  6.4569  5.7143  3.3905  2.8028  2.4578  2.3292
 194  0.974582  3.6685  3.2234  0.8309  6.4121  5.6681  3.3364  2.7469  2.4002  2.2703
 195  0.974804  3.6678  3.1965  0.8550  6.3667  5.6213  3.2809  2.6894  2.3406  2.2096
 196  0.975020  3.6671  3.1684  0.8802  6.3203  5.5735  3.2234  2.6297  2.2788  2.1465
 197  0.975231  3.6663  3.1394  0.9061  6.2735  5.5253  3.1647  2.5685  2.2152  2.0816
 198  0.975435  3.6654  3.1093  0.9328  6.2260  5.4764  3.1045  2.5057  2.1498  2.0146
 199  0.975635  3.6645  3.0783  0.9601  6.1782  5.4272  3.0429  2.4413  2.0826  1.9458
 200  0.975827  3.6634  3.0462  0.9884  6.1298  5.3773  2.9798  2.3751  2.0135  1.8750
 201  0.976013  3.6624  3.0132  1.0173  6.0809  5.3272  2.9156  2.3075  1.9428  1.8025
 202  0.976192  3.6613  2.9791  1.0469  6.0325  5.2774  2.8504  2.2388  1.8705  1.7282
 203  0.976365  3.6600  2.9442  1.0771  5.9845  5.2281  2.7845  2.1690  1.7970  1.6526
 204  0.976531  3.6588  2.9084  1.1079  5.9366  5.1789  2.7179  2.0982  1.7220  1.5754
 205  0.976692  3.6575  2.8718  1.1391  5.8889  5.1299  2.6505  2.0266  1.6461  1.4971
 206  0.976846  3.6561  2.8345  1.1709  5.8413  5.0811  2.5824  1.9541  1.5688  1.4174
 207  0.976993  3.6546  2.7963  1.2033  5.7941  5.0325  2.5137  1.8807  1.4906  1.3366
 208  0.977135  3.6530  2.7577  1.2359  5.7468  4.9843  2.4446  1.8068  1.4117  1.2549
 209  0.977268  3.6514  2.7171  1.2700  5.6997  4.9364  2.3739  1.7310  1.3296  1.1698
 210  0.977404  3.6494  2.6714  1.3077  5.6497  4.8864  2.2973  1.6483  1.2390  1.0755
 211  0.977580  3.6480  2.6316  1.3419  5.5969  4.8334  2.2245  1.5714  1.1564  0.9901
 212  0.977781  3.6485  2.6378  1.3378  5.5974  4.8334  2.2302  1.5784  1.1658  1.0004
 213  0.977901  3.6502  2.6714  1.3109  5.6280  4.8629  2.2812  1.6343  1.2294  1.0674
 214  0.978035  3.6501  2.6595  1.3224  5.6032  4.8374  2.2523  1.6050  1.2004  1.0383
 215  0.978170  3.6483  2.6208  1.3541  5.5643  4.7986  2.1891  1.5361  1.1247  0.9593
 216  0.978284  3.6473  2.5959  1.3750  5.5355  4.7706  2.1467  1.4905  1.0747  0.9074
 217  0.978304  3.6471  2.5916  1.3787  5.5304  4.7657  2.1393  1.4826  1.0660  0.8983
 218  0.978325  3.6469  2.5871  1.3824  5.5253  4.7608  2.1317  1.4744  1.0572  0.8890
 219  0.978346  3.6467  2.5823  1.3864  5.5197  4.7554  2.1236  1.4657  1.0475  0.8790
 220  0.978369  3.6465  2.5759  1.3917  5.5127  4.7486  2.1129  1.4542  1.0348  0.8658
 221  0.978390  3.6461  2.5681  1.3981  5.5043  4.7402  2.0997  1.4400  1.0193  0.8497
 222  0.978410  3.6457  2.5600  1.4049  5.4957  4.7318  2.0863  1.4255  1.0033  0.8330
 223  0.978431  3.6454  2.5519  1.4115  5.4871  4.7232  2.0726  1.4107  0.9872  0.8162
 224  0.978450  3.6450  2.5437  1.4182  5.4785  4.7148  2.0591  1.3961  0.9712  0.7995
 225  0.978471  3.6446  2.5356  1.4250  5.4699  4.7063  2.0456  1.3814  0.9551  0.7827
 226  0.978491  3.6443  2.5273  1.4317  5.4615  4.6979  2.0321  1.3668  0.9389  0.7659
 227  0.978671  3.6407  2.4482  1.4966  5.3821  4.6203  1.9044  1.2278  0.7847  0.6046
 228  0.978830  3.6369  2.3699  1.5600  5.3066  4.5481  1.7822  1.0945  0.6345  0.4469
 229  0.978965  3.6332  2.2944  1.6208  5.2350  4.4814  1.6670  0.9686  0.4907  0.2954
 230  0.979084  3.6295  2.2187  1.6815  5.1652  4.4175  1.5547  0.8458  0.3483  0.1447
 231  0.979188  3.6258  2.1457  1.7397  5.0981  4.3576  1.4492  0.7304  0.2123  0.0002
 232  0.979279  3.6221  2.0742  1.7966  5.0322  4.3002  1.3483  0.6202  0.0802 -0.1407
 233  0.979358  3.6184  2.0037  1.8521  4.9687  4.2462  1.2528  0.5163 -0.0480 -0.2782
 234  0.979428  3.6146  1.9339  1.9067  4.9073  4.1949  1.1624  0.4182 -0.1732 -0.4134
 235  0.979491  3.6107  1.8653  1.9601  4.8480  4.1462  1.0779  0.3269 -0.2943 -0.5453
 236  0.979546  3.6069  1.7975  2.0125  4.7900  4.0991  0.9986  0.2417 -0.4126 -0.6749
 237  0.979595  3.6031  1.7321  2.0628  4.7348  4.0543  0.9254  0.1642 -0.5257 -0.7997
 238  0.979638  3.5994  1.6670  2.1129  4.6807  4.0105  0.8569  0.0928 -0.6368 -0.9232
 239  0.979677  3.5956  1.6029  2.1618  4.6277  3.9674  0.7941  0.0281 -0.7443 -1.0440
 240  0.979713  3.5918  1.5405  2.2094  4.5753  3.9245  0.7365 -0.0302 -0.8477 -1.1610
 241  0.979744  3.5881  1.4789  2.2560  4.5255  3.8830  0.6865 -0.0796 -0.9472 -1.2754
 242  0.979772  3.5844  1.4186  2.3014  4.4795  3.8435  0.6439 -0.1194 -1.0428 -1.3864
 243  0.979797  3.5807  1.3589  2.3463  4.4370  3.8055  0.6085 -0.1492 -1.1355 -1.4961
 244  0.979820  3.5770  1.3006  2.3899  4.3976  3.7687  0.5810 -0.1699 -1.2237 -1.6022
 245  0.979841  3.5734  1.2438  2.4323  4.3610  3.7327  0.5619 -0.1805 -1.3073 -1.7046
 246  0.979860  3.5698  1.1878  2.4739  4.3286  3.6981  0.5525 -0.1802 -1.3869 -1.8044
 247  0.979877  3.5663  1.1329  2.5145  4.3007  3.6656  0.5523 -0.1708 -1.4615 -1.9006
 248  0.979893  3.5628  1.0793  2.5542  4.2774  3.6356  0.5596 -0.1566 -1.5307 -1.9926
 249  0.979907  3.5592  1.0266  2.5930  4.2606  3.6112  0.5759 -0.1396 -1.5942 -2.0802
 250  0.979921  3.5558  0.9748  2.6309  4.2491  3.5893  0.6064 -0.1099 -1.6506 -2.1630
 251  0.979932  3.5523  0.9240  2.6679  4.2427  3.5675  0.6536 -0.0609 -1.6999 -2.2415
 252  0.979943  3.5489  0.8743  2.7038  4.2424  3.5449  0.7297  0.0278 -1.7398 -2.3152
 253  0.979954  3.5455  0.8257  2.7389  4.2463  3.5119  0.8294  0.1521 -1.7707 -2.3842
 254  0.979963  3.5422  0.7780  2.7733  4.2540  3.4768  0.9458  0.2940 -1.7922 -2.4476
 255  0.979971  3.5389  0.7313  2.8068  4.2641  3.4408  1.0771  0.4453 -1.8034 -2.5049
 256  0.979980  3.5356  0.6855  2.8395  4.2753  3.4065  1.2308  0.5988 -1.7966 -2.5517
 257  0.979987  3.5324  0.6410  2.8713  4.2875  3.3753  1.3995  0.7487 -1.7746 -2.5888
 258  0.979994  3.5292  0.5970  2.9024  4.3008  3.3472  1.5717  0.8915 -1.7445 -2.6198
 259  0.980000  3.5261  0.5541  2.9327  4.3153  3.3234  1.7386  1.0216 -1.7096 -2.6459
 260  0.980007  3.5229  0.5117  2.9626  4.3300  3.3095  1.8669  1.1057 -1.6797 -2.6695
 261  0.980013  3.5198  0.4706  2.9913  4.3433  3.3053  1.9537  1.1436 -1.6573 -2.6919
 262  0.980018  3.5168  0.4299  3.0196  4.3564  3.3063  2.0252  1.1629 -1.6353 -2.7121
 263  0.980023  3.5137  0.3902  3.0473  4.3703  3.3111  2.0905  1.1750 -1.6115 -2.7290
 264  0.980027  3.5108  0.3513  3.0742  4.3821  3.3166  2.1489  1.1818 -1.5869 -2.7436
 265  0.980031  3.5077  0.3130  3.1004  4.3921  3.3200  2.2045  1.1924 -1.5618 -2.7559
 266  0.980036  3.5046  0.2750  3.1261  4.4008  3.3253  2.2515  1.1957 -1.5373 -2.7663
 267  0.980040  3.5017  0.2382  3.1513  4.4050  3.3288  2.2862  1.1911 -1.5189 -2.7788
 268  0.980044  3.4989  0.2023  3.1757  4.4075  3.3346  2.3080  1.1757 -1.5056 -2.7921
 269  0.980047  3.4959  0.1667  3.1997  4.4106  3.3436  2.3308  1.1641 -1.4946 -2.8066
 270  0.980051  3.4931  0.1319  3.2230  4.4126  3.3541  2.3502  1.1536 -1.4878 -2.8230
 271  0.980054  3.4903  0.0978  3.2458  4.4149  3.3667  2.3667  1.1425 -1.4832 -2.8398
 272  0.980057  3.4875  0.0645  3.2681  4.4168  3.3800  2.3793  1.1296 -1.4818 -2.8577
 273  0.980059  3.4847  0.0315  3.2899  4.4014  3.3594  2.3757  1.1056 -1.4881 -2.8793
 274  0.980062  3.4820 -0.0007  3.3111  4.4354  3.4248  2.3978  1.0998 -1.4827 -2.8919
 275  0.980064  3.4792 -0.0325  3.3320  4.4847  3.5188  2.4253  1.0966 -1.4758 -2.9018
 276  0.980067  3.4765 -0.0636  3.3521  4.5226  3.5973  2.4423  1.0845 -1.4754 -2.9140
 277  0.980069  3.4738 -0.0939  3.3716  4.5369  3.6384  2.4411  1.0572 -1.4851 -2.9310
 278  0.980071  3.4712 -0.1228  3.3903  4.4700  3.5232  2.3788  0.9797 -1.5233 -2.9642
 279  0.980076  3.4691 -0.1468  3.4058  4.4436  3.4908  2.3383  0.9262 -1.5497 -2.9873
