#NUMBER OF AGES= 1
#----------------------------------------------------       
#MIX-LEN  Y      Z          Zeff        [Fe/H] [a/Fe]
# 1.9380  0.2925 2.9511E-02 2.9511E-02   0.28   0.00 
#----------------------------------------------------       
#**PHOTOMETRIC SYSTEM**: SkyMapper (AB)                     
#----------------------------------------------------       
#AGE=15.000 EEPS=266
#EEP   M/Mo    LogTeff  LogG   LogL/Lo u       v       g       r       i       z
  14  0.118283  3.4975  5.2088 -2.7542 17.4938 17.0170 14.2873 13.3702 11.7423 11.1638
  15  0.139280  3.4978  5.1434 -2.6172 17.1225 16.6230 13.9412 13.0256 11.4029 10.8230
  16  0.158981  3.4990  5.0958 -2.5073 16.8065 16.2863 13.6470 12.7345 11.1254 10.5477
  17  0.175954  3.5012  5.0648 -2.4233 16.5431 16.0045 13.4021 12.4947 10.9066 10.3349
  18  0.190861  3.5035  5.0418 -2.3557 16.3234 15.7696 13.1977 12.2956 10.7281 10.1628
  19  0.204890  3.5055  5.0214 -2.2964 16.1330 15.5668 13.0204 12.1231 10.5724 10.0122
  20  0.218971  3.5073  5.0022 -2.2409 15.9562 15.3787 12.8553 11.9624 10.4270  9.8714
  21  0.233726  3.5093  4.9843 -2.1867 15.7830 15.1953 12.6931 11.8050 10.2844  9.7338
  22  0.249729  3.5115  4.9669 -2.1320 15.6082 15.0106 12.5289 11.6461 10.1404  9.5952
  23  0.271478  3.5142  4.9455 -2.0633 15.3888 14.7790 12.3223 11.4461  9.9594  9.4213
  24  0.292208  3.5168  4.9282 -2.0040 15.1989 14.5793 12.1426 11.2729  9.8028  9.2713
  25  0.303962  3.5181  4.9201 -1.9734 15.1014 14.4771 12.0500 11.1836  9.7221  9.1942
  26  0.311204  3.5190  4.9170 -1.9565 15.0458 14.4190 11.9969 11.1326  9.6769  9.1514
  27  0.316133  3.5196  4.9132 -1.9437 15.0055 14.3766 11.9584 11.0957  9.6432  9.1192
  28  0.319415  3.5201  4.9137 -1.9380 14.9852 14.3556 11.9388 11.0769  9.6273  9.1046
  29  0.322007  3.5203  4.9113 -1.9309 14.9629 14.3322 11.9176 11.0565  9.6087  9.0867
  30  0.324092  3.5206  4.9102 -1.9258 14.9461 14.3145 11.9016 11.0412  9.5952  9.0740
  31  0.326422  3.5209  4.9080 -1.9193 14.9253 14.2927 11.8820 11.0223  9.5781  9.0576
  32  0.329279  3.5213  4.9056 -1.9117 14.9009 14.2670 11.8587 11.0000  9.5578  9.0383
  33  0.333063  3.5217  4.9027 -1.9020 14.8703 14.2350 11.8296 10.9720  9.5324  9.0141
  34  0.338752  3.5223  4.8988 -1.8883 14.8274 14.1902 11.7887 10.9327  9.4967  8.9799
  35  0.347592  3.5233  4.8930 -1.8675 14.7622 14.1221 11.7265 10.8729  9.4420  8.9276
  36  0.369799  3.5262  4.8752 -1.8114 14.5824 13.9338 11.5554 10.7094  9.2934  8.7864
  37  0.404487  3.5320  4.8437 -1.7175 14.2750 13.6126 11.2597 10.4269  9.0439  8.5521
  38  0.446096  3.5399  4.8076 -1.6072 13.9159 13.2393 10.9087 10.0939  8.7494  8.2781
  39  0.470566  3.5456  4.7857 -1.5394 13.6948 13.0114 10.6869  9.8831  8.5670  8.1111
  40  0.489055  3.5504  4.7689 -1.4863 13.5212 12.8337 10.5088  9.7134  8.4222  7.9802
  41  0.504546  3.5550  4.7547 -1.4405 13.3721 12.6822 10.3525  9.5638  8.2971  7.8680
  42  0.518280  3.5593  4.7419 -1.3990 13.2374 12.5462 10.2081  9.4248  8.1834  7.7670
  43  0.530429  3.5632  4.7305 -1.3616 13.1151 12.4235 10.0738  9.2948  8.0811  7.6765
  44  0.541905  3.5672  4.7197 -1.3257 12.9976 12.3063  9.9420  9.1664  7.9829  7.5902
  45  0.553438  3.5714  4.7088 -1.2893 12.8782 12.1882  9.8060  9.0332  7.8829  7.5030
  46  0.565534  3.5757  4.6975 -1.2509 12.7520 12.0639  9.6596  8.8893  7.7766  7.4109
  47  0.578038  3.5804  4.6858 -1.2109 12.6186 11.9336  9.5033  8.7346  7.6653  7.3155
  48  0.590591  3.5853  4.6742 -1.1703 12.4787 11.7981  9.3380  8.5696  7.5511  7.2190
  49  0.602975  3.5904  4.6630 -1.1298 12.3369 11.6609  9.1685  8.4002  7.4363  7.1230
  50  0.614898  3.5954  4.6524 -1.0905 12.1996 11.5272  9.0030  8.2358  7.3246  7.0295
  51  0.626148  3.6005  4.6428 -1.0528 12.0684 11.3983  8.8449  8.0800  7.2180  6.9400
  52  0.632623  3.6036  4.6375 -1.0308 11.9904 11.3217  8.7515  7.9882  7.1558  6.8879
  53  0.639038  3.6066  4.6324 -1.0089 11.9109 11.2440  8.6576  7.8954  7.0939  6.8366
  54  0.645431  3.6097  4.6273 -0.9872 11.8297 11.1653  8.5629  7.8014  7.0324  6.7859
  55  0.651727  3.6127  4.6223 -0.9659 11.7496 11.0875  8.4709  7.7103  6.9724  6.7364
  56  0.657772  3.6157  4.6177 -0.9454 11.6712 11.0111  8.3820  7.6226  6.9148  6.6889
  57  0.663618  3.6186  4.6133 -0.9255 11.5959 10.9371  8.2976  7.5403  6.8595  6.6426
  58  0.669324  3.6215  4.6089 -0.9060 11.5212 10.8629  8.2154  7.4608  6.8055  6.5972
  59  0.674954  3.6244  4.6049 -0.8867 11.4446 10.7866  8.1337  7.3825  6.7519  6.5520
  60  0.680582  3.6273  4.6006 -0.8674 11.3655 10.7072  8.0523  7.3051  6.6984  6.5065
  61  0.686291  3.6303  4.5965 -0.8477 11.2798 10.6209  7.9681  7.2257  6.6434  6.4597
  62  0.692150  3.6333  4.5923 -0.8275 11.1898 10.5302  7.8824  7.1455  6.5874  6.4114
  63  0.698249  3.6366  4.5881 -0.8064 11.0927 10.4320  7.7926  7.0621  6.5287  6.3608
  64  0.704663  3.6400  4.5834 -0.7841 10.9885 10.3267  7.6991  6.9760  6.4667  6.3068
  65  0.711299  3.6436  4.5786 -0.7609 10.8761 10.2131  7.6016  6.8870  6.4021  6.2500
  66  0.718020  3.6472  4.5737 -0.7374 10.7597 10.0954  7.5042  6.7990  6.3368  6.1921
  67  0.724699  3.6509  4.5688 -0.7138 10.6400  9.9745  7.4074  6.7128  6.2716  6.1337
  68  0.731208  3.6544  4.5639 -0.6909 10.5225  9.8558  7.3155  6.6317  6.2089  6.0769
  69  0.737427  3.6578  4.5593 -0.6692 10.4069  9.7394  7.2278  6.5554  6.1491  6.0226
  70  0.743236  3.6608  4.5546 -0.6488 10.2999  9.6318  7.1485  6.4870  6.0944  5.9721
  71  0.748581  3.6638  4.5505 -0.6301 10.1985  9.5300  7.0750  6.4241  6.0437  5.9252
  72  0.753561  3.6663  4.5462 -0.6127 10.1060  9.4373  7.0086  6.3676  5.9973  5.8819
  73  0.758233  3.6688  4.5423 -0.5961 10.0160  9.3472  6.9449  6.3139  5.9529  5.8404
  74  0.762639  3.6710  4.5382 -0.5805  9.9332  9.2644  6.8865  6.2645  5.9116  5.8016
  75  0.766829  3.6732  4.5345 -0.5654  9.8515  9.1829  6.8299  6.2169  5.8718  5.7641
  76  0.770844  3.6753  4.5305 -0.5510  9.7748  9.1066  6.7768  6.1721  5.8337  5.7282
  77  0.774722  3.6773  4.5268 -0.5368  9.6985  9.0307  6.7248  6.1283  5.7966  5.6933
  78  0.778508  3.6793  4.5229 -0.5231  9.6248  8.9577  6.6746  6.0860  5.7604  5.6592
  79  0.782231  3.6812  4.5189 -0.5093  9.5522  8.8861  6.6255  6.0444  5.7248  5.6256
  80  0.785915  3.6831  4.5148 -0.4957  9.4800  8.8149  6.5767  6.0032  5.6894  5.5923
  81  0.789593  3.6850  4.5107 -0.4821  9.4092  8.7454  6.5286  5.9625  5.6541  5.5591
  82  0.793487  3.6870  4.5063 -0.4676  9.3341  8.6720  6.4776  5.9193  5.6168  5.5241
  83  0.797424  3.6889  4.5016 -0.4530  9.2592  8.5988  6.4266  5.8759  5.5791  5.4887
  84  0.801360  3.6908  4.4968 -0.4384  9.1847  8.5260  6.3759  5.8327  5.5414  5.4533
  85  0.805271  3.6927  4.4919 -0.4238  9.1105  8.4537  6.3259  5.7900  5.5041  5.4182
  86  0.809153  3.6946  4.4869 -0.4092  9.0373  8.3826  6.2764  5.7477  5.4670  5.3833
  87  0.812995  3.6964  4.4819 -0.3949  8.9660  8.3135  6.2281  5.7062  5.4303  5.3489
  88  0.816791  3.6981  4.4767 -0.3806  8.8959  8.2456  6.1806  5.6653  5.3942  5.3148
  89  0.820533  3.6999  4.4715 -0.3665  8.8275  8.1795  6.1342  5.6252  5.3585  5.2813
  90  0.824215  3.7015  4.4661 -0.3527  8.7605  8.1150  6.0888  5.5859  5.3234  5.2483
  91  0.827838  3.7031  4.4608 -0.3391  8.6950  8.0518  6.0444  5.5473  5.2890  5.2159
  92  0.831391  3.7046  4.4554 -0.3256  8.6311  7.9900  6.0011  5.5096  5.2553  5.1840
  93  0.834870  3.7061  4.4499 -0.3125  8.5685  7.9297  5.9590  5.4726  5.2221  5.1527
  94  0.838272  3.7075  4.4445 -0.2996  8.5078  7.8710  5.9178  5.4365  5.1896  5.1220
  95  0.841597  3.7089  4.4389 -0.2868  8.4490  7.8141  5.8779  5.4013  5.1579  5.0920
  96  0.844831  3.7102  4.4334 -0.2744  8.3918  7.7588  5.8391  5.3670  5.1269  5.0626
  97  0.847978  3.7115  4.4279 -0.2623  8.3364  7.7054  5.8013  5.3335  5.0965  5.0338
  98  0.851058  3.7127  4.4223 -0.2504  8.2827  7.6535  5.7645  5.3008  5.0667  5.0056
  99  0.854076  3.7139  4.4167 -0.2385  8.2302  7.6029  5.7286  5.2689  5.0376  4.9778
 100  0.857035  3.7149  4.4110 -0.2270  8.1793  7.5538  5.6935  5.2375  5.0088  4.9505
 101  0.859941  3.7160  4.4054 -0.2156  8.1298  7.5060  5.6592  5.2068  4.9807  4.9236
 102  0.862794  3.7170  4.3997 -0.2044  8.0817  7.4596  5.6258  5.1768  4.9530  4.8972
 103  0.865599  3.7180  4.3940 -0.1935  8.0350  7.4144  5.5931  5.1472  4.9258  4.8712
 104  0.868359  3.7189  4.3882 -0.1827  7.9897  7.3707  5.5612  5.1184  4.8989  4.8455
 105  0.871081  3.7197  4.3824 -0.1720  7.9458  7.3281  5.5299  5.0900  4.8726  4.8202
 106  0.873767  3.7206  4.3765 -0.1616  7.9033  7.2870  5.4995  5.0622  4.8466  4.7953
 107  0.876416  3.7214  4.3706 -0.1512  7.8622  7.2470  5.4696  5.0349  4.8211  4.7708
 108  0.879020  3.7221  4.3646 -0.1410  7.8225  7.2083  5.4404  5.0081  4.7959  4.7465
 109  0.881535  3.7228  4.3587 -0.1311  7.7838  7.1707  5.4118  4.9817  4.7711  4.7226
 110  0.883938  3.7235  4.3528 -0.1212  7.7457  7.1336  5.3838  4.9559  4.7469  4.6992
 111  0.886250  3.7241  4.3469 -0.1115  7.7087  7.0974  5.3563  4.9306  4.7229  4.6761
 112  0.887541  3.7245  4.3435 -0.1061  7.6880  7.0773  5.3409  4.9163  4.7094  4.6631
 113  0.888832  3.7249  4.3401 -0.1006  7.6674  7.0571  5.3253  4.9019  4.6958  4.6499
 114  0.890120  3.7251  4.3365 -0.0949  7.6466  7.0368  5.3097  4.8873  4.6820  4.6366
 115  0.891408  3.7255  4.3329 -0.0894  7.6260  7.0166  5.2940  4.8727  4.6681  4.6231
 116  0.892694  3.7258  4.3291 -0.0837  7.6054  6.9965  5.2782  4.8579  4.6540  4.6095
 117  0.893980  3.7262  4.3253 -0.0780  7.5849  6.9764  5.2623  4.8431  4.6399  4.5957
 118  0.895263  3.7264  4.3214 -0.0722  7.5642  6.9561  5.2464  4.8282  4.6257  4.5818
 119  0.896545  3.7268  4.3175 -0.0664  7.5437  6.9361  5.2304  4.8131  4.6113  4.5678
 120  0.897828  3.7271  4.3134 -0.0605  7.5235  6.9161  5.2144  4.7980  4.5968  4.5537
 121  0.899111  3.7273  4.3093 -0.0547  7.5032  6.8961  5.1984  4.7829  4.5823  4.5395
 122  0.900360  3.7277  4.3051 -0.0487  7.4821  6.8754  5.1818  4.7674  4.5674  4.5251
 123  0.901613  3.7280  4.3010 -0.0426  7.4609  6.8545  5.1653  4.7519  4.5525  4.5106
 124  0.902872  3.7283  4.2968 -0.0366  7.4397  6.8337  5.1488  4.7363  4.5376  4.4961
 125  0.904135  3.7286  4.2924 -0.0306  7.4191  6.8134  5.1323  4.7207  4.5226  4.4814
 126  0.905403  3.7289  4.2881 -0.0245  7.3985  6.7931  5.1159  4.7052  4.5076  4.4668
 127  0.906670  3.7291  4.2837 -0.0184  7.3782  6.7730  5.0994  4.6895  4.4925  4.4520
 128  0.907935  3.7293  4.2792 -0.0123  7.3577  6.7528  5.0829  4.6738  4.4774  4.4372
 129  0.909206  3.7296  4.2745 -0.0062  7.3381  6.7334  5.0666  4.6583  4.4622  4.4222
 130  0.910475  3.7298  4.2697 -0.0000  7.3187  6.7142  5.0503  4.6426  4.4470  4.4072
 131  0.911742  3.7299  4.2649  0.0061  7.2997  6.6952  5.0341  4.6270  4.4318  4.3921
 132  0.913001  3.7301  4.2600  0.0123  7.2804  6.6760  5.0177  4.6112  4.4163  4.3770
 133  0.914265  3.7303  4.2550  0.0186  7.2620  6.6576  5.0015  4.5954  4.4009  4.3617
 134  0.915525  3.7303  4.2498  0.0248  7.2439  6.6395  4.9854  4.5797  4.3854  4.3464
 135  0.916772  3.7305  4.2446  0.0311  7.2253  6.6209  4.9690  4.5639  4.3699  4.3309
 136  0.918024  3.7306  4.2393  0.0373  7.2078  6.6031  4.9529  4.5481  4.3543  4.3154
 137  0.919273  3.7307  4.2337  0.0437  7.1909  6.5861  4.9370  4.5323  4.3386  4.2997
 138  0.920511  3.7307  4.2281  0.0500  7.1739  6.5688  4.9208  4.5165  4.3228  4.2840
 139  0.921744  3.7307  4.2224  0.0563  7.1569  6.5516  4.9048  4.5005  4.3069  4.2682
 140  0.922975  3.7307  4.2166  0.0628  7.1410  6.5353  4.8889  4.4847  4.2910  4.2522
 141  0.924197  3.7306  4.2105  0.0691  7.1253  6.5192  4.8731  4.4688  4.2751  4.2362
 142  0.925417  3.7306  4.2045  0.0755  7.1102  6.5036  4.8573  4.4530  4.2590  4.2200
 143  0.926628  3.7305  4.1981  0.0819  7.0957  6.4886  4.8417  4.4371  4.2429  4.2038
 144  0.927837  3.7303  4.1916  0.0885  7.0822  6.4744  4.8263  4.4213  4.2268  4.1875
 145  0.929036  3.7301  4.1850  0.0949  7.0686  6.4602  4.8108  4.4054  4.2106  4.1710
 146  0.930237  3.7299  4.1780  0.1014  7.0570  6.4477  4.7959  4.3898  4.1944  4.1544
 147  0.931422  3.7296  4.1712  0.1078  7.0443  6.4343  4.7806  4.3740  4.1781  4.1378
 148  0.932617  3.7292  4.1637  0.1143  7.0351  6.4238  4.7662  4.3585  4.1618  4.1209
 149  0.933798  3.7289  4.1562  0.1208  7.0255  6.4130  4.7517  4.3430  4.1454  4.1040
 150  0.934981  3.7283  4.1483  0.1273  7.0175  6.4038  4.7377  4.3276  4.1290  4.0869
 151  0.936159  3.7278  4.1400  0.1338  7.0119  6.3966  4.7242  4.3125  4.1125  4.0697
 152  0.937344  3.7271  4.1314  0.1403  7.0072  6.3903  4.7109  4.2974  4.0960  4.0524
 153  0.938523  3.7263  4.1223  0.1468  7.0046  6.3859  4.6983  4.2826  4.0797  4.0350
 154  0.939714  3.7255  4.1129  0.1532  7.0038  6.3830  4.6863  4.2681  4.0633  4.0173
 155  0.940909  3.7244  4.1028  0.1596  7.0066  6.3834  4.6752  4.2541  4.0470  3.9996
 156  0.942115  3.7231  4.0920  0.1660  7.0131  6.3871  4.6653  4.2406  4.0308  3.9818
 157  0.943336  3.7216  4.0801  0.1722  7.0256  6.3962  4.6572  4.2280  4.0149  3.9637
 158  0.944579  3.7197  4.0670  0.1783  7.0446  6.4111  4.6511  4.2166  3.9993  3.9457
 159  0.945845  3.7173  4.0523  0.1841  7.0733  6.4349  4.6485  4.2070  3.9846  3.9277
 160  0.947117  3.7143  4.0357  0.1894  7.1154  6.4709  4.6507  4.2002  3.9710  3.9102
 161  0.948356  3.7108  4.0171  0.1941  7.1722  6.5203  4.6584  4.1969  3.9593  3.8937
 162  0.949364  3.7071  4.0004  0.1965  7.2373  6.5781  4.6728  4.2001  3.9537  3.8831
 163  0.950368  3.7028  3.9799  0.2006  7.3096  6.6419  4.6872  4.2013  3.9449  3.8685
 164  0.951365  3.6980  3.9557  0.2061  7.3864  6.7092  4.7018  4.2011  3.9329  3.8497
 165  0.952340  3.6931  3.9275  0.2150  7.4573  6.7708  4.7104  4.1938  3.9132  3.8231
 166  0.953260  3.6886  3.8963  0.2287  7.5108  6.8167  4.7060  4.1742  3.8817  3.7853
 167  0.954096  3.6850  3.8641  0.2468  7.5371  6.8371  4.6856  4.1415  3.8391  3.7376
 168  0.954850  3.6823  3.8327  0.2678  7.5379  6.8333  4.6518  4.0986  3.7888  3.6833
 169  0.955541  3.6803  3.8021  0.2908  7.5204  6.8123  4.6088  4.0489  3.7335  3.6251
 170  0.956185  3.6788  3.7724  0.3147  7.4903  6.7792  4.5595  3.9949  3.6752  3.5645
 171  0.956798  3.6776  3.7437  0.3393  7.4510  6.7375  4.5058  3.9378  3.6151  3.5025
 172  0.957389  3.6769  3.7154  0.3643  7.4056  6.6899  4.4492  3.8787  3.5537  3.4396
 173  0.957965  3.6762  3.6877  0.3896  7.3560  6.6382  4.3906  3.8185  3.4914  3.3762
 174  0.958530  3.6756  3.6603  0.4150  7.3035  6.5838  4.3307  3.7572  3.4287  3.3126
 175  0.959089  3.6752  3.6333  0.4405  7.2487  6.5273  4.2699  3.6954  3.3658  3.2487
 176  0.959643  3.6747  3.6063  0.4660  7.1931  6.4699  4.2086  3.6332  3.3026  3.1848
 177  0.960188  3.6743  3.5795  0.4916  7.1365  6.4117  4.1468  3.5708  3.2392  3.1206
 178  0.960726  3.6740  3.5526  0.5173  7.0789  6.3527  4.0845  3.5079  3.1755  3.0562
 179  0.961255  3.6737  3.5258  0.5432  7.0208  6.2930  4.0217  3.4447  3.1115  2.9916
 180  0.961773  3.6734  3.4987  0.5691  6.9629  6.2336  3.9588  3.3812  3.0472  2.9266
 181  0.962283  3.6730  3.4714  0.5951  6.9056  6.1747  3.8961  3.3177  2.9828  2.8614
 182  0.962542  3.6727  3.4573  0.6085  6.8769  6.1451  3.8641  3.2853  2.9497  2.8280
 183  0.962799  3.6725  3.4428  0.6222  6.8475  6.1149  3.8313  3.2519  2.9159  2.7936
 184  0.963056  3.6722  3.4278  0.6363  6.8169  6.0836  3.7974  3.2175  2.8808  2.7581
 185  0.963312  3.6721  3.4125  0.6508  6.7859  6.0517  3.7628  3.1822  2.8450  2.7218
 186  0.963565  3.6717  3.3957  0.6664  6.7530  6.0179  3.7257  3.1444  2.8064  2.6827
 187  0.963813  3.6714  3.3777  0.6833  6.7176  5.9815  3.6855  3.1035  2.7645  2.6402
 188  0.964060  3.6711  3.3590  0.7008  6.6814  5.9443  3.6442  3.0613  2.7215  2.5966
 189  0.964299  3.6707  3.3382  0.7201  6.6422  5.9040  3.5988  3.0149  2.6740  2.5482
 190  0.964537  3.6702  3.3167  0.7398  6.6021  5.8628  3.5524  2.9673  2.6252  2.4986
 191  0.964770  3.6698  3.2942  0.7606  6.5604  5.8198  3.5037  2.9173  2.5739  2.4465
 192  0.964998  3.6692  3.2704  0.7824  6.5175  5.7756  3.4529  2.8650  2.5201  2.3917
 193  0.965222  3.6687  3.2455  0.8050  6.4733  5.7301  3.4003  2.8109  2.4643  2.3350
 194  0.965440  3.6680  3.2195  0.8286  6.4284  5.6840  3.3461  2.7548  2.4065  2.2759
 195  0.965655  3.6674  3.1927  0.8528  6.3830  5.6371  3.2906  2.6973  2.3469  2.2152
 196  0.965863  3.6666  3.1646  0.8780  6.3364  5.5892  3.2329  2.6375  2.2849  2.1519
 197  0.966066  3.6658  3.1355  0.9038  6.2894  5.5408  3.1741  2.5762  2.2214  2.0869
 198  0.966264  3.6649  3.1054  0.9306  6.2417  5.4918  3.1138  2.5132  2.1559  2.0199
 199  0.966455  3.6640  3.0744  0.9581  6.1939  5.4426  3.0521  2.4487  2.0886  1.9511
 200  0.966641  3.6630  3.0423  0.9863  6.1452  5.3926  2.9891  2.3826  2.0195  1.8802
 201  0.966820  3.6619  3.0093  1.0153  6.0963  5.3423  2.9247  2.3149  1.9487  1.8076
 202  0.966993  3.6608  2.9751  1.0449  6.0478  5.2924  2.8595  2.2461  1.8763  1.7333
 203  0.967160  3.6596  2.9402  1.0750  5.9998  5.2431  2.7936  2.1764  1.8028  1.6577
 204  0.967320  3.6583  2.9044  1.1058  5.9516  5.1937  2.7268  2.1056  1.7278  1.5805
 205  0.967475  3.6570  2.8678  1.1371  5.9038  5.1446  2.6594  2.0339  1.6518  1.5022
 206  0.967624  3.6556  2.8305  1.1689  5.8561  5.0956  2.5913  1.9614  1.5747  1.4225
 207  0.967767  3.6542  2.7925  1.2012  5.8088  5.0470  2.5226  1.8881  1.4965  1.3417
 208  0.967903  3.6527  2.7539  1.2338  5.7614  4.9988  2.4536  1.8144  1.4176  1.2601
 209  0.968030  3.6509  2.7123  1.2687  5.7130  4.9498  2.3814  1.7368  1.3336  1.1730
 210  0.968168  3.6488  2.6637  1.3088  5.6603  4.8971  2.3005  1.6495  1.2376  1.0729
 211  0.968360  3.6478  2.6350  1.3338  5.6199  4.8565  2.2464  1.5926  1.1770  1.0104
 212  0.968522  3.6490  2.6559  1.3177  5.6349  4.8706  2.2752  1.6250  1.2147  1.0506
 213  0.968653  3.6500  2.6737  1.3038  5.6492  4.8841  2.3005  1.6530  1.2475  1.0852
 214  0.968780  3.6492  2.6506  1.3240  5.6167  4.8510  2.2559  1.6058  1.1980  1.0345
 215  0.968914  3.6479  2.6172  1.3521  5.5781  4.8124  2.1981  1.5437  1.1307  0.9646
 216  0.969024  3.6468  2.5928  1.3724  5.5502  4.7855  2.1568  1.4993  1.0819  0.9138
 217  0.969043  3.6467  2.5880  1.3766  5.5443  4.7798  2.1483  1.4903  1.0721  0.9037
 218  0.969063  3.6465  2.5829  1.3807  5.5382  4.7740  2.1397  1.4811  1.0620  0.8931
 219  0.969084  3.6463  2.5776  1.3852  5.5318  4.7678  2.1305  1.4712  1.0512  0.8819
 220  0.969105  3.6460  2.5709  1.3908  5.5244  4.7605  2.1192  1.4591  1.0379  0.8680
 221  0.969126  3.6457  2.5630  1.3974  5.5158  4.7519  2.1058  1.4446  1.0221  0.8516
 222  0.969145  3.6453  2.5547  1.4042  5.5072  4.7434  2.0922  1.4299  1.0059  0.8347
 223  0.969165  3.6449  2.5464  1.4110  5.4985  4.7349  2.0784  1.4149  0.9894  0.8176
 224  0.969184  3.6445  2.5381  1.4179  5.4901  4.7265  2.0648  1.4001  0.9731  0.8006
 225  0.969204  3.6441  2.5297  1.4247  5.4817  4.7181  2.0511  1.3853  0.9568  0.7835
 226  0.969223  3.6438  2.5213  1.4316  5.4732  4.7097  2.0375  1.3705  0.9405  0.7664
 227  0.969397  3.6402  2.4422  1.4963  5.3936  4.6322  1.9100  1.2319  0.7866  0.6054
 228  0.969549  3.6364  2.3641  1.5596  5.3178  4.5598  1.7880  1.0987  0.6363  0.4476
 229  0.969679  3.6328  2.2886  1.6205  5.2462  4.4930  1.6731  0.9732  0.4927  0.2963
 230  0.969794  3.6291  2.2130  1.6811  5.1761  4.4292  1.5611  0.8508  0.3505  0.1458
 231  0.969894  3.6253  2.1398  1.7394  5.1085  4.3690  1.4556  0.7355  0.2144  0.0010
 232  0.969981  3.6216  2.0685  1.7960  5.0426  4.3117  1.3551  0.6260  0.0828 -0.1392
 233  0.970058  3.6179  1.9978  1.8518  4.9789  4.2574  1.2596  0.5220 -0.0458 -0.2774
 234  0.970126  3.6141  1.9282  1.9063  4.9175  4.2063  1.1698  0.4247 -0.1705 -0.4121
 235  0.970185  3.6102  1.8596  1.9596  4.8581  4.1574  1.0858  0.3340 -0.2916 -0.5439
 236  0.970239  3.6064  1.7920  2.0118  4.8001  4.1102  1.0069  0.2494 -0.4094 -0.6732
 237  0.970286  3.6026  1.7265  2.0624  4.7447  4.0652  0.9339  0.1723 -0.5225 -0.7981
 238  0.970327  3.5989  1.6611  2.1125  4.6904  4.0212  0.8659  0.1014 -0.6338 -0.9221
 239  0.970365  3.5951  1.5973  2.1613  4.6374  3.9779  0.8035  0.0374 -0.7408 -1.0424
 240  0.970399  3.5913  1.5349  2.2089  4.5850  3.9349  0.7467 -0.0201 -0.8442 -1.1595
 241  0.970429  3.5876  1.4733  2.2555  4.5352  3.8933  0.6972 -0.0687 -0.9435 -1.2736
 242  0.970456  3.5838  1.4128  2.3011  4.4895  3.8537  0.6553 -0.1072 -1.0391 -1.3851
 243  0.970481  3.5802  1.3532  2.3457  4.4472  3.8157  0.6208 -0.1360 -1.1315 -1.4945
 244  0.970503  3.5764  1.2948  2.3895  4.4080  3.7787  0.5943 -0.1554 -1.2197 -1.6008
 245  0.970522  3.5729  1.2380  2.4318  4.3718  3.7427  0.5762 -0.1647 -1.3028 -1.7029
 246  0.970540  3.5693  1.1821  2.4734  4.3399  3.7083  0.5681 -0.1629 -1.3819 -1.8025
 247  0.970557  3.5658  1.1273  2.5141  4.3123  3.6758  0.5690 -0.1528 -1.4560 -1.8984
 248  0.970572  3.5622  1.0734  2.5538  4.2897  3.6461  0.5777 -0.1376 -1.5248 -1.9903
 249  0.970586  3.5587  1.0206  2.5926  4.2736  3.6223  0.5954 -0.1200 -1.5877 -2.0777
 250  0.970598  3.5553  0.9690  2.6304  4.2630  3.6006  0.6285 -0.0878 -1.6430 -2.1599
 251  0.970611  3.5518  0.9181  2.6674  4.2573  3.5784  0.6784 -0.0350 -1.6915 -2.2379
 252  0.970621  3.5483  0.8685  2.7033  4.2577  3.5541  0.7604  0.0622 -1.7298 -2.3112
 253  0.970631  3.5449  0.8198  2.7385  4.2622  3.5204  0.8634  0.1905 -1.7594 -2.3796
 254  0.970640  3.5416  0.7720  2.7729  4.2702  3.4848  0.9825  0.3346 -1.7795 -2.4425
 255  0.970648  3.5383  0.7253  2.8063  4.2807  3.4488  1.1170  0.4874 -1.7887 -2.4986
 256  0.970656  3.5350  0.6795  2.8390  4.2917  3.4149  1.2755  0.6408 -1.7781 -2.5435
 257  0.970664  3.5318  0.6348  2.8709  4.3042  3.3840  1.4459  0.7902 -1.7544 -2.5796
 258  0.970670  3.5286  0.5910  2.9019  4.3175  3.3564  1.6175  0.9306 -1.7234 -2.6099
 259  0.970676  3.5255  0.5478  2.9324  4.3326  3.3336  1.7836  1.0586 -1.6875 -2.6351
 260  0.970682  3.5223  0.5056  2.9621  4.3469  3.3224  1.8997  1.1292 -1.6603 -2.6590
 261  0.970687  3.5192  0.4643  2.9910  4.3599  3.3192  1.9830  1.1625 -1.6381 -2.6811
 262  0.970693  3.5162  0.4237  3.0192  4.3732  3.3209  2.0526  1.1797 -1.6161 -2.7009
 263  0.970698  3.5131  0.3840  3.0468  4.3866  3.3263  2.1164  1.1897 -1.5920 -2.7175
 264  0.970702  3.5101  0.3452  3.0738  4.3978  3.3307  2.1745  1.1980 -1.5675 -2.7319
 265  0.970706  3.5070  0.3065  3.1001  4.4082  3.3353  2.2295  1.2074 -1.5414 -2.7432
 266  0.970710  3.5040  0.2687  3.1257  4.4154  3.3395  2.2731  1.2088 -1.5189 -2.7547
 267  0.970714  3.5011  0.2319  3.1509  4.4193  3.3434  2.3056  1.2021 -1.5013 -2.7672
 268  0.970717  3.4982  0.1959  3.1753  4.4217  3.3498  2.3259  1.1854 -1.4887 -2.7806
 269  0.970720  3.4953  0.1603  3.1992  4.4246  3.3594  2.3491  1.1755 -1.4787 -2.7960
 270  0.970724  3.4924  0.1254  3.2227  4.4266  3.3703  2.3678  1.1647 -1.4725 -2.8127
 271  0.970726  3.4896  0.0913  3.2454  4.4287  3.3828  2.3833  1.1530 -1.4687 -2.8298
 272  0.970729  3.4868  0.0579  3.2678  4.4270  3.3894  2.3925  1.1378 -1.4690 -2.8487
 273  0.970733  3.4840  0.0250  3.2895  4.4115  3.3686  2.3878  1.1127 -1.4761 -2.8706
 274  0.970735  3.4812 -0.0073  3.3107  4.4623  3.4633  2.4189  1.1131 -1.4667 -2.8801
 275  0.970738  3.4785 -0.0392  3.3316  4.5101  3.5562  2.4448  1.1082 -1.4609 -2.8905
 276  0.970740  3.4757 -0.0704  3.3517  4.5385  3.6167  2.4531  1.0885 -1.4644 -2.9045
 277  0.970742  3.4730 -0.1006  3.3712  4.5392  3.6344  2.4427  1.0537 -1.4796 -2.9250
 278  0.970744  3.4705 -0.1297  3.3899  4.4491  3.4761  2.3628  0.9613 -1.5259 -2.9629
 279  0.970747  3.4683 -0.1543  3.4058  4.5040  3.6021  2.3692  0.9484 -1.5302 -2.9716
