# Zini logAge Mini int_IMF  Mass   logL    logTe  logg  label   McoreTP C_O  period0 period1 pmode  Mloss  tau1m   X   Y   Xc  Xn  Xo  Cexcess  Z 	 mbolmag  Umag    Bmag    Vmag    Rmag    Imag    Jmag    Hmag    Kmag
0.03 10.000 0.1000000015 1.1711064577    0.100 -3.279  3.3685  5.143    1  0.000  0.545     0.00     0.00 -1 -7.21e-18      0.00 6.665e-01 3.035e-01 5.394e-03 1.455e-03 1.320e-02 -1.000 3.000e-02 12.967 21.603 19.413 17.696 15.689 13.504 10.882 10.292 9.958
0.03 10.000 0.1053785756 1.2145267725    0.105 -3.214  3.3760  5.130    1  0.000  0.545     0.00     0.00 -1 -1.26e-17      0.00 6.664e-01 3.036e-01 5.394e-03 1.455e-03 1.320e-02 -1.000 3.000e-02 12.806 21.419 19.242 17.530 15.527 13.344 10.721 10.132 9.797
0.03 10.000 0.1098484844 1.2484755516    0.109 -3.163  3.3820  5.120    1  0.000  0.545     0.00     0.00 -1 -2.13e-17      0.00 6.662e-01 3.038e-01 5.394e-03 1.455e-03 1.320e-02 -1.000 3.000e-02 12.679 21.273 19.107 17.398 15.398 13.216 10.594 10.006 9.670
0.03 10.000 0.1295454502 1.3791590929    0.129 -2.962  3.4048  5.082    1  0.000  0.545     0.00     0.00 -1 -5.61e-17      0.00 6.656e-01 3.044e-01 5.394e-03 1.455e-03 1.320e-02 -1.000 3.000e-02 12.174 20.694 18.571 16.876 14.887 12.711 10.090 9.504 9.165
0.03 10.000 0.1492424309 1.4862678051    0.149 -2.805  3.4210  5.052    1  0.000  0.545     0.00     0.00 -1 -5.38e-17      0.00 6.651e-01 3.049e-01 5.394e-03 1.455e-03 1.320e-02 -1.000 3.000e-02 11.783 20.055 18.020 16.350 14.410 12.266 9.707 9.123 8.783
0.03 10.000 0.1689393967 1.5764148235    0.168 -2.678  3.4336  5.028    1  0.000  0.545     0.00     0.00 -1 -4.31e-17      0.00 6.646e-01 3.054e-01 5.394e-03 1.455e-03 1.320e-02 -1.000 3.000e-02 11.465 19.047 17.217 15.604 13.807 11.765 9.416 8.833 8.500
0.03 10.000 0.2083333284 1.7214080095    0.208 -2.465  3.4537  4.987    1  0.000  0.545     0.00     0.00 -1 -5.24e-17      0.00 6.636e-01 3.064e-01 5.394e-03 1.455e-03 1.320e-02 -1.000 3.000e-02 10.933 17.595 16.013 14.483 12.874 10.983 8.925 8.342 8.024
0.03 10.000 0.2575757504 1.8591849804    0.257 -2.264  3.4690  4.940    1  0.000  0.545     0.00     0.00 -1 -3.02e-16      0.00 6.629e-01 3.071e-01 5.394e-03 1.455e-03 1.320e-02 -1.000 3.000e-02 10.430 16.501 15.067 13.584 12.098 10.325 8.455 7.868 7.564
0.03 10.000 0.3119263351 1.9761991501    0.311 -2.082  3.4820  4.894    1  0.000  0.545     0.00     0.00 -1 -6.43e-16      0.00 6.639e-01 3.061e-01 5.394e-03 1.455e-03 1.320e-02 -1.000 3.000e-02 9.976 15.612 14.276 12.829 11.436 9.761 8.029 7.437 7.147
0.03 10.000 0.3420357704 2.0301678181    0.342 -1.992  3.4884  4.869    1  0.000  0.545     0.00     0.00 -1 -6.69e-16      0.00 6.666e-01 3.034e-01 5.394e-03 1.455e-03 1.320e-02 -1.000 3.000e-02 9.751 15.200 13.901 12.463 11.109 9.488 7.820 7.224 6.940
0.03 10.000 0.3560606241 2.0532402992    0.356 -1.953  3.4912  4.858    1  0.000  0.545     0.00     0.00 -1 -7.02e-16      0.00 6.676e-01 3.024e-01 5.394e-03 1.455e-03 1.320e-02 -1.000 3.000e-02 9.651 15.024 13.740 12.308 10.971 9.370 7.727 7.129 6.849
0.03 10.000 0.4053030610 2.1257467270    0.405 -1.814  3.5026  4.822    1  0.000  0.545     0.00     0.00 -1 -1.18e-15      0.00 6.679e-01 3.021e-01 5.394e-03 1.455e-03 1.320e-02 -1.000 3.000e-02 9.304 14.399 13.163 11.763 10.489 8.955 7.405 6.795 6.529
0.03 10.000 0.4432014227 2.1741640568    0.443 -1.702  3.5128  4.789    1  0.000  0.545     0.00     0.00 -1 -1.51e-15      0.00 6.679e-01 3.021e-01 5.394e-03 1.455e-03 1.320e-02 -1.000 3.000e-02 9.025 13.910 12.699 11.319 10.095 8.624 7.151 6.529 6.273
0.03 10.000 0.4545454681 2.1876194477    0.454 -1.670  3.5157  4.780    1  0.000  0.545     0.00     0.00 -1 -1.62e-15      0.00 6.679e-01 3.021e-01 5.394e-03 1.455e-03 1.320e-02 -1.000 3.000e-02 8.946 13.778 12.571 11.194 9.984 8.532 7.079 6.453 6.201
0.03 10.000 0.4815617800 2.2179782391    0.481 -1.588  3.5236  4.755    1  0.000  0.545     0.00     0.00 -1 -1.96e-15      0.00 6.689e-01 3.012e-01 5.380e-03 1.451e-03 1.317e-02 -1.000 2.992e-02 8.740 13.436 12.237 10.874 9.699 8.291 6.894 6.256 6.012
0.03 10.000 0.5037878752 2.2413253784    0.504 -1.524  3.5298  4.735    1  0.000  0.545     0.00     0.00 -1 -2.28e-15      0.00 6.696e-01 3.005e-01 5.369e-03 1.448e-03 1.314e-02 -1.000 2.986e-02 8.580 13.178 11.981 10.634 9.486 8.105 6.748 6.102 5.863
0.03 10.000 0.5530303121 2.2861514091    0.553 -1.363  3.5463  4.681    1  0.000  0.545     0.00     0.00 -1 -3.35e-15      0.00 6.906e-01 2.814e-01 5.045e-03 1.361e-03 1.235e-02 -1.000 2.803e-02 8.177 12.568 11.348 10.027 8.945 7.644 6.386 5.718 5.495
0.03 10.000 0.6022726893 2.3226552010    0.602 -1.202  3.5684  4.645    1  0.000  0.545     0.00     0.00 -1 -4.84e-15      0.00 6.939e-01 2.783e-01 4.997e-03 1.349e-03 1.223e-02 -1.000 2.779e-02 7.775 11.951 10.648 9.322 8.320 7.169 6.046 5.353 5.153
0.03 10.000 0.6515151262 2.3528873920    0.652 -1.034  3.5963  4.623    1  0.000  0.544     0.00     0.00 -1 -7.02e-15      0.00 6.969e-01 2.756e-01 4.954e-03 1.337e-03 1.213e-02 -1.000 2.755e-02 7.356 11.299 9.877 8.556 7.633 6.686 5.702 4.997 4.834
0.03 10.000 0.7007576227 2.3782866001    0.701 -0.868  3.6259  4.607    1  0.000  0.544     0.00     0.00 -1 -1.01e-14      0.00 6.996e-01 2.730e-01 4.914e-03 1.327e-03 1.204e-02 -1.000 2.737e-02 6.939 10.587 9.095 7.823 6.970 6.230 5.361 4.676 4.552
0.03 10.000 0.7265022993 2.3900005817    0.727 -0.776  3.6443  4.605    1  0.000  0.540     0.00     0.00 -1 -1.23e-14      0.00 7.008e-01 2.720e-01 4.863e-03 1.322e-03 1.200e-02 -1.000 2.727e-02 6.711 10.065 8.631 7.416 6.610 5.987 5.185 4.530 4.427
0.03 10.000 0.7500000000 2.3998889923    0.750 -0.695  3.6605  4.602    1  0.000  0.537     0.00     0.00 -1 -1.46e-14      0.00 7.019e-01 2.709e-01 4.817e-03 1.317e-03 1.197e-02 -1.000 2.721e-02 6.507 9.518 8.214 7.067 6.312 5.771 5.029 4.422 4.330
0.03 10.000 0.7509176731 2.4002606869    0.751 -0.692  3.6609  4.601    1  0.000  0.537     0.00     0.00 -1 -1.47e-14      0.00 7.019e-01 2.709e-01 4.816e-03 1.316e-03 1.196e-02 -1.000 2.720e-02 6.500 9.502 8.202 7.057 6.304 5.763 5.023 4.417 4.326
0.03 10.000 0.7790149450 2.4111576080    0.779 -0.606  3.6728  4.579    1  0.000  0.537     0.00     0.00 -1 -1.81e-14      0.00 7.043e-01 2.687e-01 4.782e-03 1.307e-03 1.188e-02 -1.000 2.702e-02 6.285 9.014 7.834 6.747 6.040 5.541 4.844 4.278 4.193
0.03 10.000 0.8000000119 2.4187245369    0.800 -0.542  3.6817  4.562    1  0.000  0.537     0.00     0.00 -1 -2.11e-14      0.00 7.061e-01 2.671e-01 4.757e-03 1.300e-03 1.182e-02 -1.000 2.682e-02 6.125 8.655 7.567 6.523 5.851 5.377 4.712 4.175 4.093
0.03 10.000 0.8094674945 2.4219911098    0.809 -0.513  3.6857  4.554    1  0.000  0.537     0.00     0.00 -1 -2.26e-14      0.00 7.069e-01 2.663e-01 4.745e-03 1.297e-03 1.179e-02 -1.000 2.675e-02 6.052 8.496 7.448 6.423 5.766 5.302 4.651 4.126 4.047
0.03 10.000 0.8303602934 2.4288973808    0.830 -0.448  3.6945  4.535    1  0.000  0.536     0.00     0.00 -1 -2.65e-14      0.00 7.088e-01 2.646e-01 4.718e-03 1.290e-03 1.173e-02 -1.000 2.666e-02 5.889 8.148 7.191 6.206 5.583 5.138 4.517 4.019 3.944
0.03 10.000 0.8489911556 2.4347274303    0.849 -0.390  3.7021  4.517    1  0.000  0.536     0.00     0.00 -1 -3.06e-14      0.00 7.104e-01 2.631e-01 4.694e-03 1.284e-03 1.167e-02 -1.000 2.651e-02 5.744 7.846 6.968 6.017 5.422 4.994 4.398 3.922 3.851
0.03 10.000 0.8500000238 2.4350347519    0.850 -0.387  3.7025  4.516    1  0.000  0.536     0.00     0.00 -1 -3.08e-14      0.00 7.105e-01 2.630e-01 4.693e-03 1.283e-03 1.167e-02 -1.000 2.650e-02 5.736 7.830 6.956 6.007 5.413 4.986 4.392 3.917 3.846
0.03 10.000 0.8666538596 2.4399893284    0.866 -0.334  3.7090  4.497    1  0.000  0.536     0.00     0.00 -1 -3.52e-14      0.00 7.123e-01 2.614e-01 4.668e-03 1.276e-03 1.161e-02 -1.000 2.633e-02 5.605 7.570 6.763 5.841 5.270 4.856 4.283 3.827 3.759
0.03 10.000 0.8852385879 2.4452657700    0.885 -0.275  3.7159  4.475    1  0.000  0.536     0.00     0.00 -1 -4.09e-14      0.00 7.142e-01 2.597e-01 4.641e-03 1.269e-03 1.154e-02 -1.000 2.617e-02 5.458 7.293 6.555 5.661 5.113 4.711 4.161 3.724 3.658
0.03 10.000 0.8999999762 2.4492788315    0.899 -0.228  3.7212  4.457    1  0.000  0.536     0.00     0.00 -1 -4.61e-14      0.00 7.156e-01 2.583e-01 4.621e-03 1.264e-03 1.149e-02 -1.000 2.605e-02 5.340 7.079 6.393 5.520 4.988 4.595 4.062 3.640 3.577
0.03 10.000 0.9103641510 2.4520070553    0.910 -0.195  3.7246  4.442    1  0.000  0.536     0.00     0.00 -1 -5.04e-14      0.00 7.169e-01 2.571e-01 4.603e-03 1.259e-03 1.145e-02 -1.000 2.600e-02 5.256 6.934 6.282 5.422 4.901 4.514 3.992 3.578 3.516
0.03 10.000 0.9215605259 2.4548752308    0.921 -0.158  3.7282  4.425    1  0.000  0.536     0.00     0.00 -1 -5.56e-14      0.00 7.182e-01 2.559e-01 4.584e-03 1.254e-03 1.140e-02 -1.000 2.592e-02 5.165 6.780 6.162 5.317 4.806 4.425 3.914 3.510 3.450
0.03 10.000 0.9321982265 2.4575269222    0.931 -0.124  3.7314  4.408    1  0.000  0.536     0.00     0.00 -1  -6.1e-14      0.00 7.194e-01 2.548e-01 4.566e-03 1.249e-03 1.136e-02 -1.000 2.586e-02 5.079 6.637 6.050 5.217 4.716 4.341 3.840 3.444 3.385
0.03 10.000 0.9424473047 2.4600169659    0.942 -0.090  3.7343  4.391    1  0.000  0.536     0.00     0.00 -1 -6.69e-14      0.00 7.205e-01 2.538e-01 4.550e-03 1.245e-03 1.132e-02 -1.000 2.574e-02 4.995 6.504 5.943 5.123 4.630 4.260 3.768 3.378 3.321
0.03 10.000 0.9499999881 2.4618122578    0.949 -0.065  3.7363  4.378    1  0.000  0.536     0.00     0.00 -1 -7.17e-14      0.00 7.213e-01 2.530e-01 4.539e-03 1.242e-03 1.129e-02 -1.000 2.572e-02 4.934 6.409 5.866 5.054 4.567 4.200 3.714 3.329 3.273
0.03 10.000 0.9521710873 2.4623222351    0.952 -0.058  3.7368  4.374    1  0.000  0.536     0.00     0.00 -1 -7.31e-14      0.00 7.216e-01 2.527e-01 4.535e-03 1.241e-03 1.129e-02 -1.000 2.571e-02 4.916 6.382 5.844 5.034 4.549 4.182 3.698 3.315 3.259
0.03 10.000 0.9618244171 2.4645581245    0.961 -0.027  3.7389  4.355    1  0.000  0.536     0.00     0.00 -1 -7.99e-14      0.00 7.228e-01 2.516e-01 4.518e-03 1.236e-03 1.125e-02 -1.000 2.556e-02 4.837 6.266 5.749 4.948 4.469 4.106 3.628 3.250 3.195
0.03 10.000 0.9711006880 2.4666583538    0.971  0.003  3.7407  4.337    1  0.000  0.536     0.00     0.00 -1 -8.71e-14      0.00 7.237e-01 2.508e-01 4.505e-03 1.232e-03 1.122e-02 -1.000 2.550e-02 4.761 6.160 5.660 4.866 4.392 4.032 3.560 3.186 3.132
0.03 10.000 0.9860205054 2.4699413776    0.986  0.055  3.7435  4.303    1  0.000  0.536     0.00     0.00 -1 -1.01e-13      0.00 7.243e-01 2.502e-01 4.497e-03 1.230e-03 1.119e-02 -1.000 2.546e-02 4.632 5.980 5.510 4.727 4.263 3.907 3.443 3.076 3.023
0.03 10.000 0.9938258529 2.4716138840    0.994  0.083  3.7449  4.284    1  0.000  0.536     0.00     0.00 -1  -1.1e-13      0.00 7.240e-01 2.505e-01 4.503e-03 1.232e-03 1.120e-02 -1.000 2.555e-02 4.563 5.885 5.430 4.653 4.193 3.840 3.380 3.015 2.964
0.03 10.000 1.0000000000 2.4729156494    1.000  0.106  3.7458  4.267    1  0.000  0.536     0.00     0.00 -1 -1.18e-13      0.00 7.234e-01 2.510e-01 4.512e-03 1.234e-03 1.123e-02 -1.000 2.561e-02 4.506 5.812 5.366 4.593 4.136 3.784 3.326 2.964 2.913
0.03 10.000 1.0021952391 2.4733738899    1.002  0.114  3.7461  4.261    1  0.000  0.536     0.00     0.00 -1  -1.2e-13      0.00 7.232e-01 2.512e-01 4.515e-03 1.235e-03 1.124e-02 -1.000 2.562e-02 4.485 5.785 5.343 4.571 4.115 3.764 3.307 2.945 2.895
0.03 10.000 1.0133290291 2.4756636620    1.013  0.157  3.7471  4.227    1  0.000  0.536     0.00     0.00 -1 -1.35e-13      0.00 7.218e-01 2.525e-01 4.539e-03 1.242e-03 1.130e-02 -1.000 2.573e-02 4.377 5.658 5.227 4.460 4.007 3.657 3.203 2.844 2.794
0.03 10.000 1.0220094919 2.4774088860    1.021  0.192  3.7473  4.196    1  0.000  0.536     0.00     0.00 -1 -1.49e-13      0.00 7.206e-01 2.536e-01 4.559e-03 1.247e-03 1.135e-02 -1.000 2.580e-02 4.290 5.565 5.138 4.372 3.921 3.571 3.117 2.759 2.708
0.03 10.000 1.0300624371 2.4789979458    1.029  0.225  3.7469  4.165    1  0.000  0.535     0.00     0.00 -1 -1.64e-13      0.00 7.189e-01 2.551e-01 4.587e-03 1.255e-03 1.142e-02 -1.000 2.602e-02 4.207 5.487 5.058 4.290 3.838 3.488 3.032 2.673 2.622
0.03 10.000 1.0326174498 2.4794960022    1.032  0.236  3.7466  4.154    1  0.000  0.536     0.00     0.00 -1  -1.7e-13      0.00 7.173e-01 2.565e-01 4.614e-03 1.263e-03 1.149e-02 -1.000 2.617e-02 4.180 5.464 5.033 4.265 3.812 3.461 3.005 2.644 2.594
0.03 10.000 1.0370146036 2.4803469181    1.036  0.255  3.7456  4.133    2  0.000  0.536     0.00     0.00 -1  -1.8e-13      0.00 7.153e-01 2.583e-01 4.646e-03 1.271e-03 1.157e-02 -1.000 2.632e-02 4.133 5.432 4.993 4.221 3.766 3.413 2.954 2.591 2.540
0.03 10.000 1.0456601381 2.4819958210    1.045  0.291  3.7425  4.088    2  0.000  0.535     0.00     0.00 -1 -2.02e-13      0.00 7.103e-01 2.630e-01 4.727e-03 1.294e-03 1.177e-02 -1.000 2.673e-02 4.042 5.387 4.923 4.139 3.677 3.319 2.850 2.479 2.427
0.03 10.000 1.0499999523 2.4828116894    1.049  0.308  3.7391  4.060    2  0.000  0.535     0.00     0.00 -1 -2.15e-13      0.00 7.065e-01 2.665e-01 4.785e-03 1.309e-03 1.192e-02 -1.000 2.706e-02 4.001 5.397 4.905 4.109 3.638 3.274 2.795 2.415 2.361
0.03 10.000 1.0532792807 2.4834229946    1.052  0.320  3.7362  4.037    2  0.000  0.536     0.00     0.00 -1 -2.26e-13      0.00 7.035e-01 2.692e-01 4.831e-03 1.322e-03 1.203e-02 -1.000 2.732e-02 3.970 5.409 4.895 4.088 3.610 3.241 2.752 2.365 2.311
0.03 10.000 1.0589429140 2.4844686985    1.058  0.334  3.7271  3.989    2  0.000  0.536     0.00     0.00 -1 -2.44e-13      0.00 6.965e-01 2.756e-01 4.932e-03 1.349e-03 1.227e-02 -1.000 2.790e-02 3.934 5.514 4.927 4.084 3.584 3.200 2.681 2.271 2.212
0.03 10.000 1.0620290041 2.4850330353    1.061  0.335  3.7183  3.954    2  0.000  0.536     0.00     0.00 -1 -2.54e-13      0.00 6.915e-01 2.802e-01 5.000e-03 1.367e-03 1.243e-02 -1.000 2.829e-02 3.932 5.656 4.994 4.117 3.593 3.194 2.646 2.213 2.150
0.03 10.000 1.0640410185 2.4853990078    1.063  0.333  3.7101  3.923    2  0.000  0.537     0.00     0.00 -1 -2.61e-13      0.00 6.878e-01 2.837e-01 5.051e-03 1.381e-03 1.255e-02 -1.000 2.856e-02 3.936 5.801 5.065 4.156 3.610 3.196 2.622 2.166 2.099
0.03 10.000 1.0658395290 2.4857246876    1.064  0.337  3.7014  3.886    2  0.000  0.537     0.00     0.00 -1 -2.73e-13      0.00 6.844e-01 2.869e-01 5.096e-03 1.393e-03 1.266e-02 -1.000 2.874e-02 3.927 5.950 5.132 4.188 3.616 3.187 2.582 2.102 2.032
0.03 10.000 1.0676227808 2.4860465527    1.066  0.358  3.6936  3.834    2  0.000  0.537     0.00     0.00 -1 -3.02e-13      0.00 6.809e-01 2.902e-01 5.136e-03 1.403e-03 1.276e-02 -1.000 2.893e-02 3.874 6.047 5.154 4.177 3.581 3.135 2.504 2.001 1.927
0.03 10.000 1.0691778660 2.4863259792    1.068  0.391  3.6880  3.780    2  0.000  0.537     0.00     0.00 -1 -3.45e-13      0.00 6.776e-01 2.932e-01 5.168e-03 1.412e-03 1.283e-02 -1.000 2.914e-02 3.792 6.072 5.126 4.126 3.512 3.055 2.404 1.885 1.807
0.03 10.000 1.0698525906 2.4864470959    1.0685  0.412  3.6863  3.752    3  0.000  0.537     0.00     0.00 -1 -3.74e-13      0.00 6.761e-01 2.946e-01 5.178e-03 1.416e-03 1.286e-02 -1.000 2.924e-02 3.739 6.050 5.088 4.082 3.464 3.003 2.345 1.821 1.743
0.03 10.000 1.0711585283 2.4866807461    1.070  0.460  3.6837  3.694    3  0.000  0.536     0.00     0.00 -1 -4.43e-13      0.00 6.730e-01 2.976e-01 5.184e-03 1.426e-03 1.291e-02 -1.000 2.935e-02 3.621 5.981 4.996 3.979 3.354 2.887 2.220 1.687 1.607
0.03 10.000 1.0721950531 2.4868657589    1.071  0.502  3.6821  3.645    3  0.000  0.531     0.00     0.00 -1 -5.16e-13      0.00 6.702e-01 3.005e-01 5.153e-03 1.454e-03 1.294e-02 -1.000 2.938e-02 3.514 5.901 4.904 3.880 3.251 2.781 2.108 1.570 1.489
0.03 10.000 1.0731486082 2.4870357513    1.072  0.546  3.6808  3.598    3  0.000  0.521     0.00     0.00 -1 -6.01e-13      0.00 6.672e-01 3.033e-01 5.070e-03 1.529e-03 1.296e-02 -1.000 2.953e-02 3.406 5.813 4.807 3.779 3.147 2.675 1.996 1.454 1.373
0.03 10.000 1.0740573406 2.4871971607    1.073  0.590  3.6796  3.549    3  0.000  0.507     0.00     0.00 -1 -7.03e-13      0.00 6.644e-01 3.060e-01 4.942e-03 1.667e-03 1.298e-02 -1.000 2.956e-02 3.295 5.721 4.706 3.673 3.040 2.565 1.882 1.336 1.255
0.03 10.000 1.0748975277 2.4873464108    1.073  0.634  3.6786  3.501    3  0.000  0.491     0.00     0.00 -1 -8.22e-13      0.00 6.617e-01 3.087e-01 4.784e-03 1.860e-03 1.300e-02 -1.000 2.964e-02 3.184 5.628 4.605 3.568 2.933 2.456 1.768 1.220 1.137
0.03 10.000 1.0756236315 2.4874749184    1.074  0.675  3.6776  3.457    3  0.000  0.478     0.00     0.00 -1 -9.49e-13      0.00 6.594e-01 3.109e-01 4.663e-03 2.014e-03 1.302e-02 -1.000 2.965e-02 3.083 5.547 4.515 3.472 2.835 2.355 1.664 1.112 1.029
0.03 10.000 1.0763564110 2.4876046181    1.075  0.719  3.6765  3.408    3  0.000  0.467     0.00     0.00 -1 -1.11e-12      0.00 6.574e-01 3.129e-01 4.567e-03 2.139e-03 1.303e-02 -1.000 2.967e-02 2.972 5.460 4.417 3.368 2.727 2.245 1.549 0.994 0.911
0.03 10.000 1.0769952536 2.4877173901    1.075  0.761  3.6753  3.362    3  0.000  0.460     0.00     0.00 -1 -1.29e-12      0.00 6.558e-01 3.144e-01 4.501e-03 2.223e-03 1.303e-02 -1.000 2.974e-02 2.867 5.381 4.326 3.270 2.627 2.141 1.441 0.883 0.799
0.03 10.000 1.0775871277 2.4878218174    1.076  0.802  3.6741  3.316    3  0.000  0.455     0.00     0.00 -1 -1.49e-12      0.00 6.545e-01 3.158e-01 4.449e-03 2.291e-03 1.304e-02 -1.000 2.976e-02 2.764 5.303 4.236 3.173 2.527 2.039 1.334 0.772 0.687
0.03 10.000 1.0781743526 2.4879252911    1.076  0.847  3.6728  3.266    3  0.000  0.451     0.00     0.00 -1 -1.75e-12      0.00 6.533e-01 3.168e-01 4.408e-03 2.343e-03 1.304e-02 -1.000 2.981e-02 2.652 5.220 4.139 3.069 2.419 1.928 1.217 0.652 0.566
0.03 10.000 1.0786697865 2.4880125523    1.077  0.888  3.6715  3.220    3  0.000  0.448     0.00     0.00 -1 -2.02e-12      0.00 6.526e-01 3.176e-01 4.383e-03 2.376e-03 1.305e-02 -1.000 2.981e-02 2.550 5.147 4.052 2.975 2.321 1.827 1.111 0.542 0.455
0.03 10.000 1.0792762041 2.4881191254    1.078  0.943  3.6695  3.158    3  0.000  0.445     0.00     0.00 -1 -2.45e-12      0.00 6.518e-01 3.184e-01 4.357e-03 2.409e-03 1.305e-02 -1.000 2.980e-02 2.413 5.053 3.938 2.850 2.191 1.692 0.969 0.394 0.306
0.03 10.000 1.0798035860 2.4882116318    1.078  0.996  3.6675  3.097    3  0.000  0.444     0.00     0.00 -1 -2.98e-12      0.00 6.514e-01 3.188e-01 4.344e-03 2.427e-03 1.305e-02 -1.000 2.980e-02 2.280 4.964 3.828 2.730 2.065 1.561 0.829 0.249 0.160
0.03 10.000 1.0801689625 2.4882757664    1.078  1.036  3.6660  3.051    3  0.000  0.443     0.00     0.00 -1 -3.44e-12      0.00 6.512e-01 3.190e-01 4.339e-03 2.434e-03 1.305e-02 -1.000 2.980e-02 2.180 4.900 3.747 2.640 1.971 1.463 0.725 0.139 0.050
0.03 10.000 1.0805152655 2.4883363247    1.079  1.077  3.6643  3.003    3  0.000  0.443     0.00     0.00 -1    -4e-12      0.00 6.511e-01 3.191e-01 4.334e-03 2.439e-03 1.305e-02 -1.000 2.976e-02 2.077 4.836 3.665 2.549 1.874 1.362 0.617 0.027 -0.065
0.03 10.000 1.0809190273 2.4884071350    1.079  1.129  3.6621  2.942    3  0.000  0.443     0.00     0.00 -1 -4.82e-12      0.00 6.511e-01 3.191e-01 4.333e-03 2.441e-03 1.305e-02 -1.000 2.976e-02 1.947 4.757 3.560 2.433 1.752 1.234 0.481 -0.116 -0.209
0.03 10.000 1.0812773705 2.4884698391    1.079  1.180  3.6597  2.882    3  0.000  0.442     0.00     0.00 -1  -5.8e-12      0.00 6.511e-01 3.192e-01 4.332e-03 2.443e-03 1.306e-02 -1.000 2.976e-02 1.821 4.684 3.461 2.322 1.634 1.110 0.348 -0.256 -0.351
0.03 10.000 1.0816116333 2.4885282516    1.080  1.232  3.6573  2.821    3  0.000  0.442     0.00     0.00 -1 -7.01e-12      0.00 6.511e-01 3.192e-01 4.331e-03 2.443e-03 1.306e-02 -1.000 2.976e-02 1.691 4.613 3.361 2.210 1.515 0.984 0.212 -0.399 -0.496
0.03 10.000 1.0819061995 2.4885797501    1.080  1.281  3.6549  2.762    3  0.000  0.442     0.00     0.00 -1  -8.4e-12      0.00 6.511e-01 3.192e-01 4.331e-03 2.444e-03 1.306e-02 -1.000 2.976e-02 1.567 4.550 3.268 2.104 1.401 0.864 0.082 -0.537 -0.635
0.03 10.000 1.0821863413 2.4886286259    1.080  1.331  3.6524  2.702    3  0.000  0.442     0.00     0.00 -1 -1.01e-11      0.00 6.511e-01 3.192e-01 4.330e-03 2.445e-03 1.306e-02 -1.000 2.976e-02 1.442 4.486 3.173 1.997 1.286 0.741 -0.051 -0.677 -0.777
0.03 10.000 1.0824489594 2.4886744022    1.080  1.379  3.6499  2.644    3  0.000  0.442     0.00     0.00 -1 -1.21e-11      0.00 6.510e-01 3.192e-01 4.330e-03 2.446e-03 1.306e-02 -1.000 2.977e-02 1.322 4.428 3.084 1.895 1.176 0.625 -0.177 -0.811 -0.914
0.03 10.000 1.0827529430 2.4887273312    1.080  1.424  3.6476  2.590    3  0.000  0.442     0.00     0.00 -1 -1.42e-11      0.00 6.510e-01 3.192e-01 4.329e-03 2.446e-03 1.306e-02 -1.000 2.977e-02 1.211 4.375 3.002 1.802 1.076 0.517 -0.294 -0.935 -1.039
0.03 10.000 1.0828734636 2.4887485504    1.080  1.437  3.6470  2.575    3  0.000  0.442     0.00     0.00 -1  -1.5e-11      0.00 6.510e-01 3.192e-01 4.329e-03 2.447e-03 1.306e-02 -1.000 2.977e-02 1.178 4.359 2.978 1.775 1.047 0.486 -0.328 -0.970 -1.076
0.03 10.000 1.0830457211 2.4887783527    1.080  1.408  3.6489  2.611    3  0.000  0.442     0.00     0.00 -1 -1.36e-11      0.00 6.510e-01 3.192e-01 4.329e-03 2.447e-03 1.306e-02 -1.000 2.977e-02 1.251 4.382 3.026 1.832 1.110 0.556 -0.250 -0.887 -0.991
0.03 10.000 1.0831903219 2.4888036251    1.080  1.376  3.6509  2.652    3  0.000  0.442     0.00     0.00 -1 -1.21e-11      0.00 6.510e-01 3.192e-01 4.328e-03 2.448e-03 1.306e-02 -1.000 2.977e-02 1.330 4.410 3.079 1.895 1.180 0.632 -0.166 -0.796 -0.898
0.03 10.000 1.0832301378 2.4888105392    1.081  1.364  3.6517  2.666    3  0.000  0.442     0.00     0.00 -1 -1.16e-11      0.00 6.510e-01 3.192e-01 4.328e-03 2.448e-03 1.306e-02 -1.000 2.977e-02 1.360 4.421 3.099 1.919 1.207 0.660 -0.134 -0.763 -0.864
0.03 10.000 1.0832796097 2.4888191223    1.081  1.377  3.6510  2.651    3  0.000  0.442     0.00     0.00 -1  -1.2e-11      0.00 6.510e-01 3.192e-01 4.328e-03 2.448e-03 1.306e-02 -1.000 2.977e-02 1.328 4.407 3.077 1.893 1.178 0.630 -0.168 -0.798 -0.900
0.03 10.000 1.0834863186 2.4888551235    1.081  1.425  3.6483  2.592    3  0.000  0.442     0.00     0.00 -1 -1.42e-11      0.00 6.510e-01 3.192e-01 4.328e-03 2.448e-03 1.306e-02 -1.000 2.977e-02 1.207 4.353 2.989 1.792 1.069 0.512 -0.296 -0.934 -1.039
0.03 10.000 1.0836937428 2.4888913631    1.081  1.475  3.6455  2.531    3  0.000  0.442     0.00     0.00 -1 -1.71e-11      0.00 6.510e-01 3.192e-01 4.327e-03 2.449e-03 1.306e-02 -1.000 2.977e-02 1.083 4.299 2.900 1.690 0.958 0.392 -0.427 -1.074 -1.181
0.03 10.000 1.0838848352 2.4889245033    1.081  1.524  3.6428  2.471    3  0.000  0.442     0.00     0.00 -1 -2.05e-11      0.00 6.510e-01 3.192e-01 4.327e-03 2.449e-03 1.306e-02 -1.000 2.977e-02 0.960 4.257 2.817 1.590 0.849 0.274 -0.557 -1.212 -1.321
0.03 10.000 1.0840568542 2.4889545441    1.081  1.571  3.6400  2.412    3  0.000  0.442     0.00     0.00 -1 -2.45e-11      0.00 6.510e-01 3.192e-01 4.327e-03 2.450e-03 1.306e-02 -1.000 2.977e-02 0.841 4.227 2.742 1.495 0.742 0.158 -0.684 -1.346 -1.458
0.03 10.000 1.0842174292 2.4889824390    1.081  1.620  3.6371  2.352    3  0.000  0.442     0.00     0.00 -1 -2.93e-11      0.00 6.510e-01 3.192e-01 4.327e-03 2.450e-03 1.306e-02 -1.000 2.977e-02 0.720 4.196 2.667 1.400 0.638 0.041 -0.813 -1.482 -1.597
0.03 10.000 1.0843625069 2.4890074730    1.081  1.667  3.6342  2.293    3  0.000  0.442     0.00     0.00 -1  -3.5e-11      0.00 6.510e-01 3.192e-01 4.326e-03 2.451e-03 1.306e-02 -1.000 2.977e-02 0.602 4.171 2.595 1.309 0.536 -0.073 -0.939 -1.617 -1.734
0.03 10.000 1.0844923258 2.4890301228    1.081  1.714  3.6313  2.235    3  0.000  0.442     0.00     0.00 -1 -4.17e-11      0.00 6.510e-01 3.192e-01 4.326e-03 2.451e-03 1.306e-02 -1.000 2.977e-02 0.486 4.146 2.525 1.219 0.435 -0.185 -1.063 -1.748 -1.868
0.03 10.000 1.0846133232 2.4890511036    1.081  1.761  3.6283  2.176    3  0.000  0.442     0.00     0.00 -1 -4.97e-11      0.00 6.510e-01 3.192e-01 4.326e-03 2.451e-03 1.306e-02 -1.000 2.977e-02 0.368 4.123 2.457 1.131 0.337 -0.298 -1.189 -1.881 -2.005
0.03 10.000 1.0847221613 2.4890699387    1.081  1.807  3.6253  2.118    3  0.000  0.442     0.00     0.00 -1 -5.91e-11      0.00 6.510e-01 3.192e-01 4.326e-03 2.452e-03 1.306e-02 -1.000 2.977e-02 0.253 4.100 2.391 1.047 0.243 -0.408 -1.311 -2.011 -2.138
0.03 10.000 1.0848228931 2.4890875816    1.081  1.853  3.6223  2.060    3  0.000  0.442     0.00     0.00 -1 -7.03e-11      0.00 6.510e-01 3.192e-01 4.325e-03 2.452e-03 1.306e-02 -1.000 2.977e-02 0.138 4.079 2.325 0.962 0.148 -0.519 -1.435 -2.143 -2.272
0.03 10.000 1.0849126577 2.4891030788    1.080  1.898  3.6192  2.002    3  0.000  0.442     0.00     0.00 -1 -8.34e-11      0.00 6.510e-01 3.192e-01 4.325e-03 2.452e-03 1.306e-02 -1.000 2.977e-02 0.025 4.062 2.263 0.882 0.057 -0.627 -1.555 -2.271 -2.404
0.03 10.000 1.0849951506 2.4891173840    1.080  1.943  3.6161  1.945    3  0.000  0.442     0.00     0.00 -1 -9.88e-11      0.00 6.510e-01 3.192e-01 4.325e-03 2.452e-03 1.306e-02 -1.000 2.977e-02 -0.088 4.008 2.200 0.801 -0.029 -0.731 -1.675 -2.393 -2.532
0.03 10.000 1.0850718021 2.4891307354    1.080  1.989  3.6129  1.887    3  0.000  0.442     0.00     0.00 -1 -1.17e-10      0.00 6.510e-01 3.192e-01 4.325e-03 2.453e-03 1.306e-02 -1.000 2.977e-02 -0.201 3.952 2.137 0.718 -0.117 -0.836 -1.795 -2.516 -2.662
0.03 10.000 1.0851396322 2.4891424179    1.080  2.033  3.6098  1.830    3  0.000  0.442     0.00     0.00 -1 -1.39e-10      0.00 6.510e-01 3.192e-01 4.325e-03 2.453e-03 1.306e-02 -1.000 2.977e-02 -0.311 3.897 2.076 0.640 -0.202 -0.937 -1.911 -2.635 -2.787
0.03 10.000 1.0852023363 2.4891533852    1.080  2.077  3.6066  1.773    3  0.000  0.442     0.00     0.00 -1 -1.64e-10      0.00 6.510e-01 3.193e-01 4.325e-03 2.453e-03 1.306e-02 -1.000 2.977e-02 -0.421 3.833 2.015 0.566 -0.282 -1.037 -2.028 -2.754 -2.914
0.03 10.000 1.0852593184 2.4891631603    1.079  2.120  3.6033  1.716    3  0.000  0.442     0.00     0.00 -1 -1.94e-10      0.00 6.510e-01 3.193e-01 4.325e-03 2.453e-03 1.306e-02 -1.000 2.977e-02 -0.530 3.771 1.957 0.496 -0.361 -1.134 -2.144 -2.872 -3.040
0.03 10.000 1.0853110552 2.4891722202    1.079  2.162  3.6001  1.661    3  0.000  0.442     0.00     0.00 -1 -2.28e-10      0.00 6.510e-01 3.193e-01 4.324e-03 2.453e-03 1.306e-02 -1.000 2.977e-02 -0.636 3.710 1.900 0.426 -0.440 -1.229 -2.256 -2.988 -3.163
0.03 10.000 1.0853594542 2.4891805649    1.079  2.205  3.5969  1.605    3  0.000  0.442     0.00     0.00 -1 -2.68e-10      0.00 6.510e-01 3.193e-01 4.324e-03 2.453e-03 1.306e-02 -1.000 2.977e-02 -0.744 3.637 1.843 0.362 -0.515 -1.324 -2.371 -3.105 -3.288
0.03 10.000 1.0854032040 2.4891881943    1.078  2.247  3.5935  1.549    3  0.000  0.442     0.00     0.00 -1 -3.16e-10      0.00 6.510e-01 3.193e-01 4.324e-03 2.454e-03 1.306e-02 -1.000 2.977e-02 -0.849 3.570 1.792 0.303 -0.586 -1.415 -2.483 -3.221 -3.412
0.03 10.000 1.0854433775 2.4891951084    1.078  2.289  3.5901  1.494    3  0.000  0.442     0.00     0.00 -1  -3.7e-10      0.00 6.510e-01 3.193e-01 4.324e-03 2.454e-03 1.306e-02 -1.000 2.977e-02 -0.952 3.507 1.741 0.244 -0.660 -1.505 -2.593 -3.336 -3.535
0.03 10.000 1.0854808092 2.4892015457    1.077  2.331  3.5868  1.439    3  0.000  0.442     0.00     0.00 -1 -4.35e-10      0.00 6.510e-01 3.193e-01 4.324e-03 2.454e-03 1.306e-02 -1.000 2.977e-02 -1.057 3.486 1.705 0.203 -0.719 -1.599 -2.708 -3.458 -3.661
0.03 10.000 1.0855141878 2.4892075062    1.077  2.371  3.5833  1.385    3  0.000  0.442     0.00     0.00 -1 -5.08e-10      0.00 6.510e-01 3.193e-01 4.324e-03 2.454e-03 1.306e-02 -1.000 2.977e-02 -1.157 3.474 1.678 0.171 -0.769 -1.686 -2.818 -3.576 -3.785
0.03 10.000 1.0855451822 2.4892127514    1.076  2.411  3.5799  1.331    3  0.000  0.441     0.00     0.00 -1 -5.94e-10      0.00 6.510e-01 3.193e-01 4.324e-03 2.454e-03 1.306e-02 -1.000 2.977e-02 -1.257 3.460 1.651 0.137 -0.820 -1.774 -2.928 -3.693 -3.907
0.03 10.000 1.0855745077 2.4892179966    1.076  2.451  3.5765  1.276    3  0.000  0.441     0.00     0.00 -1 -6.95e-10      0.00 6.510e-01 3.193e-01 4.324e-03 2.454e-03 1.306e-02 -1.000 2.977e-02 -1.358 3.439 1.632 0.120 -0.860 -1.860 -3.040 -3.811 -4.031
0.03 10.000 1.0856007338 2.4892225266    1.075  2.490  3.5729  1.223    3  0.000  0.441     0.00     0.00 -1 -8.09e-10      0.00 6.510e-01 3.193e-01 4.324e-03 2.454e-03 1.306e-02 -1.000 2.977e-02 -1.455 3.424 1.620 0.109 -0.894 -1.941 -3.149 -3.927 -4.152
0.03 10.000 1.0856246948 2.4892265797    1.074  2.528  3.5693  1.170    3  0.000  0.441     0.00     0.00 -1 -9.41e-10      0.00 6.510e-01 3.193e-01 4.324e-03 2.454e-03 1.306e-02 -1.000 2.977e-02 -1.551 3.412 1.614 0.105 -0.922 -2.018 -3.255 -4.041 -4.272
0.03 10.000 1.0856469870 2.4892303944    1.074  2.566  3.5658  1.118    3  0.000  0.441     0.00     0.00 -1 -1.09e-09      0.00 6.510e-01 3.193e-01 4.324e-03 2.454e-03 1.306e-02 -1.000 2.977e-02 -1.645 3.395 1.616 0.115 -0.941 -2.090 -3.361 -4.153 -4.390
0.03 10.000 1.0856683254 2.4892342091    1.073  2.605  3.5622  1.064    3  0.000  0.441     0.00     0.00 -1 -1.27e-09      0.00 6.510e-01 3.193e-01 4.324e-03 2.454e-03 1.306e-02 -1.000 2.977e-02 -1.742 3.379 1.621 0.127 -0.959 -2.164 -3.470 -4.269 -4.510
0.03 10.000 1.0856916904 2.4892382622    1.072  2.651  3.5577  1.000    3  0.000  0.441     0.00     0.00 -1 -1.52e-09      0.00 6.510e-01 3.193e-01 4.324e-03 2.454e-03 1.306e-02 -1.000 2.977e-02 -1.857 3.364 1.644 0.165 -0.965 -2.243 -3.599 -4.406 -4.655
0.03 10.000 1.0857133865 2.4892420769    1.071  2.696  3.5531  0.936    3  0.000  0.441     0.00     0.00 -1 -1.82e-09      0.00 6.510e-01 3.193e-01 4.324e-03 2.454e-03 1.306e-02 -1.000 2.977e-02 -1.970 3.352 1.685 0.222 -0.958 -2.314 -3.728 -4.543 -4.800
0.03 10.000 1.0857329369 2.4892454147    1.069  2.740  3.5485  0.873    3  0.000  0.441     0.00     0.00 -1 -2.18e-09      0.00 6.510e-01 3.193e-01 4.324e-03 2.454e-03 1.306e-02 -1.000 2.977e-02 -2.081 3.342 1.736 0.293 -0.943 -2.376 -3.855 -4.676 -4.941
0.03 10.000 1.0857508183 2.4892485142    1.068  2.784  3.5439  0.810    3  0.000  0.441     0.00     0.00 -1 -2.59e-09      0.00 6.510e-01 3.193e-01 4.324e-03 2.454e-03 1.306e-02 -1.000 2.977e-02 -2.189 3.334 1.808 0.387 -0.912 -2.424 -3.979 -4.807 -5.080
0.03 10.000 1.0857676268 2.4892513752    1.066  2.827  3.5392  0.747    3  0.000  0.441     0.00     0.00 -1 -3.09e-09      0.00 6.510e-01 3.193e-01 4.324e-03 2.454e-03 1.306e-02 -1.000 2.977e-02 -2.298 3.326 1.886 0.489 -0.878 -2.469 -4.103 -4.938 -5.220
0.03 10.000 1.0857827663 2.4892539978    1.065  2.869  3.5345  0.686    3  0.000  0.441     0.00     0.00 -1 -3.67e-09      0.00 6.510e-01 3.193e-01 4.324e-03 2.455e-03 1.306e-02 -1.000 2.977e-02 -2.404 3.319 1.985 0.615 -0.828 -2.489 -4.225 -5.066 -5.357
0.03 10.000 1.0857969522 2.4892563820    1.063  2.911  3.5298  0.625    3  0.000  0.441     0.00     0.00 -1 -4.35e-09      0.00 6.510e-01 3.193e-01 4.324e-03 2.455e-03 1.306e-02 -1.000 2.977e-02 -2.508 3.313 2.085 0.743 -0.777 -2.509 -4.345 -5.192 -5.492
0.03 10.000 1.0858099461 2.4892587662    1.061  2.952  3.5251  0.564    3  0.000  0.441     0.00     0.00 -1 -5.16e-09      0.00 6.510e-01 3.193e-01 4.324e-03 2.455e-03 1.306e-02 -1.000 2.977e-02 -2.611 3.311 2.224 0.915 -0.696 -2.490 -4.462 -5.315 -5.626
0.03 10.000 1.0858222246 2.4892609119    1.058  2.993  3.5203  0.503    3  0.000  0.441     0.00     0.00 -1  -6.1e-09      0.00 6.510e-01 3.193e-01 4.323e-03 2.455e-03 1.306e-02 -1.000 2.977e-02 -2.712 3.311 2.364 1.087 -0.614 -2.470 -4.578 -5.438 -5.759
0.03 10.000 1.0858334303 2.4892628193    1.056  3.032  3.5156  0.444    3  0.000  0.441     0.00     0.00 -1 -7.19e-09      0.00 6.510e-01 3.193e-01 4.323e-03 2.455e-03 1.306e-02 -1.000 2.977e-02 -2.811 3.309 2.526 1.301 -0.503 -2.416 -4.691 -5.558 -5.888
0.03 10.000 1.0858438015 2.4892644882    1.053  3.071  3.5108  0.385    3  0.000  0.441     0.00     0.00 -1 -8.46e-09      0.00 6.510e-01 3.193e-01 4.323e-03 2.455e-03 1.306e-02 -1.000 2.977e-02 -2.908 3.312 2.700 1.529 -0.380 -2.353 -4.801 -5.675 -6.015
0.03 10.000 1.0858533382 2.4892661572    1.050  3.109  3.5060  0.326    3  0.000  0.441     0.00     0.00 -1 -9.94e-09      0.00 6.510e-01 3.193e-01 4.323e-03 2.455e-03 1.306e-02 -1.000 2.977e-02 -3.003 3.312 2.854 1.720 -0.276 -2.294 -4.909 -5.791 -6.140
0.03 10.000 1.0858622789 2.4892678261    1.047  3.146  3.5012  0.269    3  0.000  0.441     0.00     0.00 -1 -1.16e-08      0.00 6.510e-01 3.193e-01 4.323e-03 2.455e-03 1.306e-02 -1.000 2.977e-02 -3.095 3.314 3.008 1.908 -0.172 -2.232 -5.014 -5.904 -6.262
0.03 10.000 1.0858706236 2.4892692566    1.044  3.182  3.4964  0.212    3  0.000  0.441     0.00     0.00 -1 -1.36e-08      0.00 6.510e-01 3.193e-01 4.323e-03 2.455e-03 1.306e-02 -1.000 2.977e-02 -3.186 3.317 3.149 2.061 -0.081 -2.170 -5.116 -6.015 -6.382
0.03 10.000 1.0858784914 2.4892704487    1.040  3.218  3.4916  0.155    3  0.000  0.441     0.00     0.00 -1 -1.59e-08      0.00 6.510e-01 3.193e-01 4.323e-03 2.455e-03 1.306e-02 -1.000 2.977e-02 -3.275 3.325 3.299 2.217 0.019 -2.094 -5.215 -6.124 -6.500
0.03 10.000 1.0858857632 2.4892718792    1.036  3.253  3.4867  0.099    3  0.000  0.441     0.00     0.00 -1 -1.85e-08      0.00 6.510e-01 3.193e-01 4.323e-03 2.455e-03 1.306e-02 -1.000 2.977e-02 -3.362 3.329 3.401 2.290 0.065 -2.059 -5.311 -6.230 -6.615
0.03 10.000 1.0858926773 2.4892730713    1.031  3.288  3.4817  0.042    3  0.000  0.441     0.00     0.00 -1 -2.16e-08      0.00 6.510e-01 3.193e-01 4.323e-03 2.455e-03 1.306e-02 -1.000 2.977e-02 -3.450 3.332 3.484 2.325 0.087 -2.042 -5.408 -6.337 -6.731
0.03 10.000 1.0858992338 2.4892742634    1.026  3.322  3.4768 -0.013    3  0.000  0.441     0.00     0.00 -1  -2.5e-08      0.00 6.510e-01 3.193e-01 4.323e-03 2.455e-03 1.306e-02 -1.000 2.977e-02 -3.534 3.332 3.550 2.346 0.095 -2.041 -5.500 -6.439 -6.840
0.03 10.000 1.0859053135 2.4892752171    1.020  3.354  3.4720 -0.068    3  0.000  0.441     0.00     0.00 -1  -2.9e-08      0.00 6.510e-01 3.193e-01 4.323e-03 2.455e-03 1.306e-02 -1.000 2.977e-02 -3.616 3.333 3.609 2.359 0.094 -2.049 -5.591 -6.538 -6.946
0.03 10.000 1.0859112740 2.4892761707    1.014  3.387  3.4672 -0.122    3  0.000  0.441     0.00     0.00 -1 -3.36e-08      0.00 6.510e-01 3.193e-01 4.323e-03 2.455e-03 1.306e-02 -1.000 2.977e-02 -3.697 3.333 3.657 2.364 0.087 -2.066 -5.680 -6.636 -7.051
0.03 10.000 1.0859152079 2.4892768860    1.010  3.406  3.4644 -0.154    3  0.000  0.441     0.00     0.00 -1 -3.68e-08      0.00 6.510e-01 3.193e-01 4.323e-03 2.455e-03 1.306e-02 -1.000 2.977e-02 -3.745 3.333 3.682 2.365 0.079 -2.080 -5.731 -6.692 -7.111
0.03 10.000 1.0859152079 2.4892768860    1.010  1.658  3.6506  2.339    4  0.000  0.458     0.00     0.00 -1    -1e-30      0.00 6.529e-01 3.174e-01 4.467e-03 2.259e-03 1.302e-02 -1.000 2.972e-02 0.625 3.755 2.394 1.186 0.475 -0.072 -0.876 -1.500 -1.605
0.03 10.000 1.0860203505 2.4892952442    1.010  1.668  3.6499  2.326    4  0.000  0.458     0.00     0.00 -1    -1e-30      0.00 6.528e-01 3.174e-01 4.467e-03 2.259e-03 1.302e-02 -1.000 2.972e-02 0.600 3.752 2.379 1.166 0.452 -0.097 -0.903 -1.530 -1.635
0.03 10.000 1.0861214399 2.4893126488    1.010  1.670  3.6499  2.324    4  0.000  0.458     0.00     0.00 -1    -1e-30      0.00 6.528e-01 3.174e-01 4.467e-03 2.260e-03 1.302e-02 -1.000 2.972e-02 0.594 3.747 2.374 1.161 0.447 -0.103 -0.909 -1.535 -1.640
0.03 10.000 1.0862239599 2.4893302917    1.010  1.668  3.6503  2.327    4  0.000  0.458     0.00     0.00 -1    -1e-30      0.00 6.528e-01 3.174e-01 4.467e-03 2.260e-03 1.302e-02 -1.000 2.972e-02 0.599 3.741 2.374 1.163 0.450 -0.098 -0.903 -1.528 -1.633
0.03 10.000 1.0863287449 2.4893484116    1.010  1.665  3.6508  2.333    4  0.000  0.458     0.00     0.00 -1    -1e-30      0.00 6.528e-01 3.174e-01 4.466e-03 2.260e-03 1.302e-02 -1.000 2.972e-02 0.608 3.735 2.375 1.167 0.457 -0.090 -0.893 -1.516 -1.621
0.03 10.000 1.0864313841 2.4893662930    1.010  1.662  3.6513  2.338    4  0.000  0.458     0.00     0.00 -1    -1e-30      0.00 6.528e-01 3.174e-01 4.466e-03 2.260e-03 1.302e-02 -1.000 2.972e-02 0.616 3.729 2.376 1.172 0.463 -0.082 -0.883 -1.505 -1.609
0.03 10.000 1.0865341425 2.4893839359    1.010  1.658  3.6518  2.344    4  0.000  0.457     0.00     0.00 -1    -1e-30      0.00 6.528e-01 3.174e-01 4.466e-03 2.261e-03 1.302e-02 -1.000 2.972e-02 0.624 3.723 2.378 1.176 0.469 -0.075 -0.873 -1.494 -1.598
0.03 10.000 1.0866359472 2.4894015789    1.010  1.655  3.6523  2.349    4  0.000  0.457     0.00     0.00 -1    -1e-30      0.00 6.528e-01 3.175e-01 4.466e-03 2.261e-03 1.302e-02 -1.000 2.972e-02 0.632 3.718 2.379 1.180 0.475 -0.067 -0.864 -1.483 -1.587
0.03 10.000 1.0867400169 2.4894196987    1.011  1.652  3.6528  2.354    4  0.000  0.457     0.00     0.00 -1    -1e-30      0.00 6.528e-01 3.175e-01 4.466e-03 2.261e-03 1.302e-02 -1.000 2.972e-02 0.640 3.712 2.380 1.184 0.481 -0.060 -0.855 -1.473 -1.576
0.03 10.000 1.0868401527 2.4894368649    1.011  1.649  3.6532  2.358    4  0.000  0.457     0.00     0.00 -1    -1e-30      0.00 6.528e-01 3.175e-01 4.465e-03 2.262e-03 1.302e-02 -1.000 2.972e-02 0.647 3.707 2.381 1.188 0.487 -0.054 -0.847 -1.463 -1.566
0.03 10.000 1.0869438648 2.4894549847    1.011  1.646  3.6537  2.363    4  0.000  0.457     0.00     0.00 -1    -1e-30      0.00 6.528e-01 3.175e-01 4.465e-03 2.262e-03 1.302e-02 -1.000 2.972e-02 0.654 3.702 2.382 1.191 0.492 -0.047 -0.839 -1.454 -1.556
0.03 10.000 1.0870525837 2.4894735813    1.011  1.644  3.6541  2.367    4  0.000  0.457     0.00     0.00 -1    -1e-30      0.00 6.528e-01 3.175e-01 4.465e-03 2.262e-03 1.302e-02 -1.000 2.972e-02 0.660 3.696 2.383 1.194 0.496 -0.042 -0.832 -1.446 -1.548
0.03 10.000 1.0871618986 2.4894926548    1.011  1.642  3.6545  2.371    4  0.000  0.457     0.00     0.00 -1    -1e-30      0.00 6.528e-01 3.175e-01 4.465e-03 2.262e-03 1.302e-02 -1.000 2.972e-02 0.665 3.691 2.383 1.197 0.500 -0.037 -0.825 -1.438 -1.540
0.03 10.000 1.0872702599 2.4895112514    1.011  1.640  3.6548  2.374    4  0.000  0.457     0.00     0.00 -1    -1e-30      0.00 6.528e-01 3.175e-01 4.465e-03 2.263e-03 1.302e-02 -1.000 2.972e-02 0.670 3.686 2.383 1.199 0.503 -0.033 -0.820 -1.431 -1.533
0.03 10.000 1.0872939825 2.4895153046    1.011  1.640  3.6549  2.375    4  0.000  0.457     0.00     0.00 -1    -1e-30      0.00 6.528e-01 3.175e-01 4.465e-03 2.263e-03 1.302e-02 -1.000 2.972e-02 0.671 3.685 2.383 1.199 0.504 -0.032 -0.819 -1.430 -1.531
0.03 10.000 1.0873742104 2.4895291328    1.011  1.639  3.6551  2.377    4  0.000  0.457     0.00     0.00 -1    -1e-30      0.00 6.528e-01 3.175e-01 4.464e-03 2.263e-03 1.302e-02 -1.000 2.972e-02 0.674 3.682 2.383 1.200 0.506 -0.029 -0.815 -1.426 -1.527
0.03 10.000 1.0874766111 2.4895467758    1.012  1.637  3.6554  2.379    4  0.000  0.457     0.00     0.00 -1    -1e-30      0.00 6.528e-01 3.175e-01 4.464e-03 2.263e-03 1.302e-02 -1.000 2.972e-02 0.677 3.677 2.382 1.201 0.508 -0.026 -0.811 -1.421 -1.522
0.03 10.000 1.0875768661 2.4895641804    1.012  1.636  3.6556  2.381    4  0.000  0.457     0.00     0.00 -1    -1e-30      0.00 6.528e-01 3.175e-01 4.464e-03 2.264e-03 1.302e-02 -1.000 2.972e-02 0.679 3.674 2.381 1.202 0.510 -0.024 -0.808 -1.417 -1.518
0.03 10.000 1.0876843929 2.4895827770    1.012  1.636  3.6558  2.383    4  0.000  0.457     0.00     0.00 -1    -1e-30      0.00 6.528e-01 3.175e-01 4.464e-03 2.264e-03 1.302e-02 -1.000 2.972e-02 0.681 3.670 2.381 1.202 0.511 -0.023 -0.806 -1.414 -1.515
0.03 10.000 1.0877878666 2.4896006584    1.012  1.635  3.6560  2.384    4  0.000  0.457     0.00     0.00 -1    -1e-30      0.00 6.528e-01 3.175e-01 4.464e-03 2.264e-03 1.302e-02 -1.000 2.972e-02 0.682 3.666 2.379 1.202 0.511 -0.022 -0.804 -1.412 -1.513
0.03 10.000 1.0878884792 2.4896178246    1.012  1.635  3.6561  2.384    4  0.000  0.457     0.00     0.00 -1    -1e-30      0.00 6.528e-01 3.175e-01 4.463e-03 2.264e-03 1.302e-02 -1.000 2.972e-02 0.682 3.664 2.378 1.201 0.510 -0.022 -0.804 -1.412 -1.513
0.03 10.000 1.0879894495 2.4896354675    1.012  1.636  3.6561  2.384    4  0.000  0.457     0.00     0.00 -1    -1e-30      0.00 6.528e-01 3.175e-01 4.463e-03 2.265e-03 1.302e-02 -1.000 2.972e-02 0.680 3.661 2.376 1.199 0.509 -0.024 -0.806 -1.413 -1.514
0.03 10.000 1.0880389214 2.4896438122    1.012  1.636  3.6562  2.384    4  0.000  0.457     0.00     0.00 -1    -1e-30      0.00 6.528e-01 3.175e-01 4.463e-03 2.265e-03 1.302e-02 -1.000 2.972e-02 0.679 3.660 2.375 1.197 0.508 -0.025 -0.807 -1.414 -1.515
0.03 10.000 1.0881394148 2.4896612167    1.012  1.638  3.6561  2.382    4  0.000  0.457     0.00     0.00 -1    -1e-30      0.00 6.528e-01 3.175e-01 4.463e-03 2.265e-03 1.302e-02 -1.000 2.972e-02 0.676 3.657 2.372 1.194 0.504 -0.028 -0.810 -1.418 -1.519
0.03 10.000 1.0882345438 2.4896776676    1.012  1.640  3.6560  2.380    4  0.000  0.457     0.00     0.00 -1    -1e-30      0.00 6.528e-01 3.175e-01 4.463e-03 2.265e-03 1.302e-02 -1.000 2.972e-02 0.671 3.656 2.368 1.190 0.500 -0.033 -0.815 -1.423 -1.524
0.03 10.000 1.0883324146 2.4896943569    1.013  1.642  3.6559  2.377    4  0.000  0.457     0.00     0.00 -1    -1e-30      0.00 6.528e-01 3.175e-01 4.463e-03 2.266e-03 1.302e-02 -1.000 2.973e-02 0.665 3.654 2.365 1.186 0.495 -0.039 -0.822 -1.430 -1.531
0.03 10.000 1.0884267092 2.4897108078    1.013  1.645  3.6557  2.373    4  0.000  0.457     0.00     0.00 -1    -1e-30      0.00 6.528e-01 3.175e-01 4.462e-03 2.266e-03 1.302e-02 -1.000 2.973e-02 0.658 3.653 2.361 1.180 0.488 -0.046 -0.830 -1.438 -1.539
0.03 10.000 1.0885215998 2.4897270203    1.013  1.648  3.6554  2.369    4  0.000  0.457     0.00     0.00 -1    -1e-30      0.00 6.528e-01 3.175e-01 4.462e-03 2.266e-03 1.302e-02 -1.000 2.973e-02 0.649 3.653 2.356 1.173 0.480 -0.054 -0.839 -1.449 -1.550
0.03 10.000 1.0886162519 2.4897434711    1.013  1.653  3.6550  2.363    4  0.000  0.457     0.00     0.00 -1    -1e-30      0.00 6.528e-01 3.175e-01 4.462e-03 2.266e-03 1.302e-02 -1.000 2.973e-02 0.637 3.652 2.349 1.164 0.470 -0.066 -0.852 -1.463 -1.564
0.03 10.000 1.0887111425 2.4897596836    1.013  1.659  3.6545  2.355    4  0.000  0.457     0.00     0.00 -1    -1e-30      0.00 6.528e-01 3.175e-01 4.462e-03 2.267e-03 1.302e-02 -1.000 2.973e-02 0.623 3.652 2.342 1.154 0.458 -0.079 -0.867 -1.479 -1.581
0.03 10.000 1.0888048410 2.4897758961    1.013  1.665  3.6541  2.347    4  0.000  0.457     0.00     0.00 -1    -1e-30      0.00 6.528e-01 3.175e-01 4.462e-03 2.267e-03 1.302e-02 -1.000 2.973e-02 0.608 3.651 2.334 1.143 0.445 -0.093 -0.884 -1.497 -1.599
0.03 10.000 1.0889035463 2.4897928238    1.013  1.673  3.6534  2.337    4  0.000  0.457     0.00     0.00 -1    -1e-30      0.00 6.528e-01 3.175e-01 4.462e-03 2.267e-03 1.302e-02 -1.000 2.973e-02 0.588 3.650 2.323 1.128 0.427 -0.113 -0.906 -1.521 -1.623
0.03 10.000 1.0889974833 2.4898090363    1.013  1.684  3.6525  2.322    4  0.000  0.457     0.00     0.00 -1    -1e-30      0.00 6.528e-01 3.175e-01 4.461e-03 2.267e-03 1.302e-02 -1.000 2.973e-02 0.561 3.650 2.309 1.108 0.403 -0.139 -0.936 -1.553 -1.657
0.03 10.000 1.0890709162 2.4898216724    1.013  1.686  3.6523  2.319    4  0.000  0.457     0.00     0.00 -1    -1e-30      0.00 6.527e-01 3.175e-01 4.461e-03 2.268e-03 1.302e-02 -1.000 2.973e-02 0.555 3.648 2.305 1.103 0.398 -0.145 -0.942 -1.560 -1.664
0.03 10.000 1.0891623497 2.4898374081    1.014  1.698  3.6513  2.303    4  0.000  0.457     0.00     0.00 -1    -1e-30      0.00 6.527e-01 3.175e-01 4.461e-03 2.268e-03 1.302e-02 -1.000 2.973e-02 0.526 3.649 2.290 1.081 0.373 -0.173 -0.974 -1.595 -1.700
0.03 10.000 1.0892587900 2.4898538589    1.014  1.734  3.6481  2.254    4  0.000  0.457     0.00     0.00 -1    -1e-30      0.00 6.527e-01 3.175e-01 4.461e-03 2.268e-03 1.302e-02 -1.000 2.973e-02 0.434 3.654 2.246 1.016 0.295 -0.261 -1.074 -1.704 -1.812
0.03 10.000 1.0893124342 2.4898631573    1.014  1.772  3.6448  2.203    4  0.000  0.457     0.00     0.00 -1    -1e-30      0.00 6.527e-01 3.175e-01 4.461e-03 2.268e-03 1.302e-02 -1.000 2.973e-02 0.339 3.659 2.200 0.949 0.214 -0.351 -1.178 -1.817 -1.928
0.03 10.000 1.0893428326 2.4898684025    1.014  1.810  3.6414  2.152    4  0.000  0.457     0.00     0.00 -1    -1e-30      0.00 6.527e-01 3.175e-01 4.461e-03 2.268e-03 1.302e-02 -1.000 2.973e-02 0.244 3.665 2.155 0.881 0.134 -0.442 -1.282 -1.930 -2.044
0.03 10.000 1.0893605947 2.4898715019    1.014  1.848  3.6381  2.100    4  0.000  0.457     0.00     0.00 -1    -1e-30      0.00 6.527e-01 3.175e-01 4.461e-03 2.268e-03 1.302e-02 -1.000 2.973e-02 0.149 3.671 2.110 0.815 0.055 -0.533 -1.386 -2.044 -2.160
0.03 10.000 1.0893713236 2.4898731709    1.014  1.887  3.6348  2.048    4  0.000  0.457     0.00     0.00 -1    -1e-30      0.00 6.527e-01 3.175e-01 4.461e-03 2.269e-03 1.302e-02 -1.000 2.973e-02 0.052 3.677 2.065 0.749 -0.024 -0.624 -1.492 -2.159 -2.278
0.03 10.000 1.0893774033 2.4898743629    1.014  1.925  3.6315  1.997    4  0.000  0.457     0.00     0.00 -1    -1e-30      0.00 6.527e-01 3.175e-01 4.461e-03 2.269e-03 1.302e-02 -1.000 2.973e-02 -0.042 3.683 2.022 0.685 -0.101 -0.713 -1.594 -2.270 -2.392
0.03 10.000 1.0893810987 2.4898748398    1.014  1.963  3.6282  1.946    4  0.000  0.457     0.00     0.00 -1    -1e-30      0.00 6.527e-01 3.175e-01 4.461e-03 2.269e-03 1.302e-02 -1.000 2.973e-02 -0.137 3.662 1.978 0.618 -0.176 -0.802 -1.696 -2.376 -2.504
0.03 10.000 1.0893836021 2.4898753166    1.014  2.002  3.6249  1.894    4  0.000  0.457     0.00     0.00 -1    -1e-30      0.00 6.527e-01 3.175e-01 4.461e-03 2.269e-03 1.302e-02 -1.000 2.973e-02 -0.234 3.637 1.932 0.550 -0.251 -0.891 -1.800 -2.483 -2.617
0.03 10.000 1.0893852711 2.4898755550    1.014  2.036  3.6220  1.848    4  0.000  0.457     0.00     0.00 -1    -1e-30      0.00 6.527e-01 3.175e-01 4.461e-03 2.269e-03 1.302e-02 -1.000 2.973e-02 -0.319 3.613 1.891 0.491 -0.317 -0.969 -1.891 -2.577 -2.717
0.03 10.000 1.0893857479 2.4898757935    1.014  2.047  3.6210  1.833    7  0.000  0.457     0.00     0.00 -1    -1e-30      0.00 6.527e-01 3.175e-01 4.461e-03 2.269e-03 1.302e-02 -1.000 2.973e-02 -0.347 3.605 1.878 0.472 -0.339 -0.994 -1.921 -2.608 -2.750
0.03 10.000 1.0893862247 2.4898757935    1.014  2.060  3.6199  1.816    7  0.000  0.457     0.00     0.00 -1    -1e-30      0.00 6.527e-01 3.175e-01 4.461e-03 2.269e-03 1.302e-02 -1.000 2.973e-02 -0.380 3.595 1.862 0.449 -0.364 -1.024 -1.956 -2.644 -2.789
0.03 10.000 1.0893880129 2.4898760319    1.014  2.105  3.6159  1.754    7  0.000  0.457     0.00     0.00 -1    -1e-30      0.00 6.527e-01 3.175e-01 4.461e-03 2.269e-03 1.302e-02 -1.000 2.973e-02 -0.493 3.555 1.807 0.375 -0.446 -1.127 -2.078 -2.771 -2.923
0.03 10.000 1.0893894434 2.4898762703    1.014  2.142  3.6128  1.705    7  0.000  0.457     0.00     0.00 -1    -1e-30      0.00 6.527e-01 3.175e-01 4.461e-03 2.269e-03 1.302e-02 -1.000 2.973e-02 -0.584 3.521 1.763 0.316 -0.513 -1.209 -2.175 -2.872 -3.031
0.03 10.000 1.0893909931 2.4898767471    1.014  2.173  3.6100  1.663    7  0.000  0.457     0.00     0.00 -1    -1e-30      0.00 6.527e-01 3.175e-01 4.461e-03 2.269e-03 1.302e-02 -1.000 2.973e-02 -0.663 3.491 1.724 0.264 -0.572 -1.279 -2.259 -2.960 -3.125
0.03 10.000 1.0893950462 2.4898774624    1.014  2.180  3.6095  1.654    7  0.000  0.457     0.00     0.00 -1    -1e-30      0.00 6.527e-01 3.175e-01 4.461e-03 2.269e-03 1.302e-02 -1.000 2.973e-02 -0.679 3.482 1.715 0.253 -0.583 -1.294 -2.276 -2.977 -3.143
0.03 10.000 1.0893980265 2.4898779392    1.014  2.145  3.6126  1.702    7  0.000  0.457     0.00     0.00 -1    -1e-30      0.00 6.527e-01 3.175e-01 4.461e-03 2.269e-03 1.302e-02 -1.000 2.973e-02 -0.592 3.517 1.758 0.310 -0.519 -1.216 -2.183 -2.880 -3.040
0.03 10.000 1.0894051790 2.4898791313    1.014  2.104  3.6162  1.757    7  0.000  0.457     0.00     0.00 -1    -1e-30      0.00 6.527e-01 3.175e-01 4.461e-03 2.269e-03 1.302e-02 -1.000 2.973e-02 -0.490 3.554 1.807 0.376 -0.444 -1.124 -2.074 -2.766 -2.918
0.03 10.000 1.0894802809 2.4898920059    1.014  2.080  3.6182  1.789    7  0.000  0.457     0.00     0.00 -1    -1e-30      0.00 6.527e-01 3.175e-01 4.460e-03 2.269e-03 1.302e-02 -1.000 2.973e-02 -0.430 3.576 1.837 0.416 -0.401 -1.070 -2.010 -2.700 -2.848
0.03 10.000 1.0895317793 2.4899008274    1.014  2.113  3.6153  1.744    7  0.000  0.457     0.00     0.00 -1    -1e-30      0.00 6.527e-01 3.175e-01 4.460e-03 2.269e-03 1.302e-02 -1.000 2.973e-02 -0.512 3.548 1.798 0.363 -0.460 -1.144 -2.098 -2.792 -2.946
0.03 10.000 1.0895755291 2.4899084568    1.014  2.153  3.6118  1.691    7  0.000  0.457     0.00     0.00 -1    -1e-30      0.00 6.527e-01 3.175e-01 4.460e-03 2.269e-03 1.302e-02 -1.000 2.973e-02 -0.612 3.511 1.750 0.298 -0.533 -1.234 -2.205 -2.903 -3.064
0.03 10.000 1.0896120071 2.4899146557    1.014  2.193  3.6083  1.636    7  0.000  0.457     0.00     0.00 -1    -1e-30      0.00 6.527e-01 3.175e-01 4.460e-03 2.269e-03 1.302e-02 -1.000 2.973e-02 -0.712 3.468 1.701 0.235 -0.605 -1.323 -2.313 -3.015 -3.184
0.03 10.000 1.0896431208 2.4899199009    1.014  2.234  3.6046  1.581    7  0.000  0.457     0.00     0.00 -1    -1e-30      0.00 6.527e-01 3.175e-01 4.460e-03 2.269e-03 1.302e-02 -1.000 2.973e-02 -0.815 3.418 1.652 0.174 -0.675 -1.414 -2.422 -3.130 -3.306
0.03 10.000 1.0896694660 2.4899244308    1.014  2.275  3.6010  1.525    7  0.000  0.457     0.00     0.00 -1    -1e-30      0.00 6.527e-01 3.175e-01 4.460e-03 2.269e-03 1.302e-02 -1.000 2.973e-02 -0.917 3.368 1.602 0.113 -0.748 -1.503 -2.532 -3.245 -3.430
0.03 10.000 1.0896922350 2.4899284840    1.014  2.316  3.5973  1.469    7  0.000  0.457     0.00     0.00 -1    -1e-30      0.00 6.527e-01 3.175e-01 4.460e-03 2.269e-03 1.302e-02 -1.000 2.973e-02 -1.021 3.340 1.562 0.063 -0.813 -1.594 -2.644 -3.364 -3.556
0.03 10.000 1.0897122622 2.4899318218    1.014  2.358  3.5934  1.412    7  0.000  0.457     0.00     0.00 -1    -1e-30      0.00 6.527e-01 3.175e-01 4.460e-03 2.269e-03 1.302e-02 -1.000 2.973e-02 -1.124 3.336 1.530 0.019 -0.874 -1.687 -2.759 -3.488 -3.685
0.03 10.000 1.0897300243 2.4899349213    1.014  2.399  3.5895  1.355    7  0.000  0.457     0.00     0.00 -1    -1e-30      0.00 6.527e-01 3.175e-01 4.460e-03 2.269e-03 1.302e-02 -1.000 2.973e-02 -1.228 3.332 1.500 -0.022 -0.933 -1.780 -2.873 -3.611 -3.815
0.03 10.000 1.0897461176 2.4899377823    1.014  2.441  3.5856  1.298    7  0.000  0.457     0.00     0.00 -1 -1.01e-30      0.00 6.527e-01 3.175e-01 4.460e-03 2.270e-03 1.302e-02 -1.000 2.973e-02 -1.332 3.323 1.476 -0.051 -0.982 -1.870 -2.989 -3.735 -3.944
0.03 10.000 1.0897611380 2.4899401665    1.014  2.483  3.5816  1.240    7  0.000  0.457     0.00     0.00 -1 -3.14e-30      0.00 6.527e-01 3.175e-01 4.460e-03 2.270e-03 1.302e-02 -1.000 2.975e-02 -1.437 3.317 1.455 -0.079 -1.031 -1.961 -3.105 -3.861 -4.076
0.03 10.000 1.0897750854 2.4899425507    1.013  2.524  3.5774  1.181    7  0.000  0.457     0.00     0.00 -1 -2.15e-15      0.00 6.527e-01 3.168e-01 4.460e-03 2.270e-03 1.302e-02 -1.000 3.052e-02 -1.541 3.309 1.444 -0.091 -1.067 -2.048 -3.221 -3.986 -4.208
0.03 10.000 1.0897883177 2.4899449348    1.012  2.566  3.5729  1.120    7  0.000  0.457     0.00     0.00 -1 -5.02e-09      0.00 6.527e-01 3.164e-01 4.459e-03 2.270e-03 1.302e-02 -1.000 3.087e-02 -1.646 3.304 1.446 -0.087 -1.092 -2.133 -3.340 -4.114 -4.343
0.03 10.000 1.0897979736 2.4899466038    1.010  2.599  3.5660  1.059    7  0.000  0.457     0.00     0.00 -1 -5.81e-09      0.00 6.527e-01 3.164e-01 4.457e-03 2.271e-03 1.302e-02 -1.000 3.087e-02 -1.727 3.352 1.541 0.026 -1.030 -2.174 -3.443 -4.232 -4.470
0.03 10.000 1.0898100138 2.4899487495    1.008  2.642  3.5593  0.988    7  0.000  0.456     0.00     0.00 -1 -7.16e-09      0.00 6.527e-01 3.165e-01 4.453e-03 2.273e-03 1.302e-02 -1.000 3.082e-02 -1.836 3.375 1.618 0.124 -0.989 -2.238 -3.573 -4.376 -4.623
0.03 10.000 1.0898208618 2.4899504185    1.005  2.684  3.5547  0.927    7  0.000  0.455     0.00     0.00 -1 -8.69e-09      0.00 6.527e-01 3.165e-01 4.447e-03 2.279e-03 1.302e-02 -1.000 3.080e-02 -1.940 3.371 1.669 0.193 -0.971 -2.299 -3.693 -4.503 -4.759
0.03 10.000 1.0898309946 2.4899523258    1.002  2.728  3.5497  0.861    7  0.000  0.455     0.00     0.00 -1 -1.06e-08      0.00 6.527e-01 3.165e-01 4.439e-03 2.287e-03 1.302e-02 -1.000 3.080e-02 -2.051 3.367 1.727 0.271 -0.950 -2.362 -3.821 -4.639 -4.903
0.03 10.000 1.0898386240 2.4899535179    0.999  2.775  3.5443  0.792    7  0.000  0.454     0.00     0.00 -1 -1.31e-08      0.00 6.527e-01 3.165e-01 4.430e-03 2.299e-03 1.302e-02 -1.000 3.080e-02 -2.166 3.366 1.820 0.391 -0.904 -2.408 -3.954 -4.781 -5.054
0.03 10.000 1.0898438692 2.4899544716    0.996  2.820  3.5389  0.724    7  0.000  0.453     0.00     0.00 -1 -1.63e-08      0.00 6.527e-01 3.165e-01 4.419e-03 2.311e-03 1.302e-02 -1.000 3.080e-02 -2.281 3.364 1.918 0.518 -0.854 -2.448 -4.087 -4.922 -5.205
0.03 10.000 1.0898480415 2.4899551868    0.994  2.866  3.5333  0.655    7  0.000  0.452     0.00     0.00 -1 -1.99e-08      0.00 6.527e-01 3.165e-01 4.411e-03 2.322e-03 1.302e-02 -1.000 3.080e-02 -2.395 3.364 2.047 0.681 -0.782 -2.460 -4.220 -5.061 -5.355
0.03 10.000 1.0898516178 2.4899559021    0.991  2.910  3.5277  0.587    7  0.000  0.451     0.00     0.00 -1 -2.39e-08      0.00 6.527e-01 3.165e-01 4.404e-03 2.330e-03 1.302e-02 -1.000 3.080e-02 -2.506 3.368 2.198 0.868 -0.693 -2.453 -4.349 -5.198 -5.503
0.03 10.000 1.0898549557 2.4899563789    0.988  2.954  3.5221  0.519    7  0.000  0.450     0.00     0.00 -1 -2.91e-08      0.00 6.527e-01 3.165e-01 4.398e-03 2.336e-03 1.302e-02 -1.000 3.080e-02 -2.615 3.374 2.371 1.080 -0.587 -2.419 -4.475 -5.333 -5.650
0.03 10.000 1.0898582935 2.4899568558    0.985  2.999  3.5162  0.449    7  0.000  0.450     0.00     0.00 -1 -3.57e-08      0.00 6.527e-01 3.165e-01 4.395e-03 2.340e-03 1.302e-02 -1.000 3.080e-02 -2.728 3.381 2.574 1.341 -0.449 -2.354 -4.606 -5.471 -5.800
0.03 10.000 1.0898617506 2.4899575710    0.980  3.045  3.5098  0.376    7  0.000  0.450     0.00     0.00 -1 -4.35e-08      0.00 6.527e-01 3.165e-01 4.394e-03 2.342e-03 1.302e-02 -1.000 3.080e-02 -2.842 3.395 2.820 1.660 -0.270 -2.254 -4.738 -5.615 -5.956
0.03 10.000 1.0898647308 2.4899580479    0.976  3.084  3.5043  0.313    7  0.000  0.450     0.00     0.00 -1 -5.16e-08      0.00 6.527e-01 3.165e-01 4.394e-03 2.342e-03 1.302e-02 -1.000 3.080e-02 -2.940 3.403 2.999 1.878 -0.145 -2.178 -4.850 -5.735 -6.087
0.03 10.000 1.0898678303 2.4899585247    0.970  3.122  3.4987  0.249    7  0.000  0.450     0.00     0.00 -1 -6.15e-08      0.00 6.527e-01 3.165e-01 4.394e-03 2.342e-03 1.302e-02 -1.000 3.080e-02 -3.035 3.415 3.187 2.099 -0.015 -2.092 -4.960 -5.854 -6.216
0.03 10.000 1.0898710489 2.4899592400    0.963  3.158  3.4931  0.188    7  0.000  0.450     0.00     0.00 -1 -7.24e-08      0.00 6.527e-01 3.165e-01 4.394e-03 2.342e-03 1.302e-02 -1.000 3.080e-02 -3.124 3.433 3.361 2.280 0.104 -2.001 -5.060 -5.967 -6.339
0.03 10.000 1.0898746252 2.4899597168    0.953  3.193  3.4874  0.125    7  0.000  0.450     0.00     0.00 -1 -8.62e-08      0.00 6.527e-01 3.165e-01 4.394e-03 2.342e-03 1.302e-02 -1.000 3.080e-02 -3.214 3.451 3.514 2.412 0.193 -1.929 -5.161 -6.080 -6.463
0.03 10.000 1.0898783207 2.4899604321    0.942  3.230  3.4811  0.058    7  0.000  0.450     0.00     0.00 -1 -1.03e-07      0.00 6.527e-01 3.165e-01 4.394e-03 2.342e-03 1.302e-02 -1.000 3.080e-02 -3.304 3.470 3.633 2.473 0.238 -1.889 -5.262 -6.195 -6.588
0.03 10.000 1.0898804665 2.4899606705    0.934  3.248  3.4778  0.023    7  0.000  0.450     0.00     0.00 -1 -1.13e-07      0.00 6.527e-01 3.165e-01 4.394e-03 2.342e-03 1.302e-02 -1.000 3.080e-02 -3.350 3.480 3.687 2.498 0.254 -1.878 -5.314 -6.252 -6.651
0.03 10.000 1.0898813009 2.4899609089    0.931  3.255  3.4764  0.009    7  0.000  0.450     0.00     0.00 -1 -1.17e-07      0.00 6.527e-01 3.165e-01 4.394e-03 2.342e-03 1.302e-02 -1.000 3.080e-02 -3.368 3.484 3.708 2.506 0.259 -1.876 -5.334 -6.275 -6.675
0.03 10.000 1.0898814201 2.4899609089    0.930  3.257  3.4762  0.007    7  0.521  0.450     0.00     0.00 -1 -1.18e-07      0.00 6.527e-01 3.165e-01 4.394e-03 2.342e-03 1.302e-02 -1.000 3.080e-02 -3.372 3.485 3.711 2.508 0.260 -1.875 -5.337 -6.279 -6.679
0.03 10.000 1.0898816586 2.4899609089    0.930  3.258  3.4760  0.004    7  0.521  0.450     0.00     0.00 -1 -1.19e-07      0.00 6.527e-01 3.165e-01 4.394e-03 2.342e-03 1.302e-02 -1.000 3.080e-02 -3.375 3.486 3.715 2.509 0.260 -1.875 -5.341 -6.283 -6.683
0.03 10.000 1.0898817778 2.4899609089    0.929  3.260  3.4756  0.001    7  0.521  0.450     0.00     0.00 -1  -1.2e-07      0.00 6.527e-01 3.165e-01 4.394e-03 2.342e-03 1.302e-02 -1.000 3.080e-02 -3.379 3.487 3.720 2.511 0.262 -1.874 -5.346 -6.288 -6.690
0.03 10.000 1.0898818970 2.4899609089    0.928  3.261  3.4754 -0.002    7  0.521  0.450     0.00     0.00 -1 -1.21e-07      0.00 6.527e-01 3.165e-01 4.394e-03 2.342e-03 1.302e-02 -1.000 3.080e-02 -3.382 3.488 3.724 2.513 0.262 -1.874 -5.350 -6.293 -6.694
0.03 10.000 1.0898821354 2.4899611473    0.928  3.263  3.4750 -0.006    7  0.521  0.450     0.00     0.00 -1 -1.22e-07      0.00 6.527e-01 3.165e-01 4.394e-03 2.342e-03 1.302e-02 -1.000 3.080e-02 -3.388 3.489 3.730 2.515 0.264 -1.873 -5.356 -6.299 -6.701
0.03 10.000 1.0898823738 2.4899611473    0.926  3.266  3.4744 -0.012    7  0.521  0.450     0.00     0.00 -1 -1.24e-07      0.00 6.527e-01 3.165e-01 4.394e-03 2.342e-03 1.302e-02 -1.000 3.080e-02 -3.396 3.491 3.738 2.518 0.265 -1.872 -5.365 -6.309 -6.712
0.03 10.000 1.0898827314 2.4899611473    0.925  3.275  3.4729 -0.027    7  0.521  0.450     0.00     0.00 -1 -1.29e-07      0.00 6.527e-01 3.165e-01 4.394e-03 2.342e-03 1.302e-02 -1.000 3.080e-02 -3.417 3.494 3.758 2.525 0.268 -1.871 -5.388 -6.335 -6.740
0.03 10.000 1.0898830891 2.4899611473    0.924  3.292  3.4700 -0.057    7  0.520  0.450     0.00     0.00 -1 -1.38e-07      0.00 6.527e-01 3.165e-01 4.394e-03 2.342e-03 1.302e-02 -1.000 3.080e-02 -3.461 3.499 3.799 2.537 0.274 -1.870 -5.437 -6.389 -6.799
0.03 10.000 1.0898835659 2.4899613857    0.921  3.308  3.4672 -0.085    8  0.521  0.471   205.17    96.43  0 -1.48e-07      0.00 6.527e-01 3.176e-01 4.612e-03 2.345e-03 1.305e-02 -1.000 2.967e-02 -3.501 3.503 3.828 2.545 0.273 -1.878 -5.481 -6.438 -6.851
0.03 10.000 1.0898835659 2.4899613857    0.921  3.022  3.5103  0.373    8  0.521  0.471    76.31    41.01  1 -4.79e-08      0.00 6.527e-01 3.176e-01 4.612e-03 2.345e-03 1.305e-02 -1.000 2.967e-02 -2.786 3.449 2.852 1.685 -0.235 -2.215 -4.681 -5.556 -5.897
0.03 10.000 1.0898836851 2.4899613857    0.921  2.897  3.5296  0.576    8  0.521  0.471    49.31    28.11  1 -2.87e-08      0.00 6.527e-01 3.176e-01 4.612e-03 2.345e-03 1.305e-02 -1.000 2.967e-02 -2.472 3.389 2.144 0.791 -0.735 -2.471 -4.310 -5.155 -5.458
0.03 10.000 1.0898836851 2.4899613857    0.920  2.744  3.5530  0.822    8  0.521  0.471    28.99    17.76  1  -1.5e-08      0.00 6.527e-01 3.176e-01 4.612e-03 2.345e-03 1.305e-02 -1.000 2.967e-02 -2.091 3.318 1.590 0.101 -1.084 -2.437 -3.850 -4.659 -4.920
0.03 10.000 1.0898838043 2.4899613857    0.919  2.779  3.5475  0.764    8  0.521  0.471    32.83    19.77  1 -1.75e-08      0.00 6.527e-01 3.176e-01 4.612e-03 2.345e-03 1.305e-02 -1.000 2.967e-02 -2.178 3.338 1.700 0.238 -1.015 -2.463 -3.956 -4.775 -5.045
0.03 10.000 1.0898840427 2.4899613857    0.918  2.912  3.5267  0.548    8  0.521  0.471    52.34    29.58  1 -3.07e-08      0.00 6.527e-01 3.176e-01 4.612e-03 2.345e-03 1.305e-02 -1.000 2.967e-02 -2.510 3.405 2.251 0.920 -0.661 -2.434 -4.357 -5.206 -5.514
0.03 10.000 1.0898842812 2.4899613857    0.917  3.071  3.5019  0.289    8  0.521  0.471    91.50    47.93  0 -5.88e-08      0.00 6.527e-01 3.176e-01 4.612e-03 2.345e-03 1.305e-02 -1.000 2.967e-02 -2.908 3.479 3.155 2.053 -0.013 -2.066 -4.825 -5.714 -6.070
0.03 10.000 1.0898845196 2.4899613857    0.916  3.200  3.4816  0.078    8  0.521  0.471   144.15    70.96  0 -9.82e-08      0.00 6.527e-01 3.176e-01 4.612e-03 2.345e-03 1.305e-02 -1.000 2.967e-02 -3.230 3.521 3.678 2.526 0.295 -1.830 -5.188 -6.119 -6.511
0.03 10.000 1.0898847580 2.4899613857    0.914  3.282  3.4685 -0.057    8  0.521  0.471   192.90    91.24  0 -1.36e-07      0.00 6.527e-01 3.176e-01 4.612e-03 2.345e-03 1.305e-02 -1.000 2.967e-02 -3.436 3.531 3.846 2.578 0.313 -1.833 -5.414 -6.369 -6.779
0.03 10.000 1.0898851156 2.4899616241    0.913  3.325  3.4615 -0.128    8  0.522  0.471   224.92   104.13  0  -1.6e-07      0.00 6.527e-01 3.176e-01 4.612e-03 2.345e-03 1.305e-02 -1.000 2.967e-02 -3.542 3.536 3.915 2.590 0.305 -1.857 -5.531 -6.497 -6.917
0.03 10.000 1.0898854733 2.4899616241    0.911  3.344  3.4580 -0.162    8  0.522  0.471   242.18   110.94  0 -1.73e-07      0.00 6.527e-01 3.176e-01 4.612e-03 2.345e-03 1.305e-02 -1.000 2.967e-02 -3.590 3.541 3.946 2.601 0.303 -1.870 -5.584 -6.556 -6.980
0.03 10.000 1.0898858309 2.4899616241    0.909  3.355  3.4581 -0.174    8  0.522  0.471   248.38   113.31  0 -1.83e-07      0.00 6.527e-01 3.176e-01 4.612e-03 2.345e-03 1.305e-02 -1.000 2.967e-02 -3.618 3.527 3.930 2.580 0.279 -1.894 -5.611 -6.583 -7.009
0.03 10.000 1.0898858309 2.4899616241    0.909  3.128  3.4908  0.184    8  0.522  0.471   114.71    58.11  0 -7.53e-08      0.00 6.527e-01 3.176e-01 4.612e-03 2.345e-03 1.305e-02 -1.000 2.967e-02 -3.049 3.534 3.534 2.460 0.262 -1.851 -4.990 -5.902 -6.278
0.03 10.000 1.0898859501 2.4899616241    0.908  2.949  3.5183  0.472    8  0.522  0.471    61.56    33.92  1 -3.68e-08      0.00 6.527e-01 3.176e-01 4.612e-03 2.345e-03 1.305e-02 -1.000 2.967e-02 -2.603 3.465 2.584 1.327 -0.418 -2.298 -4.475 -5.337 -5.662
0.03 10.000 1.0898859501 2.4899616241    0.908  2.797  3.5418  0.718    8  0.522  0.471    36.20    21.43  1 -1.96e-08      0.00 6.527e-01 3.176e-01 4.612e-03 2.345e-03 1.305e-02 -1.000 2.967e-02 -2.222 3.394 1.869 0.442 -0.889 -2.434 -4.019 -4.847 -5.126
0.03 10.000 1.0898860693 2.4899616241    0.907  2.832  3.5364  0.661    8  0.522  0.471    40.97    23.85  1 -2.27e-08      0.00 6.527e-01 3.176e-01 4.612e-03 2.345e-03 1.305e-02 -1.000 2.967e-02 -2.310 3.410 2.007 0.614 -0.800 -2.433 -4.125 -4.962 -5.251
0.03 10.000 1.0898863077 2.4899618626    0.906  2.964  3.5159  0.446    8  0.522  0.471    65.08    35.57  1 -3.94e-08      0.00 6.527e-01 3.176e-01 4.612e-03 2.345e-03 1.305e-02 -1.000 2.967e-02 -2.641 3.474 2.681 1.452 -0.345 -2.255 -4.520 -5.386 -5.716
0.03 10.000 1.0898864269 2.4899618626    0.905  3.123  3.4913  0.189    8  0.522  0.471   113.40    57.46  0 -7.46e-08      0.00 6.527e-01 3.176e-01 4.612e-03 2.345e-03 1.305e-02 -1.000 2.967e-02 -3.037 3.538 3.523 2.449 0.257 -1.854 -4.977 -5.888 -6.263
0.03 10.000 1.0898866653 2.4899618626    0.904  3.252  3.4712 -0.021    8  0.523  0.471   178.33    84.95  0 -1.24e-07      0.00 6.527e-01 3.176e-01 4.612e-03 2.345e-03 1.305e-02 -1.000 2.967e-02 -3.359 3.557 3.846 2.603 0.347 -1.793 -5.333 -6.284 -6.690
0.03 10.000 1.0898869038 2.4899618626    0.902  3.334  3.4581 -0.156    8  0.523  0.471   238.71   109.25  0 -1.71e-07      0.00 6.527e-01 3.176e-01 4.612e-03 2.345e-03 1.305e-02 -1.000 2.967e-02 -3.565 3.559 3.964 2.621 0.325 -1.848 -5.558 -6.530 -6.954
0.03 10.000 1.0898872614 2.4899618626    0.900  3.377  3.4511 -0.228    8  0.523  0.471   278.92   124.91  0 -2.02e-07      0.00 6.527e-01 3.176e-01 4.612e-03 2.345e-03 1.305e-02 -1.000 2.967e-02 -3.673 3.545 4.000 2.630 0.301 -1.898 -5.675 -6.657 -7.088
0.03 10.000 1.0898876190 2.4899621010    0.898  3.398  3.4475 -0.264    8  0.523  0.471   301.40   133.48  0 -2.19e-07      0.00 6.527e-01 3.176e-01 4.612e-03 2.345e-03 1.305e-02 -1.000 2.967e-02 -3.724 3.527 4.005 2.636 0.287 -1.927 -5.731 -6.716 -7.150
0.03 10.000 1.0898879766 2.4899621010    0.896  3.410  3.4470 -0.280    8  0.524  0.471   311.51   137.24  0 -2.33e-07      0.00 6.527e-01 3.176e-01 4.612e-03 2.345e-03 1.305e-02 -1.000 2.967e-02 -3.755 3.508 3.987 2.616 0.263 -1.953 -5.763 -6.748 -7.183
0.03 10.000 1.0898879766 2.4899621010    0.896  3.187  3.4797  0.074    8  0.524  0.471   145.25    70.96  0 -9.86e-08      0.00 6.527e-01 3.176e-01 4.612e-03 2.345e-03 1.305e-02 -1.000 2.967e-02 -3.198 3.571 3.759 2.593 0.361 -1.764 -5.159 -6.095 -6.488
0.03 10.000 1.0898880959 2.4899621010    0.896  3.009  3.5075  0.363    8  0.524  0.471    77.81    41.37  1 -4.88e-08      0.00 6.527e-01 3.176e-01 4.612e-03 2.345e-03 1.305e-02 -1.000 2.967e-02 -2.753 3.517 3.018 1.878 -0.088 -2.092 -4.654 -5.535 -5.880
0.03 10.000 1.0898880959 2.4899621010    0.895  2.856  3.5314  0.612    8  0.524  0.471    45.53    26.02  1 -2.61e-08      0.00 6.527e-01 3.176e-01 4.612e-03 2.345e-03 1.305e-02 -1.000 2.967e-02 -2.370 3.443 2.161 0.801 -0.694 -2.402 -4.201 -5.045 -5.343
0.03 10.000 1.0898882151 2.4899621010    0.894  2.890  3.5261  0.556    8  0.524  0.471    51.34    28.86  1 -3.02e-08      0.00 6.527e-01 3.176e-01 4.612e-03 2.345e-03 1.305e-02 -1.000 2.967e-02 -2.455 3.462 2.334 1.012 -0.580 -2.361 -4.303 -5.154 -5.463
0.03 10.000 1.0898884535 2.4899621010    0.893  3.019  3.5057  0.344    8  0.524  0.471    81.03    42.80  1 -5.13e-08      0.00 6.527e-01 3.176e-01 4.612e-03 2.345e-03 1.305e-02 -1.000 2.967e-02 -2.779 3.524 3.081 1.953 -0.043 -2.061 -4.685 -5.569 -5.917
0.03 10.000 1.0898885727 2.4899621010    0.892  3.175  3.4813  0.091    8  0.524  0.471   140.02    68.64  0 -9.52e-08      0.00 6.527e-01 3.176e-01 4.612e-03 2.345e-03 1.305e-02 -1.000 2.967e-02 -3.167 3.576 3.738 2.587 0.360 -1.764 -5.124 -6.057 -6.448
0.03 10.000 1.0898888111 2.4899621010    0.890  3.300  3.4614 -0.115    8  0.524  0.471   218.33   100.72  0 -1.55e-07      0.00 6.527e-01 3.176e-01 4.612e-03 2.345e-03 1.305e-02 -1.000 2.967e-02 -3.481 3.585 3.966 2.645 0.363 -1.798 -5.470 -6.436 -6.856
0.03 10.000 1.0898890495 2.4899623394    0.888  3.379  3.4487 -0.246    8  0.524  0.471   289.63   128.51  0 -2.11e-07      0.00 6.527e-01 3.176e-01 4.612e-03 2.345e-03 1.305e-02 -1.000 2.967e-02 -3.679 3.558 4.029 2.659 0.319 -1.889 -5.684 -6.668 -7.101
0.03 10.000 1.0898894072 2.4899623394    0.886  3.420  3.4420 -0.314    8  0.525  0.471   335.16   145.68  0 -2.46e-07      0.00 6.527e-01 3.176e-01 4.612e-03 2.345e-03 1.305e-02 -1.000 2.967e-02 -3.779 3.528 4.039 2.672 0.291 -1.948 -5.793 -6.782 -7.220
0.03 10.000 1.0898897648 2.4899623394    0.884  3.437  3.4389 -0.345    8  0.525  0.471   358.34   154.22  0 -2.65e-07      0.00 6.527e-01 3.176e-01 4.612e-03 2.345e-03 1.305e-02 -1.000 2.967e-02 -3.822 3.541 4.067 2.695 0.290 -1.966 -5.840 -6.833 -7.275
0.03 10.000 1.0898901224 2.4899623394    0.881  3.446  3.4388 -0.356    8  0.525  0.471   366.62   157.15  0 -2.78e-07      0.01 6.527e-01 3.176e-01 4.612e-03 2.345e-03 1.305e-02 -1.000 2.967e-02 -3.845 3.536 4.061 2.684 0.274 -1.983 -5.863 -6.857 -7.300
0.03 10.000 1.0898901224 2.4899623394    0.881  3.229  3.4716 -0.008    8  0.525  0.471   172.97    82.08  0 -1.21e-07      0.00 6.527e-01 3.176e-01 4.612e-03 2.345e-03 1.305e-02 -1.000 2.967e-02 -3.302 3.597 3.882 2.646 0.393 -1.745 -5.275 -6.225 -6.630
0.03 10.000 1.0898902416 2.4899623394    0.880  3.051  3.4999  0.283    8  0.525  0.471    92.44    47.75  0 -6.08e-08      0.00 6.527e-01 3.176e-01 4.612e-03 2.345e-03 1.305e-02 -1.000 2.967e-02 -2.858 3.553 3.298 2.214 0.118 -1.952 -4.780 -5.673 -6.032
0.03 10.000 1.0898902416 2.4899623394    0.880  2.898  3.5243  0.534    8  0.525  0.471    53.82    29.91  1 -3.28e-08      0.00 6.527e-01 3.176e-01 4.612e-03 2.345e-03 1.305e-02 -1.000 2.967e-02 -2.474 3.480 2.407 1.098 -0.530 -2.334 -4.328 -5.182 -5.495
0.03 10.000 1.0898903608 2.4899623394    0.879  2.931  3.5189  0.478    8  0.526  0.471    60.62    33.14  1 -3.77e-08      0.00 6.527e-01 3.176e-01 4.612e-03 2.345e-03 1.305e-02 -1.000 2.967e-02 -2.557 3.500 2.599 1.335 -0.397 -2.271 -4.428 -5.289 -5.613
0.03 10.000 1.0898905993 2.4899625778    0.877  3.058  3.4984  0.268    8  0.526  0.471    95.39    49.01  0 -6.32e-08      0.00 6.527e-01 3.176e-01 4.612e-03 2.345e-03 1.305e-02 -1.000 2.967e-02 -2.876 3.561 3.346 2.264 0.152 -1.925 -4.801 -5.697 -6.059
0.03 10.000 1.0898908377 2.4899625778    0.876  3.211  3.4737  0.016    8  0.526  0.471   164.26    78.35  0 -1.15e-07      0.00 6.527e-01 3.176e-01 4.612e-03 2.345e-03 1.305e-02 -1.000 2.967e-02 -3.257 3.605 3.864 2.648 0.401 -1.734 -5.227 -6.173 -6.575
0.03 10.000 1.0898910761 2.4899625778    0.874  3.334  3.4537 -0.188    8  0.526  0.471   255.24   114.60  0 -1.85e-07      0.00 6.527e-01 3.176e-01 4.612e-03 2.345e-03 1.305e-02 -1.000 2.967e-02 -3.565 3.610 4.048 2.691 0.375 -1.813 -5.564 -6.542 -6.970
0.03 10.000 1.0898913145 2.4899625778    0.871  3.411  3.4409 -0.318    8  0.526  0.471   337.47   145.78  0 -2.49e-07      0.00 6.527e-01 3.176e-01 4.612e-03 2.345e-03 1.305e-02 -1.000 2.967e-02 -3.758 3.558 4.075 2.710 0.323 -1.921 -5.774 -6.764 -7.203
0.03 10.000 1.0898916721 2.4899625778    0.869  3.450  3.4342 -0.384    8  0.527  0.471   389.17   164.73  0 -2.89e-07      0.01 6.527e-01 3.176e-01 4.612e-03 2.345e-03 1.305e-02 -1.000 2.967e-02 -3.854 3.582 4.130 2.761 0.317 -1.964 -5.878 -6.875 -7.323
0.03 10.000 1.0898920298 2.4899628162    0.866  3.465  3.4312 -0.413    8  0.527  0.471   414.52   173.78  0 -3.08e-07      0.01 6.527e-01 3.176e-01 4.612e-03 2.345e-03 1.305e-02 -1.000 2.967e-02 -3.894 3.593 4.153 2.785 0.316 -1.981 -5.920 -6.921 -7.373
0.03 10.000 1.0898923874 2.4899628162    0.863  3.473  3.4320 -0.419    8  0.527  0.471   419.65   175.43  0 -3.24e-07      0.01 6.527e-01 3.176e-01 4.612e-03 2.345e-03 1.305e-02 -1.000 2.967e-02 -3.912 3.582 4.135 2.761 0.295 -2.000 -5.937 -6.938 -7.391
0.03 10.000 1.0898923874 2.4899628162    0.863  3.262  3.4640 -0.080    8  0.527  0.471   202.08    93.27  0 -1.46e-07      0.00 6.527e-01 3.176e-01 4.612e-03 2.345e-03 1.305e-02 -1.000 2.967e-02 -3.385 3.631 3.990 2.693 0.420 -1.735 -5.370 -6.332 -6.747
0.03 10.000 1.0898925066 2.4899628162    0.862  3.085  3.4928  0.212    8  0.527  0.471   107.67    54.11  0 -7.38e-08      0.00 6.527e-01 3.176e-01 4.612e-03 2.345e-03 1.305e-02 -1.000 2.967e-02 -2.943 3.596 3.538 2.463 0.289 -1.813 -4.879 -5.788 -6.159
0.03 10.000 1.0898925066 2.4899628162    0.861  2.932  3.5179  0.465    8  0.528  0.471    62.35    33.73  1 -4.01e-08      0.00 6.527e-01 3.176e-01 4.612e-03 2.345e-03 1.305e-02 -1.000 2.967e-02 -2.559 3.520 2.655 1.402 -0.353 -2.239 -4.433 -5.296 -5.622
0.03 10.000 1.0898926258 2.4899628162    0.860  2.964  3.5124  0.409    8  0.528  0.471    70.25    37.37  1  -4.6e-08      0.00 6.527e-01 3.176e-01 4.612e-03 2.345e-03 1.305e-02 -1.000 2.967e-02 -2.641 3.542 2.876 1.688 -0.185 -2.138 -4.530 -5.402 -5.739
0.03 10.000 1.0898928642 2.4899628162    0.858  3.090  3.4916  0.200    8  0.528  0.471   110.45    55.22  0 -7.62e-08      0.00 6.527e-01 3.176e-01 4.612e-03 2.345e-03 1.305e-02 -1.000 2.967e-02 -2.955 3.607 3.585 2.511 0.324 -1.784 -4.894 -5.805 -6.179
0.03 10.000 1.0898931026 2.4899628162    0.856  3.240  3.4666 -0.052    8  0.528  0.471   189.94    88.17  0 -1.37e-07      0.00 6.527e-01 3.176e-01 4.612e-03 2.345e-03 1.305e-02 -1.000 2.967e-02 -3.331 3.642 3.978 2.702 0.437 -1.712 -5.312 -6.270 -6.681
0.03 10.000 1.0898933411 2.4899630547    0.853  3.361  3.4462 -0.256    8  0.528  0.471   294.88   128.82  0 -2.18e-07      0.00 6.527e-01 3.176e-01 4.612e-03 2.345e-03 1.305e-02 -1.000 2.967e-02 -3.634 3.615 4.102 2.739 0.386 -1.833 -5.642 -6.628 -7.061
0.03 10.000 1.0898935795 2.4899630547    0.850  3.437  3.4332 -0.385    8  0.529  0.471   389.60   163.69  0 -2.91e-07      0.01 6.527e-01 3.176e-01 4.612e-03 2.345e-03 1.305e-02 -1.000 2.967e-02 -3.823 3.618 4.171 2.807 0.357 -1.928 -5.847 -6.845 -7.294
0.03 10.000 1.0898939371 2.4899630547    0.847  3.475  3.4265 -0.451    8  0.529  0.471   448.96   184.78  0 -3.37e-07      0.01 6.527e-01 3.176e-01 4.612e-03 2.345e-03 1.305e-02 -1.000 2.967e-02 -3.916 3.620 4.205 2.859 0.348 -1.976 -5.948 -6.951 -7.406
0.03 10.000 1.0898942947 2.4899630547    0.843  3.490  3.4236 -0.480    8  0.529  0.471   477.82   194.70  0  -3.6e-07      0.01 6.527e-01 3.176e-01 4.612e-03 2.345e-03 1.305e-02 -1.000 2.967e-02 -3.954 3.619 4.219 2.889 0.348 -1.994 -5.988 -6.992 -7.451
0.03 10.000 1.0898946524 2.4899632931    0.839  3.496  3.4253 -0.482    8  0.530  0.471   479.94   195.10  0  -3.8e-07      0.01 6.527e-01 3.176e-01 4.612e-03 2.345e-03 1.305e-02 -1.000 2.967e-02 -3.971 3.607 4.194 2.847 0.318 -2.015 -6.003 -7.008 -7.467
0.03 10.000 1.0898946524 2.4899632931    0.838  3.293  3.4564 -0.153    8  0.530  0.471   236.39   105.76  0 -1.77e-07      0.00 6.527e-01 3.176e-01 4.612e-03 2.345e-03 1.305e-02 -1.000 2.967e-02 -3.461 3.668 4.087 2.743 0.442 -1.735 -5.457 -6.431 -6.855
0.03 10.000 1.0898947716 2.4899632931    0.838  3.117  3.4860  0.140    8  0.530  0.471   125.49    61.16  0 -9.09e-08      0.00 6.527e-01 3.176e-01 4.612e-03 2.345e-03 1.305e-02 -1.000 2.967e-02 -3.022 3.639 3.726 2.619 0.402 -1.718 -4.972 -5.894 -6.278
0.03 10.000 1.0898947716 2.4899632931    0.836  2.964  3.5118  0.396    8  0.530  0.471    72.25    37.93  1    -5e-08      0.00 6.527e-01 3.176e-01 4.612e-03 2.345e-03 1.305e-02 -1.000 2.967e-02 -2.639 3.561 2.911 1.728 -0.158 -2.118 -4.530 -5.403 -5.740
0.03 10.000 1.0898950100 2.4899632931    0.834  2.996  3.5062  0.340    8  0.530  0.471    81.58    42.09  0 -5.74e-08      0.00 6.527e-01 3.176e-01 4.612e-03 2.345e-03 1.305e-02 -1.000 2.967e-02 -2.721 3.582 3.123 1.990 -0.001 -2.017 -4.626 -5.509 -5.857
0.03 10.000 1.0898951292 2.4899632931    0.831  3.120  3.4849  0.129    8  0.530  0.471   128.46    62.24  0 -9.41e-08      0.00 6.527e-01 3.176e-01 4.612e-03 2.345e-03 1.305e-02 -1.000 2.967e-02 -3.031 3.649 3.754 2.637 0.417 -1.703 -4.982 -5.907 -6.292
0.03 10.000 1.0898953676 2.4899632931    0.828  3.268  3.4593 -0.123    8  0.531  0.471   221.23    99.44  0 -1.67e-07      0.00 6.527e-01 3.176e-01 4.612e-03 2.345e-03 1.305e-02 -1.000 2.967e-02 -3.401 3.685 4.084 2.753 0.466 -1.700 -5.393 -6.363 -6.784
0.03 10.000 1.0898956060 2.4899632931    0.824  3.388  3.4385 -0.328    8  0.531  0.471   344.15   145.46  0 -2.63e-07      0.01 6.527e-01 3.176e-01 4.612e-03 2.345e-03 1.305e-02 -1.000 2.967e-02 -3.700 3.638 4.169 2.808 0.405 -1.850 -5.719 -6.711 -7.151
0.03 10.000 1.0898959637 2.4899635315    0.820  3.463  3.4252 -0.458    8  0.531  0.471   455.84   185.09  0 -3.51e-07      0.01 6.527e-01 3.176e-01 4.612e-03 2.345e-03 1.305e-02 -1.000 2.967e-02 -3.887 3.662 4.253 2.916 0.392 -1.939 -5.920 -6.923 -7.380
0.03 10.000 1.0898962021 2.4899635315    0.815  3.500  3.4184 -0.525    8  0.532  0.471   526.78   209.27  0 -4.08e-07      0.01 6.527e-01 3.176e-01 4.612e-03 2.345e-03 1.305e-02 -1.000 2.967e-02 -3.980 3.654 4.274 2.964 0.378 -1.989 -6.018 -7.025 -7.488
0.03 10.000 1.0898965597 2.4899635315    0.810  3.515  3.4154 -0.556    8  0.532  0.471   562.39   220.86  0 -4.91e-07      0.02 6.527e-01 3.176e-01 4.612e-03 2.345e-03 1.305e-02 -1.000 2.967e-02 -4.018 3.675 4.293 2.981 0.371 -2.008 -6.055 -7.065 -7.533
0.03 10.000 1.0898970366 2.4899635315    0.803  3.523  3.4173 -0.558    8  0.533  0.471   565.53   221.27  0 -5.35e-07      0.02 6.527e-01 3.176e-01 4.612e-03 2.345e-03 1.305e-02 -1.000 2.967e-02 -4.037 3.671 4.278 2.954 0.348 -2.027 -6.071 -7.081 -7.550
0.03 10.000 1.0898970366 2.4899635315    0.803  3.327  3.4481 -0.240    8  0.533  0.471   284.34   122.10  0 -2.27e-07      0.00 6.527e-01 3.176e-01 4.612e-03 2.345e-03 1.305e-02 -1.000 2.967e-02 -3.547 3.690 4.165 2.798 0.455 -1.756 -5.553 -6.537 -6.970
0.03 10.000 1.0898971558 2.4899635315    0.802  3.153  3.4786  0.056    8  0.533  0.471   150.37    70.35  0 -1.19e-07      0.00 6.527e-01 3.176e-01 4.612e-03 2.345e-03 1.305e-02 -1.000 2.967e-02 -3.111 3.685 3.885 2.707 0.471 -1.658 -5.074 -6.011 -6.407
0.03 10.000 1.0898972750 2.4899635315    0.800  2.999  3.5053  0.314    8  0.533  0.471    86.04    43.37  0 -6.63e-08      0.00 6.527e-01 3.176e-01 4.612e-03 2.345e-03 1.305e-02 -1.000 2.967e-02 -2.729 3.605 3.169 2.039 0.030 -1.995 -4.637 -5.520 -5.870
0.03 10.000 1.0898973942 2.4899637699    0.796  3.032  3.4993  0.257    8  0.533  0.471    97.44    48.22  0 -7.61e-08      0.00 6.527e-01 3.176e-01 4.612e-03 2.345e-03 1.305e-02 -1.000 2.967e-02 -2.809 3.631 3.384 2.296 0.188 -1.886 -4.732 -5.626 -5.987
0.03 10.000 1.0898975134 2.4899637699    0.792  3.154  3.4775  0.045    8  0.533  0.471   153.81    71.41  0 -1.24e-07      0.00 6.527e-01 3.176e-01 4.612e-03 2.345e-03 1.305e-02 -1.000 2.967e-02 -3.114 3.699 3.912 2.725 0.486 -1.645 -5.078 -6.017 -6.415
0.03 10.000 1.0898977518 2.4899637699    0.787  3.299  3.4512 -0.208    8  0.533  0.471   265.57   114.20  0 -2.17e-07      0.00 6.527e-01 3.176e-01 4.612e-03 2.345e-03 1.305e-02 -1.000 2.967e-02 -3.478 3.730 4.184 2.818 0.492 -1.706 -5.479 -6.461 -6.891
0.03 10.000 1.0898979902 2.4899637699    0.782  3.417  3.4298 -0.414    8  0.534  0.471   414.49   167.29  0 -3.39e-07      0.01 6.527e-01 3.176e-01 4.612e-03 2.345e-03 1.305e-02 -1.000 2.967e-02 -3.772 3.728 4.293 2.931 0.452 -1.852 -5.798 -6.801 -7.254
0.03 10.000 1.0898983479 2.4899637699    0.775  3.490  3.4162 -0.546    8  0.534  0.471   551.01   213.19  0 -4.52e-07      0.01 6.527e-01 3.176e-01 4.612e-03 2.345e-03 1.305e-02 -1.000 2.967e-02 -3.956 3.718 4.337 3.027 0.424 -1.951 -5.993 -7.002 -7.468
0.03 10.000 1.0898987055 2.4899640083    0.767  3.527  3.4092 -0.615    8  0.535  0.471   639.24   241.36  0 -6.67e-07      0.03 6.527e-01 3.176e-01 4.612e-03 2.345e-03 1.305e-02 -1.000 2.967e-02 -4.047 3.775 4.365 3.021 0.383 -2.006 -6.075 -7.092 -7.570
0.03 10.000 1.0898990631 2.4899640083    0.759  3.542  3.4061 -0.647    8  0.535  0.471   685.02   254.96  0 -8.11e-07      0.04 6.527e-01 3.176e-01 4.612e-03 2.345e-03 1.305e-02 -1.000 2.967e-02 -4.085 3.833 4.397 3.028 0.372 -2.023 -6.105 -7.128 -7.612
0.03 10.000 1.0898995399 2.4899640083    0.750  3.549  3.4111 -0.640    8  0.536  0.471   674.45   250.11  0 -8.84e-07      0.04 6.527e-01 3.176e-01 4.612e-03 2.345e-03 1.305e-02 -1.000 2.967e-02 -4.103 3.834 4.390 3.018 0.360 -2.036 -6.119 -7.144 -7.629
0.03 10.000 1.0898995399 2.4899640083    0.749  3.362  3.4390 -0.341    8  0.536  0.471   354.29   143.30  0 -3.17e-07      0.01 6.527e-01 3.176e-01 4.612e-03 2.345e-03 1.305e-02 -1.000 2.967e-02 -3.634 3.739 4.260 2.887 0.480 -1.776 -5.650 -6.644 -7.086
0.03 10.000 1.0898996592 2.4899640083    0.747  3.189  3.4704 -0.044    8  0.536  0.471   186.61    82.22  0 -1.69e-07      0.00 6.527e-01 3.176e-01 4.612e-03 2.345e-03 1.305e-02 -1.000 2.967e-02 -3.202 3.749 4.043 2.787 0.525 -1.618 -5.177 -6.129 -6.538
0.03 10.000 1.0898996592 2.4899640083    0.743  3.036  3.4982  0.218    8  0.536  0.471   106.01    50.31  0  -9.6e-08      0.00 6.527e-01 3.176e-01 4.612e-03 2.345e-03 1.305e-02 -1.000 2.967e-02 -2.820 3.666 3.443 2.349 0.223 -1.859 -4.745 -5.640 -6.004
0.03 10.000 1.0898998976 2.4899640083    0.738  3.068  3.4920  0.158    8  0.536  0.471   120.66    56.07  0 -1.11e-07      0.00 6.527e-01 3.176e-01 4.612e-03 2.345e-03 1.305e-02 -1.000 2.967e-02 -2.899 3.701 3.660 2.575 0.381 -1.731 -4.837 -5.746 -6.122
0.03 10.000 1.0899000168 2.4899640083    0.732  3.187  3.4692 -0.056    8  0.536  0.471   191.90    83.36  0 -1.79e-07      0.00 6.527e-01 3.176e-01 4.612e-03 2.345e-03 1.305e-02 -1.000 2.967e-02 -3.199 3.773 4.079 2.812 0.547 -1.599 -5.175 -6.129 -6.540
0.03 10.000 1.0899002552 2.4899642467    0.724  3.330  3.4417 -0.314    8  0.537  0.471   334.60   134.02  0 -3.11e-07      0.01 6.527e-01 3.176e-01 4.612e-03 2.345e-03 1.305e-02 -1.000 2.967e-02 -3.556 3.770 4.276 2.907 0.521 -1.720 -5.568 -6.558 -6.998
0.03 10.000 1.0899004936 2.4899642467    0.714  3.446  3.4193 -0.524    8  0.537  0.471   527.47   197.19  0 -4.86e-07      0.02 6.527e-01 3.176e-01 4.612e-03 2.345e-03 1.305e-02 -1.000 2.967e-02 -3.844 3.820 4.427 3.107 0.519 -1.848 -5.877 -6.886 -7.351
0.03 10.000 1.0899008512 2.4899642467    0.704  3.518  3.4055 -0.658    8  0.537  0.471   705.75   251.38  0 -8.12e-07      0.04 6.527e-01 3.176e-01 4.612e-03 2.345e-03 1.305e-02 -1.000 2.967e-02 -4.024 3.910 4.471 3.097 0.438 -1.959 -6.044 -7.067 -7.553
0.03 10.000 1.0899010897 2.4899642467    0.691  3.553  3.3994 -0.726    8  0.538  0.471   818.47   282.63  0 -1.25e-06      0.08 6.527e-01 3.176e-01 4.612e-03 2.345e-03 1.305e-02 -1.000 2.967e-02 -4.113 4.112 4.588 3.144 0.431 -1.984 -6.105 -7.146 -7.651
0.03 10.000 1.0899014473 2.4899642467    0.678  3.568  3.3986 -0.752    8  0.538  0.471   868.94   293.71  0 -1.54e-06      0.11 6.527e-01 3.176e-01 4.612e-03 2.345e-03 1.305e-02 -1.000 2.967e-02 -4.150 4.272 4.686 3.198 0.449 -1.978 -6.119 -7.172 -7.691
0.03 10.000 1.0899019241 2.4899644852    0.664  3.575  3.4332 -0.630    8  0.539  0.471   671.02   231.08  0  -1.5e-06      0.11 6.527e-01 3.176e-01 4.612e-03 2.345e-03 1.305e-02 -1.000 2.967e-02 -4.168 4.063 4.408 2.845 0.253 -2.086 -6.124 -7.163 -7.667
0.03 10.000 1.0899019241 2.4899644852    0.663  3.397  3.4390 -0.429    8  0.539  0.471   435.02   158.69  0 -5.46e-07      0.02 6.527e-01 3.176e-01 4.612e-03 2.345e-03 1.305e-02 -1.000 2.967e-02 -3.722 3.837 4.327 2.898 0.457 -1.813 -5.730 -6.731 -7.187
0.03 10.000 1.0899020433 2.4899644852    0.660  3.226  3.4765 -0.110    8  0.539  0.471   218.84    87.30  0 -3.03e-07      0.01 6.527e-01 3.176e-01 4.612e-03 2.345e-03 1.305e-02 -1.000 2.967e-02 -3.294 3.708 3.907 2.667 0.386 -1.762 -5.258 -6.197 -6.607
0.03 10.000 1.0899020433 2.4899644852    0.655  3.074  3.5119  0.180    8  0.539  0.471   117.15    50.53  0 -1.77e-07      0.00 6.527e-01 3.176e-01 4.612e-03 2.345e-03 1.305e-02 -1.000 2.967e-02 -2.914 3.483 2.752 1.510 -0.414 -2.392 -4.807 -5.669 -6.017
0.03 10.000 1.0899022818 2.4899644852    0.648  3.106  3.5094  0.133    8  0.539  0.471   130.13    54.79  0 -2.11e-07      0.00 6.527e-01 3.176e-01 4.612e-03 2.345e-03 1.305e-02 -1.000 2.967e-02 -2.995 3.475 2.830 1.612 -0.373 -2.384 -4.894 -5.760 -6.115
0.03 10.000 1.0899024010 2.4899644852    0.638  3.225  3.4891 -0.073    8  0.540  0.471   204.04    79.73  0 -3.51e-07      0.01 6.527e-01 3.176e-01 4.612e-03 2.345e-03 1.305e-02 -1.000 2.967e-02 -3.292 3.594 3.587 2.447 0.166 -1.979 -5.233 -6.142 -6.538
0.03 10.000 1.0899026394 2.4899644852    0.627  3.366  3.4646 -0.320    8  0.540  0.471   350.09   124.78  0 -6.36e-07      0.03 6.527e-01 3.176e-01 4.612e-03 2.345e-03 1.305e-02 -1.000 2.967e-02 -3.645 3.735 4.007 2.616 0.271 -1.911 -5.616 -6.583 -7.023
0.03 10.000 1.0899028778 2.4899647236    0.614  3.481  3.4480 -0.511    8  0.540  0.471   533.44   175.02  0 -1.06e-06      0.07 6.527e-01 3.176e-01 4.612e-03 2.345e-03 1.305e-02 -1.000 2.967e-02 -3.932 3.905 4.249 2.719 0.268 -1.985 -5.898 -6.906 -7.381
0.03 10.000 1.0899032354 2.4899647236    0.600  3.554  3.4445 -0.608    8  0.541  0.471   668.70   205.23  0 -1.58e-06      0.19 6.527e-01 3.176e-01 4.612e-03 2.345e-03 1.305e-02 -1.000 2.967e-02 -4.114 4.465 4.597 2.917 0.330 -1.981 -5.997 -7.051 -7.577
0.03 10.000 1.0899034739 2.4899647236    0.583  3.591  3.4545 -0.617    8  0.541  0.471   700.34   202.34  0 -2.37e-06      0.33 6.527e-01 3.176e-01 4.612e-03 2.345e-03 1.305e-02 -1.000 2.967e-02 -4.207 5.032 4.821 3.006 0.350 -1.963 -5.977 -7.062 -7.634
0.03 10.000 1.0899038315 2.4899647236    0.566  3.608  3.4762 -0.561    8  0.542  0.471   652.23   173.21  0 -2.79e-06      0.38 6.527e-01 3.176e-01 4.612e-03 2.345e-03 1.305e-02 -1.000 2.967e-02 -4.250 5.007 4.499 2.801 0.128 -2.166 -5.961 -7.010 -7.581
0.03 10.000 1.0899043083 2.4899649620    0.547  3.618  3.5405 -0.328    8  0.542  0.471   465.26    97.84  0 -3.76e-06      0.42 6.527e-01 3.176e-01 4.612e-03 2.345e-03 1.305e-02 -1.000 2.967e-02 -4.275 4.307 1.594 -0.453 -2.193 -3.932 -5.828 -6.754 -7.281
0.03 10.000 1.0899051428 2.4899649620    0.542 -9.999  4.0616  2.021    9  0.542  0.471     0.00     0.00 -1 -1.84e-30      0.00 6.527e-01 3.176e-01 4.612e-03 2.345e-03 1.305e-02 -1.000 2.967e-02 29.767 29.717 30.213 30.302 30.310 30.338 30.467 30.491 30.523
