# Wavelenght Flux
6803.474 1.350
6804.040 1.351
6804.606 1.355
6805.173 1.364
6805.739 1.364
6806.305 1.352
6806.872 1.336
6807.438 1.351
6808.004 1.358
6808.570 1.352
6809.137 1.352
6809.703 1.347
6810.269 1.346
6810.836 1.354
6811.402 1.355
6811.968 1.359
6812.535 1.365
6813.101 1.368
6813.667 1.359
6814.234 1.353
6814.800 1.335
6815.366 1.353
6815.932 1.367
6816.499 1.379
6817.065 1.381
6817.631 1.381
6818.198 1.374
6818.764 1.374
6819.330 1.373
6819.897 1.364
6820.463 1.360
6821.029 1.371
6821.596 1.374
6822.162 1.373
6822.728 1.379
6823.294 1.382
6823.861 1.381
6824.427 1.381
6824.993 1.379
6825.560 1.380
6826.126 1.379
6826.692 1.374
6827.259 1.372
6827.825 1.353
6828.391 1.348
6828.958 1.361
6829.524 1.373
6830.090 1.381
6830.656 1.383
6831.223 1.387
6831.789 1.386
6832.355 1.373
6832.922 1.368
6833.488 1.379
6834.054 1.383
6834.621 1.385
6835.187 1.380
6835.753 1.386
6836.320 1.385
6836.886 1.377
6837.452 1.379
6838.018 1.379
6838.585 1.376
6839.151 1.366
6839.717 1.354
6840.284 1.356
6840.850 1.348
6841.416 1.329
6841.983 1.347
6842.549 1.347
6843.115 1.340
6843.682 1.347
6844.248 1.368
6844.814 1.387
6845.380 1.386
6845.947 1.380
6846.513 1.375
6847.079 1.377
6847.646 1.383
6848.212 1.383
6848.778 1.383
6849.345 1.391
6849.911 1.393
6850.477 1.391
6851.044 1.383
6851.610 1.385
6852.176 1.391
6852.742 1.394
6853.309 1.392
6853.875 1.383
6854.441 1.363
6855.008 1.343
6855.574 1.350
6856.140 1.373
6856.707 1.380
6857.273 1.379
6857.839 1.367
6858.406 1.377
6858.972 1.382
6859.538 1.382
6860.104 1.370
6860.671 1.358
6861.237 1.349
6861.803 1.344
6862.370 1.365
6862.936 1.389
6863.502 1.394
6864.069 1.393
6864.635 1.400
6865.201 1.395
6865.768 1.389
6866.334 1.391
6866.900 1.419
6867.466 1.474
6868.033 1.463
6868.599 1.417
6869.165 1.344
6869.732 1.338
6870.298 1.368
6870.864 1.400
6871.431 1.394
6871.997 1.321
6872.563 1.369
6873.130 1.362
6873.696 1.361
6874.262 1.396
6874.828 1.372
6875.395 1.357
6875.961 1.346
6876.527 1.376
6877.094 1.395
6877.660 1.360
6878.226 1.341
6878.793 1.368
6879.359 1.391
6879.925 1.371
6880.492 1.354
6881.058 1.336
6881.624 1.343
6882.190 1.370
6882.757 1.371
6883.323 1.376
6883.889 1.393
6884.456 1.382
6885.022 1.362
6885.588 1.409
6886.155 1.395
6886.721 1.357
6887.287 1.328
6887.854 1.320
6888.420 1.391
6888.986 1.440
6889.552 1.407
6890.119 1.371
6890.685 1.320
6891.251 1.351
6891.818 1.393
6892.384 1.422
6892.950 1.410
6893.517 1.377
6894.083 1.342
6894.649 1.329
6895.216 1.342
6895.782 1.402
6896.348 1.428
6896.914 1.393
6897.481 1.334
6898.047 1.321
6898.613 1.366
6899.180 1.377
6899.746 1.400
6900.312 1.390
6900.879 1.363
6901.445 1.344
6902.011 1.327
6902.578 1.361
6903.144 1.373
6903.710 1.403
6904.276 1.408
6904.843 1.388
6905.409 1.365
6905.975 1.340
6906.542 1.351
6907.108 1.376
6907.674 1.390
6908.241 1.400
6908.807 1.394
6909.373 1.381
6909.940 1.348
6910.506 1.331
6911.072 1.351
6911.638 1.376
6912.205 1.386
6912.771 1.382
6913.337 1.373
6913.904 1.342
6914.470 1.283
6915.036 1.308
6915.603 1.358
6916.169 1.369
6916.735 1.363
6917.302 1.385
6917.868 1.382
6918.434 1.358
6919.000 1.368
6919.567 1.350
6920.133 1.351
6920.699 1.373
6921.266 1.404
6921.832 1.402
6922.398 1.395
6922.965 1.405
6923.531 1.395
6924.097 1.358
6924.664 1.336
6925.230 1.315
6925.796 1.327
6926.362 1.376
6926.929 1.376
6927.495 1.364
6928.061 1.371
6928.628 1.379
6929.194 1.372
6929.760 1.367
6930.327 1.333
6930.893 1.345
6931.459 1.350
6932.026 1.344
6932.592 1.323
6933.158 1.329
6933.724 1.345
6934.291 1.355
6934.857 1.355
6935.423 1.364
6935.990 1.373
6936.556 1.372
6937.122 1.372
6937.689 1.385
6938.255 1.362
6938.821 1.322
6939.388 1.336
6939.954 1.374
6940.520 1.363
6941.086 1.336
6941.653 1.356
6942.219 1.374
6942.785 1.349
6943.352 1.333
6943.918 1.346
6944.484 1.285
6945.051 1.260
6945.617 1.328
6946.183 1.392
6946.750 1.396
6947.316 1.389
6947.882 1.364
6948.448 1.345
6949.015 1.377
6949.581 1.379
6950.147 1.353
6950.714 1.341
6951.280 1.327
6951.846 1.337
6952.413 1.364
6952.979 1.371
6953.545 1.348
6954.112 1.324
6954.678 1.327
6955.244 1.345
6955.810 1.383
6956.377 1.363
6956.943 1.255
6957.509 1.234
6958.076 1.333
6958.642 1.384
6959.208 1.384
6959.775 1.346
6960.341 1.317
6960.907 1.354
6961.474 1.336
6962.040 1.287
6962.606 1.319
6963.172 1.391
6963.739 1.408
6964.305 1.406
6964.871 1.376
6965.438 1.351
6966.004 1.364
6966.570 1.392
6967.137 1.410
6967.703 1.417
6968.269 1.413
6968.836 1.417
6969.402 1.417
6969.968 1.410
6970.534 1.388
6971.101 1.368
6971.667 1.360
6972.233 1.378
6972.800 1.405
6973.366 1.414
6973.932 1.406
6974.499 1.396
6975.065 1.393
6975.631 1.395
6976.198 1.393
6976.764 1.394
6977.330 1.383
6977.896 1.316
6978.463 1.260
6979.029 1.297
6979.595 1.363
6980.162 1.398
6980.728 1.408
6981.294 1.399
6981.861 1.380
6982.427 1.382
6982.993 1.397
6983.560 1.414
6984.126 1.407
6984.692 1.402
6985.258 1.395
6985.825 1.383
6986.391 1.381
6986.957 1.347
6987.524 1.321
6988.090 1.340
6988.656 1.354
6989.223 1.319
6989.789 1.276
6990.355 1.319
6990.922 1.357
6991.488 1.363
6992.054 1.380
6992.620 1.375
6993.187 1.359
6993.753 1.326
6994.319 1.283
6994.886 1.289
6995.452 1.354
6996.018 1.403
6996.585 1.400
6997.151 1.413
6997.717 1.413
6998.284 1.380
6998.850 1.324
6999.416 1.254
6999.982 1.256
7000.549 1.347
7001.115 1.390
7001.681 1.391
7002.248 1.403
7002.814 1.391
7003.380 1.371
7003.947 1.370
7004.513 1.364
7005.079 1.305
7005.646 1.237
7006.212 1.280
7006.778 1.349
7007.344 1.371
7007.911 1.375
7008.477 1.388
7009.043 1.390
7009.610 1.393
7010.176 1.380
7010.742 1.367
7011.309 1.353
7011.875 1.327
7012.441 1.338
7013.008 1.390
7013.574 1.408
7014.140 1.401
7014.706 1.386
7015.273 1.356
7015.839 1.282
7016.405 1.228
7016.972 1.224
7017.538 1.281
7018.104 1.358
7018.671 1.396
7019.237 1.397
7019.803 1.381
7020.370 1.372
7020.936 1.388
7021.502 1.384
7022.068 1.387
7022.635 1.376
7023.201 1.358
7023.767 1.314
7024.334 1.284
7024.900 1.331
7025.466 1.373
7026.033 1.391
7026.599 1.392
7027.165 1.349
7027.732 1.288
7028.298 1.255
7028.864 1.310
7029.430 1.375
7029.997 1.391
7030.563 1.397
7031.129 1.398
7031.696 1.395
7032.262 1.394
7032.828 1.400
7033.395 1.405
7033.961 1.411
7034.527 1.408
7035.094 1.416
7035.660 1.429
7036.226 1.431
7036.792 1.414
7037.359 1.375
7037.925 1.299
7038.491 1.290
7039.058 1.347
7039.624 1.374
7040.190 1.335
7040.757 1.332
7041.323 1.391
7041.889 1.420
7042.456 1.410
7043.022 1.415
7043.588 1.416
7044.154 1.407
7044.721 1.387
7045.287 1.380
7045.853 1.396
7046.420 1.408
7046.986 1.413
7047.552 1.399
7048.119 1.402
7048.685 1.412
7049.251 1.416
7049.818 1.421
7050.384 1.411
7050.950 1.387
7051.516 1.348
7052.083 1.325
7052.649 1.318
7053.215 1.307
7053.782 1.338
7054.348 1.385
7054.914 1.402
7055.481 1.408
7056.047 1.411
7056.613 1.417
7057.180 1.406
7057.746 1.379
7058.312 1.385
7058.878 1.387
7059.445 1.370
7060.011 1.365
7060.577 1.361
7061.144 1.365
7061.710 1.373
7062.276 1.374
7062.843 1.371
7063.409 1.390
7063.975 1.399
7064.542 1.397
7065.108 1.395
7065.674 1.370
7066.240 1.336
7066.807 1.343
7067.373 1.360
7067.939 1.349
7068.506 1.344
7069.072 1.366
7069.638 1.391
7070.205 1.408
7070.771 1.415
7071.337 1.417
7071.904 1.410
7072.470 1.402
7073.036 1.397
7073.602 1.408
7074.169 1.406
7074.735 1.401
7075.301 1.406
7075.868 1.390
7076.434 1.387
7077.000 1.406
7077.567 1.415
7078.133 1.402
7078.699 1.375
7079.266 1.374
7079.832 1.384
7080.398 1.388
7080.964 1.401
7081.531 1.415
7082.097 1.407
7082.663 1.409
7083.230 1.394
7083.796 1.380
7084.362 1.343
7084.929 1.331
7085.495 1.372
7086.061 1.398
7086.628 1.389
7087.194 1.388
7087.760 1.408
7088.326 1.394
7088.893 1.370
7089.459 1.373
7090.025 1.371
7090.592 1.377
7091.158 1.404
7091.724 1.400
7092.291 1.392
7092.857 1.392
7093.423 1.397
7093.990 1.402
7094.556 1.397
7095.122 1.396
7095.688 1.407
7096.255 1.405
7096.821 1.399
7097.387 1.391
7097.954 1.403
7098.520 1.402
7099.086 1.405
7099.653 1.398
7100.219 1.397
7100.785 1.397
7101.352 1.391
7101.918 1.390
7102.484 1.384
7103.050 1.375
7103.617 1.389
7104.183 1.410
7104.749 1.415
7105.316 1.411
7105.882 1.407
7106.448 1.389
7107.015 1.360
7107.581 1.373
7108.147 1.400
7108.714 1.414
7109.280 1.407
7109.846 1.388
7110.412 1.363
7110.979 1.357
7111.545 1.360
7112.111 1.372
7112.678 1.390
7113.244 1.404
7113.810 1.419
7114.377 1.407
7114.943 1.401
7115.509 1.409
7116.076 1.409
7116.642 1.400
7117.208 1.404
7117.774 1.406
7118.341 1.404
7118.907 1.385
7119.473 1.370
7120.040 1.378
7120.606 1.392
7121.172 1.392
7121.739 1.349
7122.305 1.341
7122.871 1.376
7123.438 1.400
7124.004 1.414
7124.570 1.409
7125.136 1.403
7125.703 1.392
7126.269 1.398
7126.835 1.402
7127.402 1.403
7127.968 1.415
7128.534 1.402
7129.101 1.371
7129.667 1.355
7130.233 1.337
7130.800 1.328
7131.366 1.360
7131.932 1.384
7132.498 1.384
7133.065 1.393
7133.631 1.408
7134.197 1.414
7134.764 1.400
7135.330 1.385
7135.896 1.389
7136.463 1.413
7137.029 1.419
7137.595 1.402
7138.162 1.369
7138.728 1.350
7139.294 1.358
7139.860 1.379
7140.427 1.399
7140.993 1.404
7141.559 1.408
7142.126 1.402
7142.692 1.392
7143.258 1.389
7143.825 1.387
7144.391 1.392
7144.957 1.392
7145.524 1.399
7146.090 1.409
7146.656 1.397
7147.222 1.353
7147.789 1.272
7148.355 1.265
7148.921 1.344
7149.488 1.397
7150.054 1.390
7150.620 1.371
7151.187 1.348
7151.753 1.345
7152.319 1.380
7152.886 1.407
7153.452 1.413
7154.018 1.398
7154.584 1.381
7155.151 1.373
7155.717 1.375
7156.283 1.395
7156.850 1.391
7157.416 1.388
7157.982 1.396
7158.549 1.393
7159.115 1.377
7159.681 1.339
7160.248 1.330
7160.814 1.377
7161.380 1.417
7161.946 1.415
7162.513 1.393
7163.079 1.365
7163.645 1.350
7164.212 1.306
7164.778 1.297
7165.344 1.326
7165.911 1.351
7166.477 1.401
7167.043 1.409
7167.610 1.432
7168.176 1.413
7168.742 1.368
7169.308 1.377
7169.875 1.396
7170.441 1.408
7171.007 1.400
7171.574 1.370
7172.140 1.394
7172.706 1.444
7173.273 1.457
7173.839 1.418
7174.405 1.369
7174.972 1.350
7175.538 1.369
7176.104 1.386
7176.670 1.382
7177.237 1.445
7177.803 1.443
7178.369 1.350
7178.936 1.375
7179.502 1.353
7180.068 1.339
7180.635 1.328
7181.201 1.354
7181.767 1.407
7182.334 1.384
7182.900 1.389
7183.466 1.385
7184.032 1.410
7184.599 1.477
7185.165 1.423
7185.731 1.396
7186.298 1.469
7186.864 1.384
7187.430 1.303
7187.997 1.296
7188.563 1.301
7189.129 1.352
7189.696 1.344
7190.262 1.365
7190.828 1.415
7191.394 1.486
7191.961 1.453
7192.527 1.311
7193.093 1.349
7193.660 1.437
7194.226 1.402
7194.792 1.382
7195.359 1.426
7195.925 1.376
7196.491 1.350
7197.058 1.362
7197.624 1.399
7198.190 1.395
7198.756 1.384
7199.323 1.378
7199.889 1.392
7200.455 1.434
7201.022 1.433
7201.588 1.334
7202.154 1.289
7202.721 1.351
7203.287 1.398
7203.853 1.440
7204.420 1.479
7204.986 1.409
7205.552 1.382
7206.118 1.422
7206.685 1.381
7207.251 1.279
7207.817 1.332
7208.384 1.385
7208.950 1.361
7209.516 1.379
7210.083 1.407
7210.649 1.400
7211.215 1.430
7211.782 1.411
7212.348 1.380
7212.914 1.360
7213.480 1.378
7214.047 1.381
7214.613 1.373
7215.179 1.375
7215.746 1.355
7216.312 1.370
7216.878 1.398
7217.445 1.388
7218.011 1.392
7218.577 1.401
7219.144 1.374
7219.710 1.352
7220.276 1.379
7220.842 1.377
7221.409 1.387
7221.975 1.391
7222.541 1.381
7223.108 1.350
7223.674 1.306
7224.240 1.254
7224.807 1.301
7225.373 1.384
7225.939 1.393
7226.506 1.408
7227.072 1.428
7227.638 1.439
7228.204 1.373
7228.771 1.338
7229.337 1.374
7229.903 1.391
7230.470 1.412
7231.036 1.399
7231.602 1.397
7232.169 1.441
7232.735 1.462
7233.301 1.422
7233.868 1.397
7234.434 1.470
7235.000 1.463
7235.566 1.384
7236.133 1.406
7236.699 1.391
7237.265 1.371
7237.832 1.383
7238.398 1.392
7238.964 1.400
7239.531 1.375
7240.097 1.405
7240.663 1.463
7241.230 1.425
7241.796 1.368
7242.362 1.395
7242.928 1.402
7243.495 1.470
7244.061 1.421
7244.627 1.305
7245.194 1.362
7245.760 1.392
7246.326 1.382
7246.893 1.393
7247.459 1.437
7248.025 1.407
7248.592 1.421
7249.158 1.421
7249.724 1.391
7250.290 1.395
7250.857 1.366
7251.423 1.337
7251.989 1.402
7252.556 1.457
7253.122 1.416
7253.688 1.374
7254.255 1.345
7254.821 1.383
7255.387 1.411
7255.954 1.405
7256.520 1.412
7257.086 1.422
7257.652 1.435
7258.219 1.405
7258.785 1.391
7259.351 1.397
7259.918 1.405
7260.484 1.397
7261.050 1.354
7261.617 1.317
7262.183 1.345
7262.749 1.392
7263.316 1.397
7263.882 1.389
7264.448 1.429
7265.014 1.432
7265.581 1.426
7266.147 1.405
7266.713 1.365
7267.280 1.409
7267.846 1.400
7268.412 1.396
7268.979 1.386
7269.545 1.407
7270.111 1.427
7270.678 1.385
7271.244 1.372
7271.810 1.383
7272.376 1.402
7272.943 1.444
7273.509 1.399
7274.075 1.358
7274.642 1.385
7275.208 1.403
7275.774 1.414
7276.341 1.403
7276.907 1.406
7277.473 1.410
7278.040 1.380
7278.606 1.391
7279.172 1.387
7279.738 1.395
7280.305 1.410
7280.871 1.416
7281.437 1.382
7282.004 1.350
7282.570 1.347
7283.136 1.364
7283.703 1.384
7284.269 1.380
7284.835 1.374
7285.402 1.403
7285.968 1.417
7286.534 1.403
7287.100 1.426
7287.667 1.443
7288.233 1.359
7288.799 1.300
7289.366 1.352
7289.932 1.437
7290.498 1.457
7291.065 1.363
7291.631 1.325
7292.197 1.359
7292.764 1.349
7293.330 1.361
7293.896 1.400
7294.462 1.418
7295.029 1.424
7295.595 1.393
7296.161 1.396
7296.728 1.378
7297.294 1.364
7297.860 1.374
7298.427 1.374
7298.993 1.363
7299.559 1.384
7300.126 1.392
7300.692 1.365
7301.258 1.369
7301.824 1.402
7302.391 1.406
7302.957 1.387
7303.523 1.404
7304.090 1.428
7304.656 1.401
7305.222 1.374
7305.789 1.391
7306.355 1.361
7306.921 1.353
7307.488 1.358
7308.054 1.352
7308.620 1.393
7309.186 1.430
7309.753 1.416
7310.319 1.367
7310.885 1.340
7311.452 1.350
7312.018 1.383
7312.584 1.408
7313.151 1.406
7313.717 1.376
7314.283 1.385
7314.850 1.372
7315.416 1.383
7315.982 1.375
7316.548 1.366
7317.115 1.407
7317.681 1.401
7318.247 1.378
7318.814 1.385
7319.380 1.373
7319.946 1.361
7320.513 1.351
7321.079 1.384
7321.645 1.389
7322.212 1.379
7322.778 1.398
7323.344 1.373
7323.910 1.368
7324.477 1.381
7325.043 1.341
7325.609 1.295
7326.176 1.315
7326.742 1.373
7327.308 1.401
7327.875 1.386
7328.441 1.387
7329.007 1.386
7329.574 1.381
7330.140 1.387
7330.706 1.375
7331.272 1.363
7331.839 1.385
7332.405 1.408
7332.971 1.379
7333.538 1.314
7334.104 1.234
7334.670 1.254
7335.237 1.335
7335.803 1.334
7336.369 1.333
7336.936 1.381
7337.502 1.407
7338.068 1.413
7338.634 1.416
7339.201 1.412
7339.767 1.404
7340.333 1.401
7340.900 1.403
7341.466 1.409
7342.032 1.404
7342.599 1.398
7343.165 1.407
7343.731 1.373
7344.298 1.306
7344.864 1.270
7345.430 1.302
7345.996 1.357
7346.563 1.399
7347.129 1.408
7347.695 1.409
7348.262 1.391
7348.828 1.369
7349.394 1.346
7349.961 1.291
7350.527 1.266
7351.093 1.313
7351.660 1.383
7352.226 1.413
7352.792 1.410
7353.358 1.394
7353.925 1.376
7354.491 1.358
7355.057 1.333
7355.624 1.311
7356.190 1.336
7356.756 1.340
7357.323 1.298
7357.889 1.299
7358.455 1.361
7359.022 1.408
7359.588 1.394
7360.154 1.385
7360.720 1.361
7361.287 1.311
7361.853 1.299
7362.419 1.316
7362.986 1.358
7363.552 1.350
7364.118 1.319
7364.685 1.327
7365.251 1.381
7365.817 1.369
7366.384 1.329
7366.950 1.347
7367.516 1.397
7368.082 1.410
7368.649 1.378
7369.215 1.331
7369.781 1.301
7370.348 1.333
7370.914 1.387
7371.480 1.403
7372.047 1.383
7372.613 1.383
7373.179 1.404
7373.746 1.409
7374.312 1.389
7374.878 1.390
7375.444 1.394
7376.011 1.399
7376.577 1.400
7377.143 1.393
7377.710 1.409
7378.276 1.403
7378.842 1.384
7379.409 1.394
7379.975 1.412
7380.541 1.413
7381.108 1.403
7381.674 1.391
7382.240 1.369
7382.806 1.364
7383.373 1.375
7383.939 1.362
7384.505 1.330
7385.072 1.338
7385.638 1.365
7386.204 1.379
7386.771 1.397
7387.337 1.395
7387.903 1.396
7388.470 1.387
7389.036 1.343
7389.602 1.345
7390.168 1.379
7390.735 1.383
7391.301 1.378
7391.867 1.368
7392.434 1.357
7393.000 1.346
7393.566 1.349
7394.133 1.396
7394.699 1.423
7395.265 1.429
7395.832 1.416
7396.398 1.392
7396.964 1.365
7397.530 1.361
7398.097 1.374
7398.663 1.394
7399.229 1.397
7399.796 1.360
7400.362 1.362
7400.928 1.386
7401.495 1.386
7402.061 1.396
7402.627 1.411
7403.194 1.416
7403.760 1.421
7404.326 1.420
7404.892 1.401
7405.459 1.370
7406.025 1.377
7406.591 1.396
7407.158 1.404
7407.724 1.405
7408.290 1.380
7408.857 1.338
7409.423 1.342
7409.989 1.385
7410.556 1.359
7411.122 1.328
7411.688 1.364
7412.254 1.409
7412.821 1.418
7413.387 1.403
7413.953 1.355
7414.520 1.336
7415.086 1.341
7415.652 1.346
7416.219 1.367
7416.785 1.382
7417.351 1.385
7417.918 1.393
7418.484 1.386
7419.050 1.394
7419.616 1.403
7420.183 1.411
7420.749 1.410
7421.315 1.389
7421.882 1.336
7422.448 1.328
7423.014 1.329
7423.581 1.327
7424.147 1.363
7424.713 1.389
7425.280 1.393
7425.846 1.393
7426.412 1.389
7426.978 1.396
7427.545 1.409
7428.111 1.405
7428.677 1.400
7429.244 1.403
7429.810 1.397
7430.376 1.383
7430.943 1.383
7431.509 1.386
7432.075 1.384
7432.642 1.385
7433.208 1.393
7433.774 1.410
7434.340 1.417
7434.907 1.409
7435.473 1.403
7436.039 1.403
7436.606 1.405
7437.172 1.401
7437.738 1.408
7438.305 1.410
7438.871 1.407
7439.437 1.401
7440.004 1.376
7440.570 1.363
7441.136 1.382
7441.702 1.390
7442.269 1.396
7442.835 1.402
7443.401 1.411
7443.968 1.423
7444.534 1.413
7445.100 1.375
7445.667 1.330
7446.233 1.367
7446.799 1.397
7447.366 1.405
7447.932 1.409
7448.498 1.408
7449.064 1.408
7449.631 1.403
7450.197 1.400
7450.763 1.410
7451.330 1.415
7451.896 1.414
7452.462 1.411
7453.029 1.418
7453.595 1.420
7454.161 1.424
7454.728 1.427
7455.294 1.425
7455.860 1.417
7456.426 1.409
7456.993 1.414
7457.559 1.415
7458.125 1.413
7458.692 1.414
7459.258 1.416
7459.824 1.426
7460.391 1.414
7460.957 1.379
7461.523 1.342
7462.090 1.326
7462.656 1.361
7463.222 1.394
7463.788 1.408
7464.355 1.419
7464.921 1.424
7465.487 1.425
7466.054 1.422
7466.620 1.424
7467.186 1.417
7467.753 1.415
7468.319 1.410
7468.885 1.413
7469.452 1.408
7470.018 1.403
7470.584 1.400
7471.150 1.399
7471.717 1.409
7472.283 1.412
7472.849 1.405
7473.416 1.410
7473.982 1.407
7474.548 1.403
7475.115 1.405
7475.681 1.413
7476.247 1.418
7476.814 1.422
7477.380 1.420
7477.946 1.414
7478.512 1.403
7479.079 1.400
7479.645 1.413
7480.211 1.416
7480.778 1.413
7481.344 1.406
7481.910 1.401
7482.477 1.397
7483.043 1.388
7483.609 1.386
7484.176 1.402
7484.742 1.412
7485.308 1.416
7485.874 1.417
7486.441 1.421
7487.007 1.427
7487.573 1.425
7488.140 1.417
7488.706 1.408
7489.272 1.394
7489.839 1.399
7490.405 1.410
7490.971 1.396
7491.538 1.386
7492.104 1.404
7492.670 1.414
7493.236 1.406
7493.803 1.381
7494.369 1.338
7494.935 1.313
7495.502 1.358
7496.068 1.407
7496.634 1.427
7497.201 1.435
7497.767 1.431
7498.333 1.419
7498.900 1.416
7499.466 1.422
7500.032 1.423
7500.598 1.418
7501.165 1.422
7501.731 1.428
7502.297 1.424
7502.864 1.419
7503.430 1.421
7503.996 1.424
7504.563 1.414
7505.129 1.416
7505.695 1.418
7506.262 1.404
7506.828 1.388
7507.394 1.398
7507.960 1.420
7508.527 1.428
7509.093 1.427
7509.659 1.411
7510.226 1.364
7510.792 1.316
7511.358 1.349
7511.925 1.410
7512.491 1.426
7513.057 1.431
7513.624 1.419
7514.190 1.416
7514.756 1.415
7515.322 1.417
7515.889 1.413
7516.455 1.420
7517.021 1.430
7517.588 1.424
7518.154 1.421
7518.720 1.419
7519.287 1.428
7519.853 1.426
7520.419 1.425
7520.986 1.425
7521.552 1.412
7522.118 1.388
7522.684 1.372
7523.251 1.395
7523.817 1.420
7524.383 1.397
7524.950 1.376
7525.516 1.401
7526.082 1.419
7526.649 1.411
7527.215 1.418
7527.781 1.426
7528.348 1.430
7528.914 1.422
7529.480 1.417
7530.046 1.411
7530.613 1.375
7531.179 1.372
7531.745 1.401
7532.312 1.415
7532.878 1.405
7533.444 1.413
7534.011 1.422
7534.577 1.419
7535.143 1.423
7535.710 1.425
7536.276 1.421
7536.842 1.417
7537.408 1.415
7537.975 1.414
7538.541 1.415
7539.107 1.410
7539.674 1.403
7540.240 1.399
7540.806 1.407
7541.373 1.415
7541.939 1.420
7542.505 1.415
7543.072 1.416
7543.638 1.422
7544.204 1.423
7544.770 1.419
7545.337 1.408
7545.903 1.393
7546.469 1.393
7547.036 1.411
7547.602 1.412
7548.168 1.419
7548.735 1.420
7549.301 1.418
7549.867 1.415
7550.434 1.417
7551.000 1.412
7551.566 1.422
7552.132 1.420
7552.699 1.415
7553.265 1.414
7553.831 1.401
7554.398 1.387
7554.964 1.364
7555.530 1.357
7556.097 1.391
7556.663 1.420
7557.229 1.413
7557.796 1.409
7558.362 1.404
7558.928 1.393
7559.494 1.389
7560.061 1.392
7560.627 1.397
7561.193 1.396
7561.760 1.382
7562.326 1.367
7562.892 1.377
7563.459 1.402
7564.025 1.404
7564.591 1.403
7565.158 1.405
7565.724 1.410
7566.290 1.413
7566.856 1.409
7567.423 1.401
7567.989 1.393
7568.555 1.369
7569.122 1.373
7569.688 1.395
7570.254 1.408
7570.821 1.411
7571.387 1.411
7571.953 1.412
7572.520 1.411
7573.086 1.400
7573.652 1.382
7574.218 1.383
7574.785 1.402
7575.351 1.413
7575.917 1.420
7576.484 1.425
7577.050 1.421
7577.616 1.415
7578.183 1.413
7578.749 1.415
7579.315 1.406
7579.882 1.396
7580.448 1.404
7581.014 1.400
7581.580 1.390
7582.147 1.392
7582.713 1.385
7583.279 1.351
7583.846 1.343
7584.412 1.443
7584.978 1.543
7585.545 1.499
7586.111 1.505
7586.677 1.568
7587.244 1.583
7587.810 1.564
7588.376 1.470
7588.942 1.417
7589.509 1.426
7590.075 1.404
7590.641 1.396
7591.208 1.394
7591.774 1.394
7592.340 1.413
7592.907 1.441
7593.473 1.449
7594.039 1.490
7594.606 1.480
7595.172 1.449
7595.738 1.457
7596.304 1.387
7596.871 1.310
7597.437 1.350
7598.003 1.358
7598.570 1.399
7599.136 1.481
7599.702 1.311
7600.269 1.514
7600.835 1.394
7601.401 1.243
7601.968 1.514
7602.534 1.374
7603.100 1.149
7603.666 1.397
7604.233 1.406
7604.799 1.172
7605.365 1.250
7605.932 1.325
7606.498 1.291
7607.064 1.280
7607.631 1.240
7608.197 1.293
7608.763 1.243
7609.330 1.351
7609.896 1.334
7610.462 1.290
7611.028 1.207
7611.595 1.304
7612.161 1.439
7612.727 1.365
7613.294 1.281
7613.860 1.169
7614.426 1.287
7614.993 1.415
7615.559 1.379
7616.125 1.292
7616.692 1.236
7617.258 1.297
7617.824 1.364
7618.390 1.369
7618.957 1.348
7619.523 1.357
7620.089 1.370
7620.656 1.446
7621.222 1.499
7621.788 1.323
7622.355 1.303
7622.921 1.436
7623.487 1.525
7624.054 1.411
7624.620 1.344
7625.186 1.266
7625.752 1.265
7626.319 1.384
7626.885 1.482
7627.451 1.478
7628.018 1.316
7628.584 1.265
7629.150 1.168
7629.717 1.255
7630.283 1.381
7630.849 1.461
7631.416 1.459
7631.982 1.299
7632.548 1.238
7633.114 1.148
7633.681 1.264
7634.247 1.355
7634.813 1.444
7635.380 1.495
7635.946 1.404
7636.512 1.313
7637.079 1.179
7637.645 1.221
7638.211 1.329
7638.778 1.368
7639.344 1.446
7639.910 1.464
7640.476 1.354
7641.043 1.303
7641.609 1.173
7642.175 1.282
7642.742 1.354
7643.308 1.389
7643.874 1.460
7644.441 1.484
7645.007 1.336
7645.573 1.252
7646.140 1.173
7646.706 1.302
7647.272 1.353
7647.838 1.339
7648.405 1.377
7648.971 1.447
7649.537 1.422
7650.104 1.341
7650.670 1.240
7651.236 1.237
7651.803 1.317
7652.369 1.340
7652.935 1.349
7653.502 1.382
7654.068 1.427
7654.634 1.380
7655.200 1.353
7655.767 1.297
7656.333 1.293
7656.899 1.317
7657.466 1.318
7658.032 1.326
7658.598 1.341
7659.165 1.393
7659.731 1.405
7660.297 1.359
7660.864 1.307
7661.430 1.303
7661.996 1.345
7662.562 1.359
7663.129 1.317
7663.695 1.245
7664.261 1.149
7664.828 1.129
7665.394 1.213
7665.960 1.346
7666.527 1.348
7667.093 1.291
7667.659 1.303
7668.226 1.338
7668.792 1.329
7669.358 1.339
7669.924 1.370
7670.491 1.430
7671.057 1.402
7671.623 1.381
7672.190 1.371
7672.756 1.334
7673.322 1.373
7673.889 1.365
7674.455 1.373
7675.021 1.373
7675.588 1.370
7676.154 1.383
7676.720 1.406
7677.286 1.383
7677.853 1.365
7678.419 1.343
7678.985 1.350
7679.552 1.354
7680.118 1.342
7680.684 1.361
7681.251 1.377
7681.817 1.378
7682.383 1.382
7682.950 1.382
7683.516 1.374
7684.082 1.371
7684.648 1.363
7685.215 1.367
7685.781 1.371
7686.347 1.365
7686.914 1.368
7687.480 1.365
7688.046 1.359
7688.613 1.357
7689.179 1.362
7689.745 1.357
7690.312 1.356
7690.878 1.334
7691.444 1.324
7692.010 1.347
7692.577 1.364
7693.143 1.369
7693.709 1.368
7694.276 1.373
7694.842 1.373
7695.408 1.376
7695.975 1.377
7696.541 1.361
7697.107 1.371
7697.674 1.353
7698.240 1.263
7698.806 1.187
7699.372 1.256
7699.939 1.352
7700.505 1.369
7701.071 1.376
7701.638 1.374
7702.204 1.371
7702.770 1.368
7703.337 1.363
7703.903 1.373
7704.469 1.357
7705.036 1.351
7705.602 1.367
7706.168 1.370
7706.734 1.374
7707.301 1.376
7707.867 1.371
7708.433 1.376
7709.000 1.368
7709.566 1.353
7710.132 1.336
7710.699 1.331
7711.265 1.339
7711.831 1.344
7712.398 1.355
7712.964 1.366
7713.530 1.319
7714.096 1.273
7714.663 1.300
7715.229 1.344
7715.795 1.373
7716.362 1.383
7716.928 1.381
7717.494 1.381
7718.061 1.366
7718.627 1.361
7719.193 1.368
7719.760 1.377
7720.326 1.376
7720.892 1.373
7721.458 1.365
7722.025 1.352
7722.591 1.331
7723.157 1.342
7723.724 1.366
7724.290 1.391
7724.856 1.384
7725.423 1.381
7725.989 1.380
7726.555 1.362
7727.122 1.338
7727.688 1.341
7728.254 1.378
7728.820 1.396
7729.387 1.387
7729.953 1.388
7730.519 1.391
7731.086 1.384
7731.652 1.399
7732.218 1.398
7732.785 1.394
7733.351 1.397
7733.917 1.397
7734.484 1.392
7735.050 1.395
7735.616 1.399
7736.182 1.398
7736.749 1.397
7737.315 1.404
7737.881 1.399
7738.448 1.396
7739.014 1.400
7739.580 1.399
7740.147 1.397
7740.713 1.399
7741.279 1.395
7741.846 1.378
7742.412 1.362
7742.978 1.373
7743.544 1.395
7744.111 1.397
7744.677 1.390
7745.243 1.386
7745.810 1.384
7746.376 1.385
7746.942 1.374
7747.509 1.334
7748.075 1.274
7748.641 1.284
7749.208 1.347
7749.774 1.388
7750.340 1.386
7750.906 1.380
7751.473 1.394
7752.039 1.408
7752.605 1.399
7753.172 1.399
7753.738 1.404
7754.304 1.407
7754.871 1.410
7755.437 1.414
7756.003 1.407
7756.570 1.402
7757.136 1.405
7757.702 1.402
7758.268 1.398
7758.835 1.391
7759.401 1.389
7759.967 1.394
7760.534 1.398
7761.100 1.402
7761.666 1.401
7762.233 1.402
7762.799 1.402
7763.365 1.401
7763.932 1.399
7764.498 1.397
7765.064 1.395
7765.630 1.397
7766.197 1.403
7766.763 1.398
7767.329 1.392
7767.896 1.394
7768.462 1.400
7769.028 1.406
7769.595 1.411
7770.161 1.405
7770.727 1.400
7771.294 1.390
7771.860 1.381
7772.426 1.388
7772.992 1.388
7773.559 1.385
7774.125 1.379
7774.691 1.385
7775.258 1.388
7775.824 1.391
7776.390 1.395
7776.957 1.405
7777.523 1.404
7778.089 1.407
7778.656 1.404
7779.222 1.395
7779.788 1.363
7780.354 1.332
7780.921 1.364
7781.487 1.393
7782.053 1.406
7782.620 1.414
7783.186 1.409
7783.752 1.414
7784.319 1.410
7784.885 1.410
7785.451 1.409
7786.018 1.408
7786.584 1.411
7787.150 1.407
7787.716 1.396
7788.283 1.354
7788.849 1.332
7789.415 1.373
7789.982 1.409
7790.548 1.423
7791.114 1.418
7791.681 1.419
7792.247 1.416
7792.813 1.418
7793.380 1.415
7793.946 1.419
7794.512 1.419
7795.078 1.422
7795.645 1.419
7796.211 1.423
7796.777 1.409
7797.344 1.378
7797.910 1.394
7798.476 1.415
7799.043 1.411
7799.609 1.396
7800.175 1.398
7800.742 1.415
7801.308 1.423
7801.874 1.420
7802.440 1.427
7803.007 1.423
7803.573 1.429
7804.139 1.429
7804.706 1.431
7805.272 1.423
7805.838 1.428
7806.405 1.428
7806.971 1.413
7807.537 1.404
7808.104 1.409
7808.670 1.434
7809.236 1.437
7809.802 1.433
7810.369 1.413
7810.935 1.410
7811.501 1.417
7812.068 1.432
7812.634 1.431
7813.200 1.435
7813.767 1.435
7814.333 1.434
7814.899 1.437
7815.466 1.430
7816.032 1.433
7816.598 1.438
7817.164 1.441
7817.731 1.436
7818.297 1.435
7818.863 1.435
7819.430 1.433
7819.996 1.437
7820.562 1.458
7821.129 1.453
7821.695 1.440
7822.261 1.442
7822.828 1.437
7823.394 1.439
7823.960 1.436
7824.526 1.434
7825.093 1.435
7825.659 1.431
7826.225 1.425
7826.792 1.425
7827.358 1.422
7827.924 1.426
7828.491 1.429
7829.057 1.429
7829.623 1.429
7830.190 1.431
7830.756 1.416
7831.322 1.389
7831.888 1.351
7832.455 1.367
7833.021 1.420
7833.587 1.429
7834.154 1.423
7834.720 1.405
7835.286 1.389
7835.853 1.382
7836.419 1.404
7836.985 1.427
7837.552 1.429
7838.118 1.430
7838.684 1.434
7839.250 1.434
7839.817 1.429
7840.383 1.421
7840.949 1.422
7841.516 1.429
7842.082 1.432
7842.648 1.434
7843.215 1.428
7843.781 1.431
7844.347 1.422
7844.914 1.424
7845.480 1.429
7846.046 1.428
7846.612 1.437
7847.179 1.433
7847.745 1.429
7848.311 1.433
7848.878 1.415
7849.444 1.404
7850.010 1.404
7850.577 1.415
7851.143 1.422
7851.709 1.425
7852.276 1.419
7852.842 1.420
7853.408 1.438
7853.974 1.443
7854.541 1.428
7855.107 1.419
7855.673 1.425
7856.240 1.431
7856.806 1.430
7857.372 1.438
7857.939 1.446
7858.505 1.444
7859.071 1.441
7859.638 1.443
7860.204 1.441
7860.770 1.441
7861.336 1.434
7861.903 1.436
7862.469 1.434
7863.035 1.431
7863.602 1.431
7864.168 1.431
7864.734 1.431
7865.301 1.432
7865.867 1.432
7866.433 1.416
7867.000 1.402
7867.566 1.417
7868.132 1.441
7868.698 1.437
7869.265 1.428
7869.831 1.425
7870.397 1.424
7870.964 1.412
7871.530 1.413
7872.096 1.417
7872.663 1.400
7873.229 1.394
7873.795 1.400
7874.362 1.416
7874.928 1.420
7875.494 1.422
7876.060 1.408
7876.627 1.393
7877.193 1.368
7877.759 1.387
7878.326 1.422
7878.892 1.430
7879.458 1.432
7880.025 1.421
7880.591 1.406
7881.157 1.382
7881.724 1.373
7882.290 1.387
7882.856 1.408
7883.422 1.427
7883.989 1.431
7884.555 1.421
7885.121 1.411
7885.688 1.415
7886.254 1.416
7886.820 1.417
7887.387 1.392
7887.953 1.387
7888.519 1.409
7889.086 1.425
7889.652 1.409
7890.218 1.405
7890.784 1.414
7891.351 1.423
7891.917 1.402
7892.483 1.382
7893.050 1.376
7893.616 1.369
7894.182 1.330
7894.749 1.336
7895.315 1.370
7895.881 1.358
7896.448 1.308
7897.014 1.316
7897.580 1.375
7898.146 1.404
7898.713 1.420
7899.279 1.427
7899.845 1.431
7900.412 1.421
7900.978 1.403
7901.544 1.378
7902.111 1.354
7902.677 1.336
7903.243 1.368
7903.810 1.384
7904.376 1.387
7904.942 1.409
7905.508 1.419
7906.075 1.434
7906.641 1.433
7907.207 1.433
7907.774 1.414
7908.340 1.380
7908.906 1.354
7909.473 1.312
7910.039 1.334
7910.605 1.396
7911.172 1.403
7911.738 1.376
7912.304 1.334
7912.870 1.312
7913.437 1.349
7914.003 1.424
7914.569 1.449
7915.136 1.431
7915.702 1.410
7916.268 1.373
7916.835 1.360
7917.401 1.341
7917.967 1.319
7918.534 1.346
7919.100 1.407
7919.666 1.418
7920.232 1.404
7920.799 1.392
7921.365 1.350
7921.931 1.347
7922.498 1.371
7923.064 1.384
7923.630 1.397
7924.197 1.400
7924.763 1.375
7925.329 1.358
7925.896 1.375
7926.462 1.400
7927.028 1.403
7927.594 1.391
7928.161 1.386
7928.727 1.370
7929.293 1.316
7929.860 1.314
7930.426 1.346
7930.992 1.387
7931.559 1.397
7932.125 1.372
7932.691 1.344
7933.258 1.365
7933.824 1.422
7934.390 1.436
7934.956 1.430
7935.523 1.436
7936.089 1.410
7936.655 1.353
7937.222 1.335
7937.788 1.368
7938.354 1.392
7938.921 1.397
7939.487 1.411
7940.053 1.422
7940.620 1.409
7941.186 1.401
7941.752 1.393
7942.318 1.394
7942.885 1.386
7943.451 1.358
7944.017 1.345
7944.584 1.370
7945.150 1.353
7945.716 1.346
7946.283 1.383
7946.849 1.433
7947.415 1.438
7947.982 1.410
7948.548 1.375
7949.114 1.380
7949.680 1.415
7950.247 1.426
7950.813 1.417
7951.379 1.392
7951.946 1.385
7952.512 1.414
7953.078 1.433
7953.645 1.423
7954.211 1.406
7954.777 1.406
7955.344 1.418
7955.910 1.418
7956.476 1.395
7957.042 1.408
7957.609 1.440
7958.175 1.433
7958.741 1.398
7959.308 1.355
7959.874 1.372
7960.440 1.399
7961.007 1.374
7961.573 1.345
7962.139 1.358
7962.706 1.363
7963.272 1.349
7963.838 1.325
7964.404 1.350
7964.971 1.375
7965.537 1.385
7966.103 1.429
7966.670 1.445
7967.236 1.441
7967.802 1.440
7968.369 1.412
7968.935 1.382
7969.501 1.376
7970.068 1.398
7970.634 1.418
7971.200 1.416
7971.766 1.398
7972.333 1.379
7972.899 1.402
7973.465 1.431
7974.032 1.426
7974.598 1.423
7975.164 1.418
7975.731 1.432
7976.297 1.440
7976.863 1.436
7977.430 1.428
7977.996 1.406
7978.562 1.396
7979.128 1.413
7979.695 1.432
7980.261 1.424
7980.827 1.400
7981.394 1.411
7981.960 1.442
7982.526 1.452
7983.093 1.454
7983.659 1.454
7984.225 1.423
7984.792 1.383
7985.358 1.377
7985.924 1.411
7986.490 1.398
7987.057 1.362
7987.623 1.361
7988.189 1.413
7988.756 1.444
7989.322 1.460
7989.888 1.463
7990.455 1.457
7991.021 1.440
7991.587 1.407
7992.154 1.398
7992.720 1.424
7993.286 1.434
7993.852 1.413
7994.419 1.381
7994.985 1.384
7995.551 1.413
7996.118 1.434
7996.684 1.444
7997.250 1.445
7997.817 1.428
7998.383 1.360
7998.949 1.308
7999.516 1.338
8000.082 1.394
8000.648 1.397
8001.214 1.373
8001.781 1.386
8002.347 1.411
8002.913 1.420
8003.480 1.418
8004.046 1.420
8004.612 1.431
8005.179 1.445
8005.745 1.445
8006.311 1.448
8006.878 1.444
8007.444 1.407
8008.010 1.326
8008.576 1.310
8009.143 1.394
8009.709 1.438
8010.275 1.443
8010.842 1.443
8011.408 1.421
8011.974 1.413
8012.541 1.421
8013.107 1.409
8013.673 1.379
8014.240 1.384
8014.806 1.406
8015.372 1.424
8015.938 1.439
8016.505 1.438
8017.071 1.435
8017.637 1.428
8018.204 1.431
8018.770 1.442
8019.336 1.447
8019.903 1.444
8020.469 1.437
8021.035 1.410
8021.602 1.402
8022.168 1.425
8022.734 1.429
8023.300 1.420
8023.867 1.391
8024.433 1.366
8024.999 1.361
8025.566 1.367
8026.132 1.364
8026.698 1.387
8027.265 1.392
8027.831 1.380
8028.397 1.370
8028.964 1.373
8029.530 1.384
8030.096 1.407
8030.662 1.431
8031.229 1.454
8031.795 1.453
8032.361 1.429
8032.928 1.440
8033.494 1.451
8034.060 1.432
8034.627 1.373
8035.193 1.364
8035.759 1.401
8036.326 1.436
8036.892 1.425
8037.458 1.403
8038.024 1.420
8038.591 1.447
8039.157 1.451
8039.723 1.425
8040.290 1.400
8040.856 1.411
8041.422 1.437
8041.989 1.446
8042.555 1.432
8043.121 1.398
8043.688 1.369
8044.254 1.360
8044.820 1.378
8045.386 1.361
8045.953 1.337
8046.519 1.350
8047.085 1.352
8047.652 1.365
8048.218 1.412
8048.784 1.408
8049.351 1.432
8049.917 1.406
8050.483 1.429
8051.050 1.444
8051.616 1.448
8052.182 1.424
8052.748 1.437
8053.315 1.408
8053.881 1.412
8054.447 1.431
8055.014 1.451
8055.580 1.438
8056.146 1.432
8056.713 1.416
8057.279 1.430
8057.845 1.404
8058.412 1.428
8058.978 1.426
8059.544 1.434
8060.110 1.405
8060.677 1.420
8061.243 1.428
8061.809 1.416
8062.376 1.427
8062.942 1.422
8063.508 1.418
8064.075 1.416
8064.641 1.439
8065.207 1.460
8065.774 1.443
8066.340 1.425
8066.906 1.424
8067.472 1.404
8068.039 1.386
8068.605 1.420
8069.171 1.422
8069.738 1.399
8070.304 1.376
8070.870 1.371
8071.437 1.398
8072.003 1.404
8072.569 1.425
8073.136 1.444
8073.702 1.438
8074.268 1.406
8074.834 1.375
8075.401 1.398
8075.967 1.432
8076.533 1.437
8077.100 1.430
8077.666 1.440
8078.232 1.454
8078.799 1.461
8079.365 1.437
8079.931 1.415
8080.498 1.394
8081.064 1.401
8081.630 1.415
8082.196 1.414
8082.763 1.421
8083.329 1.441
8083.895 1.435
8084.462 1.394
8085.028 1.358
8085.594 1.354
8086.161 1.373
8086.727 1.406
8087.293 1.421
8087.860 1.412
8088.426 1.441
8088.992 1.428
8089.558 1.413
8090.125 1.411
8090.691 1.417
8091.257 1.388
8091.824 1.372
8092.390 1.359
8092.956 1.361
8093.523 1.389
8094.089 1.426
8094.655 1.422
8095.222 1.401
8095.788 1.404
8096.354 1.401
8096.920 1.386
8097.487 1.370
8098.053 1.386
8098.619 1.391
8099.186 1.393
8099.752 1.400
8100.318 1.416
8100.885 1.428
8101.451 1.439
8102.017 1.404
8102.584 1.398
8103.150 1.401
8103.716 1.381
8104.282 1.386
8104.849 1.397
8105.415 1.391
8105.981 1.404
8106.548 1.400
8107.114 1.413
8107.680 1.411
8108.247 1.377
8108.813 1.356
8109.379 1.363
8109.946 1.385
8110.512 1.381
8111.078 1.405
8111.644 1.400
8112.211 1.415
8112.777 1.404
8113.343 1.371
8113.910 1.347
8114.476 1.305
8115.042 1.325
8115.609 1.356
8116.175 1.393
8116.741 1.369
8117.308 1.387
8117.874 1.435
8118.440 1.423
8119.006 1.393
8119.573 1.367
8120.139 1.368
8120.705 1.409
8121.272 1.422
8121.838 1.417
8122.404 1.416
8122.971 1.435
8123.537 1.407
8124.103 1.372
8124.670 1.370
8125.236 1.382
8125.802 1.371
8126.368 1.385
8126.935 1.397
8127.501 1.396
8128.067 1.414
8128.634 1.437
8129.200 1.455
8129.766 1.426
8130.333 1.392
8130.899 1.350
8131.465 1.340
8132.032 1.368
8132.598 1.376
8133.164 1.384
8133.730 1.432
8134.297 1.414
8134.863 1.377
8135.429 1.403
8135.996 1.371
8136.562 1.399
8137.128 1.384
8137.695 1.354
8138.261 1.393
8138.827 1.434
8139.394 1.400
8139.960 1.373
8140.526 1.391
8141.092 1.382
8141.659 1.367
8142.225 1.396
8142.791 1.362
8143.358 1.348
8143.924 1.400
8144.490 1.398
8145.057 1.375
8145.623 1.387
8146.189 1.424
8146.756 1.429
8147.322 1.450
8147.888 1.437
8148.454 1.430
8149.021 1.412
8149.587 1.404
8150.153 1.400
8150.720 1.386
8151.286 1.404
8151.852 1.412
8152.419 1.432
8152.985 1.430
8153.551 1.414
8154.118 1.408
8154.684 1.427
8155.250 1.378
8155.816 1.390
8156.383 1.421
8156.949 1.410
8157.515 1.410
8158.082 1.455
8158.648 1.432
8159.214 1.388
8159.781 1.397
8160.347 1.397
8160.913 1.366
8161.480 1.386
8162.046 1.461
8162.612 1.450
8163.178 1.394
8163.745 1.404
8164.311 1.447
8164.877 1.458
8165.444 1.385
8166.010 1.376
8166.576 1.376
8167.143 1.369
8167.709 1.378
8168.275 1.387
8168.842 1.408
8169.408 1.421
8169.974 1.440
8170.540 1.400
8171.107 1.379
8171.673 1.402
8172.239 1.395
8172.806 1.411
8173.372 1.400
8173.938 1.380
8174.505 1.373
8175.071 1.401
8175.637 1.403
8176.204 1.410
8176.770 1.466
8177.336 1.474
8177.902 1.442
8178.469 1.450
8179.035 1.415
8179.601 1.383
8180.168 1.380
8180.734 1.378
8181.300 1.397
8181.867 1.456
8182.433 1.338
8182.999 1.232
8183.566 1.310
8184.132 1.352
8184.698 1.369
8185.264 1.405
8185.831 1.416
8186.397 1.421
8186.963 1.376
8187.530 1.340
8188.096 1.370
8188.662 1.398
8189.229 1.491
8189.795 1.447
8190.361 1.387
8190.928 1.430
8191.494 1.410
8192.060 1.398
8192.626 1.400
8193.193 1.454
8193.759 1.349
8194.325 1.170
8194.892 1.217
8195.458 1.341
8196.024 1.425
8196.591 1.427
8197.157 1.432
8197.723 1.504
8198.290 1.448
8198.856 1.372
8199.422 1.427
8199.988 1.429
8200.555 1.417
8201.121 1.360
8201.687 1.355
8202.254 1.404
8202.820 1.407
8203.386 1.414
8203.953 1.410
8204.519 1.396
8205.085 1.388
8205.652 1.390
8206.218 1.418
8206.784 1.421
8207.350 1.405
8207.917 1.410
8208.483 1.436
8209.049 1.449
8209.616 1.427
8210.182 1.405
8210.748 1.389
8211.315 1.390
8211.881 1.390
8212.447 1.367
8213.014 1.324
8213.580 1.360
8214.146 1.405
8214.712 1.389
8215.279 1.386
8215.845 1.418
8216.411 1.449
8216.978 1.459
8217.544 1.448
8218.110 1.448
8218.677 1.408
8219.243 1.332
8219.809 1.293
8220.376 1.317
8220.942 1.383
8221.508 1.432
8222.074 1.422
8222.641 1.394
8223.207 1.406
8223.773 1.449
8224.340 1.467
8224.906 1.418
8225.472 1.412
8226.039 1.430
8226.605 1.433
8227.171 1.471
8227.738 1.483
8228.304 1.550
8228.870 1.535
8229.436 1.396
8230.003 1.436
8230.569 1.430
8231.135 1.455
8231.702 1.468
8232.268 1.396
8232.834 1.405
8233.401 1.424
8233.967 1.439
8234.533 1.413
8235.100 1.393
8235.666 1.406
8236.232 1.399
8236.798 1.361
8237.365 1.371
8237.931 1.395
8238.497 1.352
8239.064 1.365
8239.630 1.418
8240.196 1.422
8240.763 1.402
8241.329 1.372
8241.895 1.390
8242.462 1.415
8243.028 1.434
8243.594 1.444
8244.160 1.386
8244.727 1.405
8245.293 1.440
8245.859 1.436
8246.426 1.425
8246.992 1.412
8247.558 1.394
8248.125 1.399
8248.691 1.422
8249.257 1.447
8249.824 1.450
8250.390 1.449
8250.956 1.436
8251.522 1.432
8252.089 1.435
8252.655 1.443
8253.221 1.401
8253.788 1.366
8254.354 1.401
8254.920 1.436
8255.487 1.432
8256.053 1.428
8256.619 1.478
8257.186 1.398
8257.752 1.349
8258.318 1.383
8258.884 1.394
8259.451 1.449
8260.017 1.471
8260.583 1.405
8261.150 1.375
8261.716 1.399
8262.282 1.434
8262.849 1.430
8263.415 1.428
8263.981 1.410
8264.548 1.375
8265.114 1.395
8265.680 1.416
8266.246 1.414
8266.813 1.431
8267.379 1.433
8267.945 1.439
8268.512 1.450
8269.078 1.452
8269.644 1.435
8270.211 1.430
8270.777 1.441
8271.343 1.439
8271.910 1.445
8272.476 1.436
8273.042 1.397
8273.608 1.387
8274.175 1.431
8274.741 1.472
8275.307 1.392
8275.874 1.370
8276.440 1.425
8277.006 1.454
8277.573 1.424
8278.139 1.392
8278.705 1.405
8279.272 1.444
8279.838 1.463
8280.404 1.425
8280.970 1.410
8281.537 1.436
8282.103 1.478
8282.669 1.413
8283.236 1.386
8283.802 1.417
8284.368 1.429
8284.935 1.434
8285.501 1.444
8286.067 1.447
8286.634 1.434
8287.200 1.427
8287.766 1.470
8288.332 1.466
8288.899 1.379
8289.465 1.434
8290.031 1.433
8290.598 1.404
8291.164 1.441
8291.730 1.423
8292.297 1.424
8292.863 1.411
8293.429 1.404
8293.996 1.450
8294.562 1.460
8295.128 1.346
8295.694 1.362
8296.261 1.385
8296.827 1.367
8297.393 1.384
8297.960 1.388
8298.526 1.390
8299.092 1.406
8299.659 1.433
8300.225 1.475
8300.791 1.463
8301.358 1.372
8301.924 1.377
8302.490 1.402
8303.056 1.423
8303.623 1.429
8304.189 1.439
8304.755 1.440
8305.322 1.414
8305.888 1.345
8306.454 1.351
8307.021 1.382
8307.587 1.385
8308.153 1.414
8308.720 1.412
8309.286 1.397
8309.852 1.385
8310.418 1.381
8310.985 1.383
8311.551 1.387
8312.117 1.409
8312.684 1.379
8313.250 1.340
8313.816 1.375
8314.383 1.364
8314.949 1.355
8315.515 1.391
8316.082 1.431
8316.648 1.440
8317.214 1.410
8317.780 1.405
8318.347 1.449
8318.913 1.417
8319.479 1.380
8320.046 1.387
8320.612 1.379
8321.178 1.411
8321.745 1.451
8322.311 1.391
8322.877 1.378
8323.444 1.409
8324.010 1.433
8324.576 1.439
8325.142 1.429
8325.709 1.408
8326.275 1.317
8326.841 1.232
8327.408 1.280
8327.974 1.381
8328.540 1.425
8329.107 1.413
8329.673 1.404
8330.239 1.368
8330.806 1.310
8331.372 1.285
8331.938 1.317
8332.504 1.347
8333.071 1.322
8333.637 1.330
8334.203 1.343
8334.770 1.349
8335.336 1.380
8335.902 1.388
8336.469 1.385
8337.035 1.376
8337.601 1.374
8338.168 1.381
8338.734 1.400
8339.300 1.391
8339.866 1.357
8340.433 1.405
8340.999 1.434
8341.565 1.429
8342.132 1.397
8342.698 1.382
8343.264 1.373
8343.831 1.387
8344.397 1.427
8344.963 1.410
8345.530 1.383
8346.096 1.389
8346.662 1.409
8347.228 1.420
8347.795 1.398
8348.361 1.361
8348.927 1.357
8349.494 1.383
8350.060 1.372
8350.626 1.369
8351.193 1.416
8351.759 1.443
8352.325 1.427
8352.892 1.406
8353.458 1.383
8354.024 1.380
8354.590 1.393
8355.157 1.378
8355.723 1.375
8356.289 1.401
8356.856 1.420
8357.422 1.405
8357.988 1.380
8358.555 1.375
8359.121 1.397
8359.687 1.418
8360.254 1.393
8360.820 1.397
8361.386 1.424
8361.952 1.416
8362.519 1.398
8363.085 1.354
8363.651 1.308
8364.218 1.338
8364.784 1.379
8365.350 1.375
8365.917 1.383
8366.483 1.421
8367.049 1.428
8367.615 1.402
8368.182 1.390
8368.748 1.398
8369.314 1.403
8369.881 1.403
8370.447 1.403
8371.013 1.393
8371.580 1.394
8372.146 1.404
8372.712 1.424
8373.279 1.431
8373.845 1.421
8374.411 1.396
8374.977 1.380
8375.544 1.392
8376.110 1.398
8376.676 1.383
8377.243 1.336
8377.809 1.314
8378.375 1.376
8378.942 1.424
8379.508 1.440
8380.074 1.458
8380.641 1.447
8381.207 1.431
8381.773 1.347
8382.339 1.252
8382.906 1.287
8383.472 1.377
8384.038 1.421
8384.605 1.408
8385.171 1.387
8385.737 1.396
8386.304 1.392
8386.870 1.324
8387.436 1.232
8388.003 1.264
8388.569 1.350
8389.135 1.370
8389.701 1.384
8390.268 1.386
8390.834 1.404
8391.400 1.415
8391.967 1.418
8392.533 1.424
8393.099 1.432
8393.666 1.431
8394.232 1.408
8394.798 1.387
8395.365 1.393
8395.931 1.391
8396.497 1.357
8397.063 1.361
8397.630 1.391
8398.196 1.384
8398.762 1.408
8399.329 1.440
8399.895 1.450
8400.461 1.426
8401.028 1.385
8401.594 1.380
8402.160 1.407
8402.727 1.429
8403.293 1.439
8403.859 1.431
8404.425 1.419
8404.992 1.407
8405.558 1.399
8406.124 1.384
8406.691 1.388
8407.257 1.413
8407.823 1.423
8408.390 1.417
8408.956 1.400
8409.522 1.363
8410.089 1.372
8410.655 1.394
8411.221 1.386
8411.787 1.343
8412.354 1.334
8412.920 1.381
8413.486 1.415
8414.053 1.432
8414.619 1.433
8415.185 1.438
8415.752 1.418
8416.318 1.388
8416.884 1.383
8417.451 1.412
8418.017 1.419
8418.583 1.414
8419.149 1.383
8419.716 1.377
8420.282 1.404
8420.848 1.431
8421.415 1.426
8421.981 1.422
8422.547 1.424
8423.114 1.427
8423.680 1.430
8424.246 1.426
8424.813 1.424
8425.379 1.389
8425.945 1.322
8426.511 1.313
8427.078 1.371
8427.644 1.429
8428.210 1.438
8428.777 1.435
8429.343 1.432
8429.909 1.432
8430.476 1.435
8431.042 1.436
8431.608 1.419
8432.175 1.412
8432.741 1.425
8433.307 1.429
8433.873 1.397
8434.440 1.295
8435.006 1.224
8435.572 1.277
8436.139 1.376
8436.705 1.402
8437.271 1.398
8437.838 1.412
8438.404 1.394
8438.970 1.361
8439.537 1.362
8440.103 1.389
8440.669 1.407
8441.235 1.416
8441.802 1.430
8442.368 1.445
8442.934 1.431
8443.501 1.417
8444.067 1.422
8444.633 1.432
8445.200 1.428
8445.766 1.396
8446.332 1.395
8446.899 1.405
8447.465 1.413
8448.031 1.432
8448.597 1.447
8449.164 1.434
8449.730 1.411
8450.296 1.404
8450.863 1.421
8451.429 1.441
8451.995 1.450
8452.562 1.456
8453.128 1.451
8453.694 1.452
8454.261 1.450
8454.827 1.447
8455.393 1.433
8455.959 1.424
8456.526 1.415
8457.092 1.419
8457.658 1.429
8458.225 1.440
8458.791 1.448
8459.357 1.436
8459.924 1.434
8460.490 1.433
8461.056 1.424
8461.623 1.428
8462.189 1.441
8462.755 1.433
8463.321 1.419
8463.888 1.422
8464.454 1.424
8465.020 1.413
8465.587 1.407
8466.153 1.419
8466.719 1.408
8467.286 1.378
8467.852 1.308
8468.418 1.285
8468.985 1.369
8469.551 1.424
8470.117 1.425
8470.683 1.415
8471.250 1.412
8471.816 1.424
8472.382 1.435
8472.949 1.447
8473.515 1.453
8474.081 1.455
8474.648 1.456
8475.214 1.453
8475.780 1.449
8476.347 1.437
8476.913 1.438
8477.479 1.436
8478.045 1.439
8478.612 1.439
8479.178 1.438
8479.744 1.422
8480.311 1.421
8480.877 1.412
8481.443 1.413
8482.010 1.416
8482.576 1.421
8483.142 1.426
8483.709 1.442
8484.275 1.444
8484.841 1.442
8485.407 1.441
8485.974 1.439
8486.540 1.440
8487.106 1.415
8487.673 1.387
8488.239 1.396
8488.805 1.419
8489.372 1.436
8489.938 1.446
8490.504 1.431
8491.071 1.422
8491.637 1.419
8492.203 1.409
8492.769 1.398
8493.336 1.406
8493.902 1.416
8494.468 1.420
8495.035 1.404
8495.601 1.366
8496.167 1.308
8496.734 1.166
8497.300 0.918
8497.866 0.790
8498.433 0.960
8498.999 1.201
8499.565 1.319
8500.131 1.373
8500.698 1.383
8501.264 1.376
8501.830 1.364
8502.397 1.368
8502.963 1.387
8503.529 1.396
8504.096 1.397
8504.662 1.404
8505.228 1.426
8505.795 1.441
8506.361 1.429
8506.927 1.428
8507.493 1.440
8508.060 1.445
8508.626 1.444
8509.192 1.437
8509.759 1.427
8510.325 1.418
8510.891 1.419
8511.458 1.427
8512.024 1.426
8512.590 1.391
8513.157 1.324
8513.723 1.277
8514.289 1.281
8514.855 1.331
8515.422 1.387
8515.988 1.424
8516.554 1.437
8517.121 1.417
8517.687 1.391
8518.253 1.394
8518.820 1.417
8519.386 1.435
8519.952 1.431
8520.519 1.406
8521.085 1.407
8521.651 1.431
8522.217 1.433
8522.784 1.427
8523.350 1.420
8523.916 1.419
8524.483 1.417
8525.049 1.417
8525.615 1.404
8526.182 1.396
8526.748 1.394
8527.314 1.409
8527.881 1.421
8528.447 1.421
8529.013 1.420
8529.579 1.410
8530.146 1.406
8530.712 1.400
8531.278 1.399
8531.845 1.405
8532.411 1.412
8532.977 1.406
8533.544 1.411
8534.110 1.407
8534.676 1.400
8535.243 1.373
8535.809 1.352
8536.375 1.346
8536.941 1.338
8537.508 1.303
8538.074 1.279
8538.640 1.260
8539.207 1.212
8539.773 1.136
8540.339 1.016
8540.906 0.830
8541.472 0.606
8542.038 0.539
8542.605 0.711
8543.171 0.928
8543.737 1.069
8544.303 1.167
8544.870 1.231
8545.436 1.271
8546.002 1.298
8546.569 1.308
8547.135 1.308
8547.701 1.313
8548.268 1.334
8548.834 1.365
8549.400 1.383
8549.967 1.389
8550.533 1.384
8551.099 1.395
8551.665 1.418
8552.232 1.428
8552.798 1.426
8553.364 1.420
8553.931 1.413
8554.497 1.394
8555.063 1.372
8555.630 1.374
8556.196 1.363
8556.762 1.361
8557.329 1.399
8557.895 1.425
8558.461 1.427
8559.027 1.421
8559.594 1.409
8560.160 1.407
8560.726 1.408
8561.293 1.402
8561.859 1.410
8562.425 1.420
8562.992 1.413
8563.558 1.408
8564.124 1.407
8564.691 1.400
8565.257 1.399
8565.823 1.408
8566.389 1.410
8566.956 1.407
8567.522 1.407
8568.088 1.414
8568.655 1.410
8569.221 1.408
8569.787 1.410
8570.354 1.416
8570.920 1.422
8571.486 1.418
8572.053 1.412
8572.619 1.419
8573.185 1.420
8573.751 1.419
8574.318 1.405
8574.884 1.408
8575.450 1.421
8576.017 1.429
8576.583 1.432
8577.149 1.432
8577.716 1.439
8578.282 1.440
8578.848 1.445
8579.415 1.441
8579.981 1.432
8580.547 1.435
8581.113 1.418
8581.680 1.372
8582.246 1.353
8582.812 1.398
8583.379 1.425
8583.945 1.433
8584.511 1.435
8585.078 1.437
8585.644 1.442
8586.210 1.438
8586.777 1.433
8587.343 1.429
8587.909 1.427
8588.475 1.427
8589.042 1.422
8589.608 1.421
8590.174 1.423
8590.741 1.415
8591.307 1.415
8591.873 1.411
8592.440 1.414
8593.006 1.416
8593.572 1.418
8594.139 1.429
8594.705 1.431
8595.271 1.418
8595.837 1.407
8596.404 1.394
8596.970 1.392
8597.536 1.393
8598.103 1.374
8598.669 1.378
8599.235 1.406
8599.802 1.425
8600.368 1.434
8600.934 1.427
8601.501 1.431
8602.067 1.424
8602.633 1.418
8603.199 1.417
8603.766 1.424
8604.332 1.427
8604.898 1.421
8605.465 1.426
8606.031 1.434
8606.597 1.431
8607.164 1.432
8607.730 1.434
8608.296 1.433
8608.863 1.432
8609.429 1.431
8609.995 1.418
8610.561 1.402
8611.128 1.360
8611.694 1.335
8612.260 1.386
8612.827 1.432
8613.393 1.426
8613.959 1.422
8614.526 1.434
8615.092 1.440
8615.658 1.429
8616.225 1.424
8616.791 1.425
8617.357 1.428
8617.923 1.426
8618.490 1.410
8619.056 1.398
8619.622 1.395
8620.189 1.411
8620.755 1.352
8621.321 1.310
8621.888 1.331
8622.454 1.372
8623.020 1.392
8623.587 1.407
8624.153 1.428
8624.719 1.432
8625.285 1.433
8625.852 1.414
8626.418 1.413
8626.984 1.420
8627.551 1.428
8628.117 1.428
8628.683 1.420
8629.250 1.428
8629.816 1.441
8630.382 1.443
8630.949 1.430
8631.515 1.422
8632.081 1.424
8632.647 1.429
8633.214 1.429
8633.780 1.421
8634.346 1.419
8634.913 1.434
8635.479 1.434
8636.045 1.434
8636.612 1.433
8637.178 1.429
8637.744 1.439
8638.311 1.443
8638.877 1.443
8639.443 1.435
8640.009 1.439
8640.576 1.431
8641.142 1.411
8641.708 1.398
8642.275 1.404
8642.841 1.412
8643.407 1.413
8643.974 1.416
8644.540 1.416
8645.106 1.420
8645.673 1.418
8646.239 1.417
8646.805 1.415
8647.371 1.400
8647.938 1.365
8648.504 1.357
8649.070 1.383
8649.637 1.406
8650.203 1.416
8650.769 1.410
8651.336 1.411
8651.902 1.413
8652.468 1.411
8653.035 1.405
8653.601 1.397
8654.167 1.392
8654.733 1.392
8655.300 1.402
8655.866 1.399
8656.432 1.387
8656.999 1.375
8657.565 1.367
8658.131 1.351
8658.698 1.326
8659.264 1.289
8659.830 1.230
8660.397 1.122
8660.963 0.910
8661.529 0.668
8662.095 0.601
8662.662 0.791
8663.228 1.021
8663.794 1.163
8664.361 1.237
8664.927 1.290
8665.493 1.327
8666.060 1.351
8666.626 1.373
8667.192 1.380
8667.759 1.383
8668.325 1.398
8668.891 1.413
8669.457 1.414
8670.024 1.423
8670.590 1.431
8671.156 1.434
8671.723 1.431
8672.289 1.424
8672.855 1.419
8673.422 1.408
8673.988 1.354
8674.554 1.287
8675.121 1.311
8675.687 1.388
8676.253 1.435
8676.819 1.448
8677.386 1.448
8677.952 1.446
8678.518 1.433
8679.085 1.429
8679.651 1.421
8680.217 1.426
8680.784 1.436
8681.350 1.445
8681.916 1.426
8682.483 1.394
8683.049 1.398
8683.615 1.430
8684.181 1.456
8684.748 1.470
8685.314 1.464
8685.880 1.453
8686.447 1.441
8687.013 1.442
8687.579 1.372
8688.146 1.255
8688.712 1.254
8689.278 1.375
8689.845 1.438
8690.411 1.456
8690.977 1.457
8691.543 1.435
8692.110 1.417
8692.676 1.434
8693.242 1.449
8693.809 1.450
8694.375 1.443
8694.941 1.452
8695.508 1.461
8696.074 1.456
8696.640 1.452
8697.207 1.453
8697.773 1.444
8698.339 1.431
8698.905 1.418
8699.472 1.426
8700.038 1.443
8700.604 1.454
8701.171 1.456
8701.737 1.446
8702.303 1.439
8702.870 1.441
8703.436 1.451
8704.002 1.458
8704.569 1.463
8705.135 1.460
8705.701 1.455
8706.267 1.452
8706.834 1.451
8707.400 1.453
8707.966 1.457
8708.533 1.453
8709.099 1.444
8709.665 1.422
8710.232 1.421
8710.798 1.442
8711.364 1.450
8711.931 1.431
8712.497 1.404
8713.063 1.411
8713.629 1.434
8714.196 1.465
8714.762 1.466
8715.328 1.467
8715.895 1.467
8716.461 1.457
8717.027 1.441
8717.594 1.442
8718.160 1.440
8718.726 1.453
8719.293 1.461
8719.859 1.457
8720.425 1.457
8720.991 1.460
8721.558 1.467
8722.124 1.467
8722.690 1.460
8723.257 1.450
8723.823 1.447
8724.389 1.455
8724.956 1.460
8725.522 1.463
8726.088 1.458
8726.655 1.462
8727.221 1.438
8727.787 1.420
8728.353 1.417
8728.920 1.425
8729.486 1.435
8730.052 1.442
8730.619 1.441
8731.185 1.453
8731.751 1.469
8732.318 1.462
8732.884 1.460
8733.450 1.453
8734.017 1.438
8734.583 1.409
8735.149 1.401
8735.715 1.386
8736.282 1.403
8736.848 1.440
8737.414 1.461
8737.981 1.458
8738.547 1.462
8739.113 1.466
8739.680 1.460
8740.246 1.448
8740.812 1.451
8741.379 1.439
8741.945 1.417
8742.511 1.424
8743.077 1.444
8743.644 1.455
8744.210 1.450
8744.776 1.451
8745.343 1.438
8745.909 1.438
8746.475 1.436
8747.042 1.420
8747.608 1.419
8748.174 1.434
8748.741 1.430
8749.307 1.417
8749.873 1.401
8750.439 1.391
8751.006 1.374
8751.572 1.358
8752.138 1.374
8752.705 1.408
8753.271 1.430
8753.837 1.443
8754.404 1.447
8754.970 1.450
8755.536 1.447
8756.103 1.411
8756.669 1.354
8757.235 1.356
8757.801 1.415
8758.368 1.443
8758.934 1.445
8759.500 1.456
8760.067 1.464
8760.633 1.463
8761.199 1.458
8761.766 1.456
8762.332 1.466
8762.898 1.440
8763.465 1.405
8764.031 1.405
8764.597 1.440
8765.163 1.450
8765.730 1.439
8766.296 1.419
8766.862 1.420
8767.429 1.446
8767.995 1.458
8768.561 1.472
8769.128 1.475
8769.694 1.460
8770.260 1.451
8770.827 1.458
8771.393 1.450
8771.959 1.426
8772.525 1.395
8773.092 1.380
8773.658 1.391
8774.224 1.424
8774.791 1.457
8775.357 1.467
8775.923 1.463
8776.490 1.466
8777.056 1.472
8777.622 1.454
8778.189 1.434
8778.755 1.435
8779.321 1.439
8779.887 1.442
8780.454 1.441
8781.020 1.444
8781.586 1.444
8782.153 1.447
8782.719 1.453
8783.285 1.442
8783.852 1.439
8784.418 1.439
8784.984 1.451
8785.551 1.456
8786.117 1.468
8786.683 1.468
8787.249 1.462
8787.816 1.467
8788.382 1.458
8788.948 1.459
8789.515 1.434
8790.081 1.411
8790.647 1.439
8791.214 1.466
8791.780 1.467
8792.346 1.444
8792.913 1.401
8793.479 1.409
8794.045 1.456
8794.611 1.469
8795.178 1.468
8795.744 1.456
8796.310 1.451
8796.877 1.458
8797.443 1.463
8798.009 1.466
8798.576 1.467
8799.142 1.470
8799.708 1.466
8800.275 1.457
8800.841 1.450
8801.407 1.456
8801.973 1.464
8802.540 1.471
8803.106 1.465
8803.672 1.431
8804.239 1.379
8804.805 1.387
8805.371 1.395
8805.938 1.274
8806.504 1.160
8807.070 1.255
8807.637 1.395
8808.203 1.442
8808.769 1.451
8809.335 1.461
8809.902 1.470
8810.468 1.475
8811.034 1.467
8811.601 1.468
8812.167 1.451
8812.733 1.440
8813.300 1.454
8813.866 1.467
8814.432 1.471
8814.999 1.470
8815.565 1.464
8816.131 1.467
8816.697 1.465
8817.264 1.464
8817.830 1.465
8818.396 1.459
8818.963 1.452
8819.529 1.447
8820.095 1.456
8820.662 1.450
8821.228 1.452
8821.794 1.454
8822.361 1.454
8822.927 1.423
8823.493 1.330
8824.059 1.280
8824.626 1.367
8825.192 1.450
8825.758 1.464
8826.325 1.463
8826.891 1.468
8827.457 1.478
8828.024 1.488
8828.590 1.483
8829.156 1.471
8829.723 1.467
8830.289 1.468
8830.855 1.469
8831.421 1.463
8831.988 1.456
8832.554 1.451
8833.120 1.461
8833.687 1.456
8834.253 1.470
8834.819 1.467
8835.386 1.457
8835.952 1.443
8836.518 1.438
8837.085 1.438
8837.651 1.402
8838.217 1.365
8838.783 1.393
8839.350 1.439
8839.916 1.456
8840.482 1.453
8841.049 1.447
8841.615 1.450
8842.181 1.460
8842.748 1.448
8843.314 1.454
8843.880 1.464
8844.447 1.460
8845.013 1.461
8845.579 1.456
8846.145 1.445
8846.712 1.441
8847.278 1.453
8847.844 1.459
8848.411 1.455
8848.977 1.456
8849.543 1.461
8850.110 1.462
8850.676 1.459
8851.242 1.456
8851.809 1.447
8852.375 1.447
8852.941 1.439
8853.507 1.432
8854.074 1.442
8854.640 1.450
8855.206 1.452
8855.773 1.452
8856.339 1.455
8856.905 1.456
8857.472 1.448
8858.038 1.422
8858.604 1.409
8859.171 1.404
8859.737 1.399
8860.303 1.412
8860.869 1.423
8861.436 1.396
8862.002 1.364
8862.568 1.358
8863.135 1.391
8863.701 1.414
8864.267 1.430
8864.834 1.432
8865.400 1.432
8865.966 1.399
8866.533 1.350
8867.099 1.342
8867.665 1.377
8868.231 1.396
8868.798 1.426
8869.364 1.448
8869.930 1.445
8870.497 1.450
8871.063 1.454
8871.629 1.451
8872.196 1.455
8872.762 1.454
8873.328 1.446
8873.895 1.448
8874.461 1.448
8875.027 1.451
8875.593 1.441
8876.160 1.444
8876.726 1.447
8877.292 1.447
8877.859 1.439
8878.425 1.432
8878.991 1.441
8879.558 1.433
8880.124 1.401
8880.690 1.413
8881.257 1.447
8881.823 1.459
8882.389 1.447
8882.955 1.444
8883.522 1.448
8884.088 1.458
8884.654 1.466
8885.221 1.468
8885.787 1.480
8886.353 1.489
8886.920 1.489
8887.486 1.482
8888.052 1.476
8888.619 1.475
8889.185 1.469
8889.751 1.466
8890.317 1.456
8890.884 1.455
8891.450 1.449
8892.016 1.444
8892.583 1.441
8893.149 1.457
8893.715 1.462
8894.282 1.464
8894.848 1.466
8895.414 1.456
8895.981 1.465
8896.547 1.462
8897.113 1.450
8897.679 1.453
8898.246 1.462
8898.812 1.465
8899.378 1.461
8899.945 1.466
8900.511 1.473
8901.077 1.462
8901.644 1.446
8902.210 1.456
8902.776 1.470
8903.343 1.472
8903.909 1.481
8904.475 1.479
8905.041 1.475
8905.608 1.471
8906.174 1.473
8906.740 1.473
8907.307 1.475
8907.873 1.458
8908.439 1.440
8909.006 1.461
8909.572 1.471
8910.138 1.476
8910.705 1.469
8911.271 1.438
8911.837 1.408
8912.403 1.436
8912.970 1.462
8913.536 1.476
8914.102 1.471
8914.669 1.476
8915.235 1.477
8915.801 1.477
8916.368 1.467
8916.934 1.486
8917.500 1.466
8918.067 1.415
8918.633 1.397
8919.199 1.427
8919.765 1.437
8920.332 1.438
8920.898 1.462
8921.464 1.462
8922.031 1.476
8922.597 1.463
8923.163 1.450
8923.730 1.454
8924.296 1.462
8924.862 1.466
8925.429 1.464
8925.995 1.457
8926.561 1.433
8927.127 1.407
8927.694 1.413
8928.260 1.441
8928.826 1.451
8929.393 1.399
8929.959 1.319
8930.525 1.314
8931.092 1.325
8931.658 1.360
8932.224 1.422
8932.791 1.440
8933.357 1.440
8933.923 1.444
8934.489 1.382
8935.056 1.314
8935.622 1.376
8936.188 1.446
8936.755 1.447
8937.321 1.460
8937.887 1.470
8938.454 1.467
8939.020 1.471
8939.586 1.469
8940.153 1.455
8940.719 1.435
8941.285 1.428
8941.851 1.407
8942.418 1.431
8942.984 1.420
8943.550 1.394
8944.117 1.426
8944.683 1.466
8945.249 1.443
8945.816 1.421
8946.382 1.458
8946.948 1.474
8947.515 1.411
8948.081 1.408
8948.647 1.450
8949.213 1.457
8949.780 1.417
8950.346 1.440
8950.912 1.449
8951.479 1.453
8952.045 1.496
8952.611 1.469
8953.178 1.392
8953.744 1.428
8954.310 1.508
8954.877 1.536
8955.443 1.465
8956.009 1.406
8956.575 1.434
8957.142 1.453
8957.708 1.447
8958.274 1.426
8958.841 1.428
8959.407 1.495
8959.973 1.512
8960.540 1.467
8961.106 1.454
8961.672 1.437
8962.239 1.497
8962.805 1.605
8963.371 1.516
8963.937 1.399
8964.504 1.370
8965.070 1.401
8965.636 1.496
8966.203 1.483
8966.769 1.419
8967.335 1.368
8967.902 1.375
8968.468 1.425
8969.034 1.456
8969.601 1.433
8970.167 1.426
8970.733 1.474
8971.299 1.587
8971.866 1.613
8972.432 1.371
8972.998 1.393
8973.565 1.446
8974.131 1.447
8974.697 1.497
8975.264 1.410
8975.830 1.324
8976.396 1.389
8976.963 1.415
8977.529 1.392
8978.095 1.402
8978.661 1.451
8979.228 1.451
8979.794 1.448
8980.360 1.549
8980.927 1.644
8981.493 1.430
8982.059 1.350
8982.626 1.385
8983.192 1.428
8983.758 1.463
8984.325 1.460
8984.891 1.459
8985.457 1.448
8986.023 1.465
8986.590 1.580
8987.156 1.676
8987.722 1.643
8988.289 1.418
8988.855 1.242
8989.421 1.392
8989.988 1.462
8990.554 1.466
8991.120 1.564
8991.687 1.652
8992.253 1.549
8992.819 1.336
8993.385 1.332
8993.952 1.375
8994.518 1.414
8995.084 1.434
8995.651 1.463
8996.217 1.465
8996.783 1.472
8997.350 1.476
8997.916 1.468
8998.482 1.412
8999.049 1.338
8999.615 1.333
9000.181 1.528
9000.747 1.703
9001.314 1.342
9001.880 1.194
9002.446 1.348
9003.013 1.481
9003.579 1.590
9004.145 1.654
9004.712 1.405
9005.278 1.329
9005.844 1.388
9006.411 1.405
9006.977 1.482
9007.543 1.570
9008.109 1.427
9008.676 1.337
9009.242 1.377
9009.808 1.324
9010.375 1.318
9010.941 1.374
9011.507 1.415
9012.074 1.500
9012.640 1.407
9013.206 1.253
9013.773 1.281
9014.339 1.310
9014.905 1.356
9015.471 1.389
9016.038 1.414
9016.604 1.516
9017.170 1.584
9017.737 1.324
9018.303 1.312
9018.869 1.360
9019.436 1.388
9020.002 1.437
9020.568 1.451
9021.135 1.434
9021.701 1.428
9022.267 1.505
9022.833 1.626
9023.400 1.436
9023.966 1.262
9024.532 1.346
9025.099 1.424
9025.665 1.531
9026.231 1.622
9026.798 1.435
9027.364 1.310
9027.930 1.389
9028.497 1.476
9029.063 1.487
9029.629 1.424
9030.195 1.331
9030.762 1.356
9031.328 1.476
9031.894 1.481
9032.461 1.374
9033.027 1.393
9033.593 1.480
9034.160 1.524
9034.726 1.527
9035.292 1.482
9035.859 1.456
9036.425 1.500
9036.991 1.545
9037.557 1.544
9038.124 1.546
9038.690 1.546
9039.256 1.549
9039.823 1.529
9040.389 1.482
9040.955 1.416
9041.522 1.425
9042.088 1.455
9042.654 1.482
9043.221 1.454
9043.787 1.344
9044.353 1.398
9044.919 1.521
9045.486 1.566
9046.052 1.560
9046.618 1.571
9047.185 1.560
9047.751 1.506
9048.317 1.446
9048.884 1.451
9049.450 1.494
9050.016 1.532
9050.583 1.551
9051.149 1.533
9051.715 1.484
9052.281 1.467
9052.848 1.520
9053.414 1.460
9053.980 3.420
9054.547 0.000
