# Wavelenght Flux
4170.326 0.534
4170.673 0.508
4171.020 0.496
4171.367 0.474
4171.714 0.436
4172.061 0.422
4172.408 0.441
4172.755 0.440
4173.102 0.427
4173.449 0.424
4173.796 0.473
4174.142 0.500
4174.489 0.482
4174.836 0.473
4175.183 0.472
4175.530 0.493
4175.877 0.511
4176.224 0.504
4176.571 0.511
4176.918 0.502
4177.265 0.450
4177.612 0.457
4177.959 0.471
4178.306 0.486
4178.653 0.485
4179.000 0.476
4179.347 0.495
4179.694 0.524
4180.041 0.542
4180.388 0.517
4180.735 0.498
4181.082 0.503
4181.428 0.475
4181.775 0.467
4182.122 0.506
4182.469 0.524
4182.816 0.527
4183.163 0.516
4183.510 0.485
4183.857 0.484
4184.204 0.495
4184.551 0.494
4184.898 0.520
4185.245 0.537
4185.592 0.543
4185.939 0.531
4186.286 0.499
4186.633 0.474
4186.980 0.442
4187.327 0.443
4187.674 0.457
4188.021 0.490
4188.367 0.521
4188.714 0.504
4189.061 0.505
4189.408 0.516
4189.755 0.516
4190.102 0.516
4190.449 0.505
4190.796 0.501
4191.143 0.450
4191.490 0.460
4191.837 0.508
4192.184 0.527
4192.531 0.525
4192.878 0.539
4193.225 0.544
4193.572 0.547
4193.919 0.538
4194.266 0.541
4194.613 0.516
4194.960 0.484
4195.306 0.471
4195.653 0.487
4196.000 0.491
4196.347 0.469
4196.694 0.479
4197.041 0.508
4197.388 0.525
4197.735 0.484
4198.082 0.428
4198.429 0.438
4198.776 0.466
4199.123 0.487
4199.470 0.517
4199.817 0.511
4200.164 0.500
4200.511 0.498
4200.858 0.496
4201.205 0.526
4201.552 0.468
4201.899 0.440
4202.246 0.475
4202.592 0.515
4202.939 0.533
4203.286 0.507
4203.633 0.487
4203.980 0.484
4204.327 0.479
4204.674 0.476
4205.021 0.477
4205.368 0.504
4205.715 0.539
4206.062 0.525
4206.409 0.481
4206.756 0.476
4207.103 0.507
4207.450 0.548
4207.797 0.548
4208.144 0.518
4208.491 0.510
4208.838 0.514
4209.185 0.530
4209.531 0.519
4209.878 0.505
4210.225 0.491
4210.572 0.506
4210.919 0.532
4211.266 0.536
4211.613 0.514
4211.960 0.510
4212.307 0.527
4212.654 0.531
4213.001 0.526
4213.348 0.498
4213.695 0.517
4214.042 0.535
4214.389 0.532
4214.736 0.485
4215.083 0.414
4215.430 0.375
4215.777 0.421
4216.124 0.486
4216.470 0.549
4216.817 0.557
4217.164 0.517
4217.511 0.527
4217.858 0.557
4218.205 0.570
4218.552 0.558
4218.899 0.545
4219.246 0.550
4219.593 0.561
4219.940 0.571
4220.287 0.568
4220.634 0.585
4220.981 0.600
4221.328 0.591
4221.675 0.562
4222.022 0.536
4222.369 0.539
4222.716 0.551
4223.063 0.533
4223.410 0.541
4223.756 0.533
4224.103 0.509
4224.450 0.518
4224.797 0.499
4225.144 0.482
4225.491 0.473
4225.838 0.451
4226.185 0.365
4226.532 0.311
4226.879 0.327
4227.226 0.406
4227.573 0.476
4227.920 0.541
4228.267 0.579
4228.614 0.589
4228.961 0.578
4229.308 0.541
4229.655 0.530
4230.002 0.554
4230.349 0.588
4230.695 0.584
4231.042 0.582
4231.389 0.568
4231.736 0.568
4232.083 0.572
4232.430 0.521
4232.777 0.481
4233.124 0.456
4233.471 0.499
4233.818 0.545
4234.165 0.567
4234.512 0.589
4234.859 0.582
4235.206 0.542
4235.553 0.486
4235.900 0.451
4236.247 0.503
4236.594 0.529
4236.941 0.518
4237.288 0.551
4237.634 0.546
4237.981 0.542
4238.328 0.535
4238.675 0.522
4239.022 0.540
4239.369 0.528
4239.716 0.508
4240.063 0.527
4240.410 0.539
4240.757 0.567
4241.104 0.591
4241.451 0.591
4241.798 0.573
4242.145 0.531
4242.492 0.519
4242.839 0.543
4243.186 0.537
4243.533 0.563
4243.880 0.592
4244.227 0.611
4244.574 0.601
4244.920 0.556
4245.267 0.561
4245.614 0.571
4245.961 0.561
4246.308 0.550
4246.655 0.509
4247.002 0.496
4247.349 0.501
4247.696 0.535
4248.043 0.530
4248.390 0.531
4248.737 0.535
4249.084 0.564
4249.431 0.535
4249.778 0.501
4250.125 0.485
4250.472 0.469
4250.819 0.500
4251.166 0.546
4251.513 0.584
4251.859 0.585
4252.206 0.569
4252.553 0.592
4252.900 0.588
4253.247 0.573
4253.594 0.557
4253.941 0.507
4254.288 0.491
4254.635 0.523
4254.982 0.548
4255.329 0.539
4255.676 0.523
4256.023 0.532
4256.370 0.579
4256.717 0.613
4257.064 0.613
4257.411 0.608
4257.758 0.558
4258.105 0.517
4258.452 0.501
4258.798 0.532
4259.145 0.565
4259.492 0.556
4259.839 0.514
4260.186 0.441
4260.533 0.465
4260.880 0.530
4261.227 0.534
4261.574 0.526
4261.921 0.554
4262.268 0.565
4262.615 0.577
4262.962 0.580
4263.309 0.591
4263.656 0.586
4264.003 0.557
4264.350 0.568
4264.697 0.575
4265.044 0.609
4265.391 0.596
4265.738 0.596
4266.084 0.619
4266.431 0.590
4266.778 0.565
4267.125 0.545
4267.472 0.527
4267.819 0.504
4268.166 0.551
4268.513 0.571
4268.860 0.582
4269.207 0.563
4269.554 0.540
4269.901 0.555
4270.248 0.565
4270.595 0.535
4270.942 0.470
4271.289 0.393
4271.636 0.389
4271.983 0.462
4272.330 0.537
4272.677 0.576
4273.023 0.545
4273.370 0.520
4273.717 0.515
4274.064 0.520
4274.411 0.482
4274.758 0.452
4275.105 0.496
4275.452 0.536
4275.799 0.574
4276.146 0.589
4276.493 0.583
4276.840 0.575
4277.187 0.557
4277.534 0.569
4277.881 0.587
4278.228 0.585
4278.575 0.588
4278.922 0.592
4279.269 0.554
4279.616 0.509
4279.962 0.491
4280.309 0.512
4280.656 0.516
4281.003 0.548
4281.350 0.577
4281.697 0.571
4282.044 0.525
4282.391 0.484
4282.738 0.485
4283.085 0.559
4283.432 0.609
4283.779 0.595
4284.126 0.563
4284.473 0.542
4284.820 0.530
4285.167 0.530
4285.514 0.495
4285.861 0.494
4286.208 0.502
4286.555 0.526
4286.902 0.539
4287.248 0.540
4287.595 0.524
4287.942 0.527
4288.289 0.539
4288.636 0.526
4288.983 0.471
4289.330 0.437
4289.677 0.423
4290.024 0.436
4290.371 0.489
4290.718 0.492
4291.065 0.476
4291.412 0.500
4291.759 0.515
4292.106 0.548
4292.453 0.575
4292.800 0.573
4293.147 0.570
4293.494 0.563
4293.841 0.495
4294.187 0.482
4294.534 0.507
4294.881 0.512
4295.228 0.546
4295.575 0.559
4295.922 0.552
4296.269 0.518
4296.616 0.487
4296.963 0.498
4297.310 0.516
4297.657 0.508
4298.004 0.511
4298.351 0.509
4298.698 0.427
4299.045 0.400
4299.392 0.414
4299.739 0.402
4300.086 0.406
4300.433 0.439
4300.780 0.463
4301.126 0.510
4301.473 0.513
4301.820 0.451
4302.167 0.424
4302.514 0.414
4302.861 0.437
4303.208 0.464
4303.555 0.470
4303.902 0.497
4304.249 0.497
4304.596 0.498
4304.943 0.482
4305.290 0.461
4305.637 0.452
4305.984 0.483
4306.331 0.512
4306.678 0.518
4307.025 0.498
4307.372 0.422
4307.719 0.348
4308.066 0.389
4308.412 0.452
4308.759 0.465
4309.106 0.449
4309.453 0.450
4309.800 0.458
4310.147 0.475
4310.494 0.488
4310.841 0.485
4311.188 0.476
4311.535 0.489
4311.882 0.506
4312.229 0.482
4312.576 0.456
4312.923 0.495
4313.270 0.546
4313.617 0.538
4313.964 0.492
4314.311 0.479
4314.658 0.452
4315.005 0.463
4315.351 0.584
4315.698 0.616
4316.045 0.639
4316.392 0.638
4316.739 0.607
4317.086 0.600
4317.433 0.615
4317.780 0.631
4318.127 0.599
4318.474 0.561
4318.821 0.583
4319.168 0.619
4319.515 0.625
4319.862 0.624
4320.209 0.588
4320.556 0.517
4320.903 0.528
4321.250 0.583
4321.597 0.609
4321.944 0.611
4322.290 0.604
4322.637 0.577
4322.984 0.517
4323.331 0.480
4323.678 0.487
4324.025 0.519
4324.372 0.530
4324.719 0.497
4325.066 0.444
4325.413 0.412
4325.760 0.405
4326.107 0.495
4326.454 0.542
4326.801 0.546
4327.148 0.578
4327.495 0.597
4327.842 0.582
4328.189 0.602
4328.536 0.605
4328.883 0.613
4329.230 0.597
4329.576 0.588
4329.923 0.553
4330.270 0.522
4330.617 0.527
4330.964 0.550
4331.311 0.571
4331.658 0.587
4332.005 0.590
4332.352 0.572
4332.699 0.579
4333.046 0.569
4333.393 0.557
4333.740 0.540
4334.087 0.549
4334.434 0.561
4334.781 0.551
4335.128 0.572
4335.475 0.582
4335.822 0.567
4336.169 0.577
4336.515 0.531
4336.862 0.464
4337.209 0.425
4337.556 0.402
4337.903 0.414
4338.250 0.439
4338.597 0.454
4338.944 0.441
4339.291 0.390
4339.638 0.354
4339.985 0.271
4340.332 0.206
4340.679 0.251
4341.026 0.345
4341.373 0.415
4341.720 0.470
4342.067 0.499
4342.414 0.523
4342.761 0.521
4343.108 0.495
4343.454 0.488
4343.801 0.483
4344.148 0.463
4344.495 0.488
4344.842 0.558
4345.189 0.594
4345.536 0.583
4345.883 0.564
4346.230 0.547
4346.577 0.551
4346.924 0.551
4347.271 0.542
4347.618 0.538
4347.965 0.547
4348.312 0.570
4348.659 0.591
4349.006 0.612
4349.353 0.615
4349.700 0.616
4350.047 0.591
4350.394 0.573
4350.740 0.535
4351.087 0.502
4351.434 0.453
4351.781 0.429
4352.128 0.480
4352.475 0.500
4352.822 0.518
4353.169 0.594
4353.516 0.612
4353.863 0.612
4354.210 0.571
4354.557 0.544
4354.904 0.566
4355.251 0.577
4355.598 0.579
4355.945 0.582
4356.292 0.592
4356.639 0.616
4356.986 0.632
4357.333 0.635
4357.679 0.622
4358.026 0.589
4358.373 0.559
4358.720 0.558
4359.067 0.561
4359.414 0.535
4359.761 0.554
4360.108 0.583
4360.455 0.599
4360.802 0.606
4361.149 0.626
4361.496 0.633
4361.843 0.630
4362.190 0.621
4362.537 0.603
4362.884 0.604
4363.231 0.589
4363.578 0.591
4363.925 0.606
4364.272 0.625
4364.618 0.656
4364.965 0.653
4365.312 0.656
4365.659 0.637
4366.006 0.618
4366.353 0.604
4366.700 0.610
4367.047 0.595
4367.394 0.538
4367.741 0.520
4368.088 0.564
4368.435 0.614
4368.782 0.632
4369.129 0.622
4369.476 0.577
4369.823 0.569
4370.170 0.611
4370.517 0.612
4370.864 0.577
4371.211 0.568
4371.558 0.595
4371.904 0.628
4372.251 0.605
4372.598 0.589
4372.945 0.607
4373.292 0.594
4373.639 0.581
4373.986 0.546
4374.333 0.513
4374.680 0.502
4375.027 0.525
4375.374 0.549
4375.721 0.531
4376.068 0.568
4376.415 0.611
4376.762 0.606
4377.109 0.614
4377.456 0.613
4377.803 0.628
4378.150 0.633
4378.497 0.638
4378.843 0.616
4379.190 0.591
4379.537 0.600
4379.884 0.596
4380.231 0.605
4380.578 0.605
4380.925 0.621
4381.272 0.644
4381.619 0.639
4381.966 0.620
4382.313 0.579
4382.660 0.539
4383.007 0.447
4383.354 0.379
4383.701 0.420
4384.048 0.503
4384.395 0.517
4384.742 0.483
4385.089 0.504
4385.436 0.555
4385.782 0.619
4386.129 0.626
4386.476 0.606
4386.823 0.577
4387.170 0.585
4387.517 0.585
4387.864 0.585
4388.211 0.596
4388.558 0.604
4388.905 0.601
4389.252 0.572
4389.599 0.578
4389.946 0.585
4390.293 0.581
4390.640 0.564
4390.987 0.565
4391.334 0.572
4391.681 0.585
4392.028 0.616
4392.375 0.642
4392.722 0.643
4393.068 0.624
4393.415 0.616
4393.762 0.572
4394.109 0.589
4394.456 0.579
4394.803 0.510
4395.150 0.498
4395.497 0.557
4395.844 0.586
4396.191 0.632
4396.538 0.648
4396.885 0.644
4397.232 0.648
4397.579 0.626
4397.926 0.598
4398.273 0.601
4398.620 0.626
4398.967 0.640
4399.314 0.593
4399.661 0.555
4400.007 0.534
4400.354 0.548
4400.701 0.557
4401.048 0.548
4401.395 0.564
4401.742 0.625
4402.089 0.662
4402.436 0.660
4402.783 0.643
4403.130 0.624
4403.477 0.628
4403.824 0.613
4404.171 0.546
4404.518 0.443
4404.865 0.465
4405.212 0.563
4405.559 0.624
4405.906 0.627
4406.253 0.626
4406.600 0.619
4406.946 0.626
4407.293 0.602
4407.640 0.559
4407.987 0.541
4408.334 0.538
4408.681 0.565
4409.028 0.588
4409.375 0.591
4409.722 0.626
4410.069 0.630
4410.416 0.640
4410.763 0.630
4411.110 0.637
4411.457 0.630
4411.804 0.614
4412.151 0.619
4412.498 0.646
4412.845 0.660
4413.192 0.665
4413.539 0.656
4413.886 0.633
4414.232 0.618
4414.579 0.554
4414.926 0.476
4415.273 0.479
4415.620 0.583
4415.967 0.625
4416.314 0.612
4416.661 0.584
4417.008 0.583
4417.355 0.571
4417.702 0.558
4418.049 0.580
4418.396 0.600
4418.743 0.620
4419.090 0.651
4419.437 0.657
4419.784 0.653
4420.131 0.623
4420.478 0.614
4420.825 0.617
4421.171 0.620
4421.518 0.590
4421.865 0.585
4422.212 0.579
4422.559 0.562
4422.906 0.583
4423.253 0.608
4423.600 0.630
4423.947 0.621
4424.294 0.609
4424.641 0.636
4424.988 0.601
4425.335 0.565
4425.682 0.563
4426.029 0.601
4426.376 0.613
4426.723 0.569
4427.070 0.520
4427.417 0.528
4427.764 0.596
4428.110 0.618
4428.457 0.621
4428.804 0.622
4429.151 0.613
4429.498 0.591
4429.845 0.557
4430.192 0.542
4430.539 0.544
4430.886 0.588
4431.233 0.604
4431.580 0.622
4431.927 0.629
4432.274 0.629
4432.621 0.635
4432.968 0.601
4433.315 0.589
4433.662 0.581
4434.009 0.586
4434.356 0.591
4434.703 0.539
4435.050 0.493
4435.396 0.510
4435.743 0.566
4436.090 0.598
4436.437 0.605
4436.784 0.627
4437.131 0.640
4437.478 0.634
4437.825 0.621
4438.172 0.637
4438.519 0.663
4438.866 0.671
4439.213 0.670
4439.560 0.656
4439.907 0.644
4440.254 0.621
4440.601 0.624
4440.948 0.645
4441.295 0.623
4441.642 0.581
4441.989 0.569
4442.335 0.560
4442.682 0.562
4443.029 0.559
4443.376 0.570
4443.723 0.549
4444.070 0.565
4444.417 0.597
4444.764 0.643
4445.111 0.668
4445.458 0.663
4445.805 0.663
4446.152 0.660
4446.499 0.637
4446.846 0.623
4447.193 0.606
4447.540 0.600
4447.887 0.631
4448.234 0.679
4448.581 0.685
4448.928 0.647
4449.274 0.637
4449.621 0.630
4449.968 0.615
4450.315 0.576
4450.662 0.594
4451.009 0.650
4451.356 0.660
4451.703 0.650
4452.050 0.665
4452.397 0.672
4452.744 0.659
4453.091 0.640
4453.438 0.641
4453.785 0.643
4454.132 0.618
4454.479 0.536
4454.826 0.521
4455.173 0.574
4455.520 0.586
4455.867 0.597
4456.214 0.613
4456.560 0.642
4456.907 0.643
4457.254 0.636
4457.601 0.634
4457.948 0.639
4458.295 0.641
4458.642 0.602
4458.989 0.576
4459.336 0.594
4459.683 0.621
4460.030 0.627
4460.377 0.649
4460.724 0.660
4461.071 0.604
4461.418 0.543
4461.765 0.542
4462.112 0.590
4462.459 0.623
4462.806 0.652
4463.153 0.655
4463.499 0.669
4463.846 0.683
4464.193 0.629
4464.540 0.594
4464.887 0.632
4465.234 0.661
4465.581 0.668
4465.928 0.660
4466.275 0.616
4466.622 0.603
4466.969 0.642
4467.316 0.671
4467.663 0.678
4468.010 0.621
4468.357 0.575
4468.704 0.577
4469.051 0.579
4469.398 0.601
4469.745 0.650
4470.092 0.652
4470.438 0.627
4470.785 0.613
4471.132 0.624
4471.479 0.623
4471.826 0.668
4472.173 0.673
4472.520 0.648
4472.867 0.652
4473.214 0.679
4473.561 0.708
4473.908 0.705
4474.255 0.691
4474.602 0.683
4474.949 0.688
4475.296 0.683
4475.643 0.646
4475.990 0.630
4476.337 0.673
4476.684 0.710
4477.031 0.709
4477.378 0.702
4477.724 0.708
4478.071 0.700
4478.418 0.702
4478.765 0.696
4479.112 0.687
4479.459 0.657
4479.806 0.638
4480.153 0.646
4480.500 0.652
4480.847 0.614
4481.194 0.592
4481.541 0.605
4481.888 0.586
4482.235 0.566
4482.582 0.618
4482.929 0.674
4483.276 0.694
4483.623 0.689
4483.970 0.658
4484.317 0.672
4484.663 0.693
4485.010 0.703
4485.357 0.687
4485.704 0.675
4486.051 0.706
4486.398 0.702
4486.745 0.696
4487.092 0.694
4487.439 0.697
4487.786 0.674
4488.133 0.647
4488.480 0.651
4488.827 0.626
4489.174 0.608
4489.521 0.602
4489.868 0.617
4490.215 0.657
4490.562 0.663
4490.909 0.670
4491.256 0.672
4491.602 0.672
4491.949 0.698
4492.296 0.700
4492.643 0.698
4492.990 0.695
4493.337 0.673
4493.684 0.662
4494.031 0.618
4494.378 0.589
4494.725 0.616
4495.072 0.663
4495.419 0.661
4495.766 0.648
4496.113 0.631
4496.460 0.617
4496.807 0.615
4497.154 0.656
4497.501 0.697
4497.848 0.697
4498.195 0.703
4498.542 0.691
4498.888 0.689
4499.235 0.700
4499.582 0.704
4499.929 0.705
4500.276 0.692
4500.623 0.657
4500.970 0.606
4501.317 0.585
4501.664 0.632
4502.011 0.656
4502.358 0.672
4502.705 0.697
4503.052 0.712
4503.399 0.714
4503.746 0.707
4504.093 0.712
4504.440 0.702
4504.787 0.699
4505.134 0.699
4505.481 0.714
4505.827 0.707
4506.174 0.702
4506.521 0.683
4506.868 0.691
4507.215 0.700
4507.562 0.708
4507.909 0.676
4508.256 0.662
4508.603 0.693
4508.950 0.709
4509.297 0.702
4509.644 0.708
4509.991 0.715
4510.338 0.722
4510.685 0.723
4511.032 0.720
4511.379 0.705
4511.726 0.700
4512.073 0.689
4512.420 0.682
4512.766 0.673
4513.113 0.690
4513.460 0.708
4513.807 0.684
4514.154 0.677
4514.501 0.685
4514.848 0.670
4515.195 0.652
4515.542 0.668
4515.889 0.698
4516.236 0.705
4516.583 0.716
4516.930 0.700
4517.277 0.675
4517.624 0.641
4517.971 0.633
4518.318 0.641
4518.665 0.687
4519.012 0.714
4519.359 0.709
4519.706 0.661
4520.052 0.647
4520.399 0.681
4520.746 0.725
4521.093 0.732
4521.440 0.729
4521.787 0.712
4522.134 0.660
4522.481 0.596
4522.828 0.597
4523.175 0.662
4523.522 0.696
4523.869 0.708
4524.216 0.692
4524.563 0.663
4524.910 0.628
4525.257 0.652
4525.604 0.689
4525.951 0.675
4526.298 0.635
4526.645 0.629
4526.991 0.620
4527.338 0.641
4527.685 0.675
4528.032 0.648
4528.379 0.575
4528.726 0.581
4529.073 0.629
4529.420 0.633
4529.767 0.674
4530.114 0.698
4530.461 0.656
4530.808 0.601
4531.155 0.605
4531.502 0.662
4531.849 0.709
4532.196 0.718
4532.543 0.703
4532.890 0.650
4533.237 0.616
4533.584 0.595
4533.930 0.580
4534.277 0.618
4534.624 0.635
4534.971 0.643
4535.318 0.594
4535.665 0.547
4536.012 0.598
4536.359 0.691
4536.706 0.735
4537.053 0.731
4537.400 0.723
4537.747 0.719
4538.094 0.721
4538.441 0.702
4538.788 0.708
4539.135 0.714
4539.482 0.700
4539.829 0.696
4540.176 0.689
4540.523 0.671
4540.870 0.675
4541.216 0.662
4541.563 0.686
4541.910 0.705
4542.257 0.693
4542.604 0.715
4542.951 0.726
4543.298 0.725
4543.645 0.697
4543.992 0.673
4544.339 0.644
4544.686 0.629
4545.033 0.651
4545.380 0.668
4545.727 0.677
4546.074 0.694
4546.421 0.700
4546.768 0.672
4547.115 0.679
4547.462 0.695
4547.809 0.696
4548.155 0.697
4548.502 0.670
4548.849 0.622
4549.196 0.551
4549.543 0.511
4549.890 0.607
4550.237 0.696
4550.584 0.705
4550.931 0.717
4551.278 0.723
4551.625 0.705
4551.972 0.660
4552.319 0.619
4552.666 0.651
4553.013 0.705
4553.360 0.687
4553.707 0.609
4554.054 0.587
4554.401 0.634
4554.748 0.673
4555.094 0.667
4555.441 0.628
4555.788 0.612
4556.135 0.650
4556.482 0.712
4556.829 0.725
4557.176 0.730
4557.523 0.723
4557.870 0.721
4558.217 0.689
4558.564 0.684
4558.911 0.708
4559.258 0.731
4559.605 0.711
4559.952 0.693
4560.299 0.698
4560.646 0.700
4560.993 0.713
4561.340 0.735
4561.687 0.731
4562.034 0.715
4562.380 0.699
4562.727 0.700
4563.074 0.680
4563.421 0.620
4563.768 0.626
4564.115 0.684
4564.462 0.707
4564.809 0.693
4565.156 0.664
4565.503 0.652
4565.850 0.683
4566.197 0.713
4566.544 0.723
4566.891 0.733
4567.238 0.741
4567.585 0.742
4567.932 0.713
4568.279 0.696
4568.626 0.699
4568.973 0.722
4569.319 0.729
4569.666 0.734
4570.013 0.739
4570.360 0.722
4570.707 0.668
4571.054 0.637
4571.401 0.616
4571.748 0.586
4572.095 0.614
4572.442 0.689
4572.789 0.727
4573.136 0.748
4573.483 0.756
4573.830 0.738
4574.177 0.706
4574.524 0.686
4574.871 0.690
4575.218 0.706
4575.565 0.716
4575.912 0.716
4576.258 0.691
4576.605 0.710
4576.952 0.711
4577.299 0.706
4577.646 0.716
4577.993 0.707
4578.340 0.695
4578.687 0.683
4579.034 0.713
4579.381 0.719
4579.728 0.676
4580.075 0.642
4580.422 0.665
4580.769 0.699
4581.116 0.649
4581.463 0.647
4581.810 0.707
4582.157 0.724
4582.504 0.699
4582.851 0.686
4583.198 0.656
4583.544 0.620
4583.891 0.646
4584.238 0.696
4584.585 0.703
4584.932 0.714
4585.279 0.715
4585.626 0.653
4585.973 0.639
4586.320 0.678
4586.667 0.712
4587.014 0.719
4587.361 0.735
4587.708 0.723
4588.055 0.704
4588.402 0.710
4588.749 0.729
4589.096 0.742
4589.443 0.708
4589.790 0.662
4590.137 0.689
4590.483 0.721
4590.830 0.720
4591.177 0.688
4591.524 0.694
4591.871 0.699
4592.218 0.667
4592.565 0.653
4592.912 0.692
4593.259 0.722
4593.606 0.696
4593.953 0.682
4594.300 0.702
4594.647 0.729
4594.994 0.718
4595.341 0.691
4595.688 0.699
4596.035 0.707
4596.382 0.725
4596.729 0.732
4597.076 0.724
4597.422 0.720
4597.769 0.697
4598.116 0.695
4598.463 0.736
4598.810 0.746
4599.157 0.749
4599.504 0.733
4599.851 0.696
4600.198 0.671
4600.545 0.661
4600.892 0.684
4601.239 0.722
4601.586 0.721
4601.933 0.712
4602.280 0.707
4602.627 0.667
4602.974 0.674
4603.321 0.717
4603.668 0.731
4604.015 0.738
4604.362 0.714
4604.708 0.710
4605.055 0.698
4605.402 0.716
4605.749 0.707
4606.096 0.697
4606.443 0.717
4606.790 0.720
4607.137 0.699
4607.484 0.687
4607.831 0.729
4608.178 0.757
4608.525 0.760
4608.872 0.750
4609.219 0.746
4609.566 0.751
4609.913 0.749
4610.260 0.754
4610.607 0.732
4610.954 0.692
4611.301 0.694
4611.647 0.728
4611.994 0.755
4612.341 0.752
4612.688 0.730
4613.035 0.679
4613.382 0.684
4613.729 0.714
4614.076 0.731
4614.423 0.746
4614.770 0.763
4615.117 0.756
4615.464 0.726
4615.811 0.695
4616.158 0.700
4616.505 0.717
4616.852 0.728
4617.199 0.725
4617.546 0.750
4617.893 0.767
4618.240 0.735
4618.586 0.706
4618.933 0.683
4619.280 0.687
4619.627 0.706
4619.974 0.727
4620.321 0.735
4620.668 0.754
4621.015 0.766
4621.362 0.763
4621.709 0.750
4622.056 0.750
4622.403 0.735
4622.750 0.726
4623.097 0.729
4623.444 0.748
4623.791 0.761
4624.138 0.752
4624.485 0.735
4624.832 0.709
4625.179 0.730
4625.526 0.738
4625.872 0.705
4626.219 0.709
4626.566 0.740
4626.913 0.754
4627.260 0.760
4627.607 0.753
4627.954 0.742
4628.301 0.738
4628.648 0.720
4628.995 0.684
4629.342 0.672
4629.689 0.696
4630.036 0.704
4630.383 0.742
4630.730 0.764
4631.077 0.767
4631.424 0.769
4631.771 0.774
4632.118 0.762
4632.465 0.706
4632.811 0.686
4633.158 0.723
4633.505 0.739
4633.852 0.716
4634.199 0.731
4634.546 0.751
4634.893 0.742
4635.240 0.732
4635.587 0.725
4635.934 0.725
4636.281 0.734
4636.628 0.741
4636.975 0.727
4637.322 0.698
4637.669 0.683
4638.016 0.716
4638.363 0.754
4638.710 0.749
4639.057 0.721
4639.404 0.705
4639.750 0.697
4640.097 0.719
4640.444 0.743
4640.791 0.758
4641.138 0.761
4641.485 0.770
4641.832 0.767
4642.179 0.760
4642.526 0.767
4642.873 0.755
4643.220 0.720
4643.567 0.730
4643.914 0.752
4644.261 0.770
4644.608 0.764
4644.955 0.744
4645.302 0.737
4645.649 0.720
4645.996 0.678
4646.343 0.691
4646.690 0.715
4647.036 0.702
4647.383 0.689
4647.730 0.722
4648.077 0.729
4648.424 0.716
4648.771 0.720
4649.118 0.741
4649.465 0.748
4649.812 0.739
4650.159 0.755
4650.506 0.770
4650.853 0.736
4651.200 0.723
4651.547 0.730
4651.894 0.715
4652.241 0.730
4652.588 0.769
4652.935 0.771
4653.282 0.765
4653.629 0.754
4653.975 0.718
4654.322 0.654
4654.669 0.675
4655.016 0.739
4655.363 0.744
4655.710 0.727
4656.057 0.703
4656.404 0.696
4656.751 0.692
4657.098 0.704
4657.445 0.733
4657.792 0.764
4658.139 0.777
4658.486 0.776
4658.833 0.783
4659.180 0.783
4659.527 0.781
4659.874 0.777
4660.221 0.783
4660.568 0.777
4660.914 0.774
4661.261 0.762
4661.608 0.740
4661.955 0.758
4662.302 0.742
4662.649 0.749
4662.996 0.736
4663.343 0.735
4663.690 0.751
4664.037 0.759
4664.384 0.756
4664.731 0.753
4665.078 0.769
4665.425 0.765
4665.772 0.749
4666.119 0.735
4666.466 0.708
4666.813 0.680
4667.160 0.652
4667.507 0.627
4667.854 0.650
4668.200 0.698
4668.547 0.733
4668.894 0.726
4669.241 0.712
4669.588 0.724
4669.935 0.712
4670.282 0.698
4670.629 0.731
4670.976 0.780
4671.323 0.785
4671.670 0.770
4672.017 0.760
4672.364 0.754
4672.711 0.737
4673.058 0.730
4673.405 0.761
4673.752 0.768
4674.099 0.748
4674.446 0.731
4674.793 0.726
4675.139 0.746
4675.486 0.762
4675.833 0.787
4676.180 0.788
4676.527 0.778
4676.874 0.777
4677.221 0.775
4677.568 0.775
4677.915 0.767
4678.262 0.746
4678.609 0.719
4678.956 0.719
4679.303 0.748
4679.650 0.749
4679.997 0.712
4680.344 0.707
4680.691 0.743
4681.038 0.757
4681.385 0.737
4681.732 0.686
4682.078 0.687
4682.425 0.732
4682.772 0.779
4683.119 0.781
4683.466 0.757
4683.813 0.762
4684.160 0.772
4684.507 0.766
4684.854 0.750
4685.201 0.757
4685.548 0.770
4685.895 0.772
4686.242 0.768
4686.589 0.769
4686.936 0.738
4687.283 0.736
4687.630 0.744
4687.977 0.749
4688.324 0.758
4688.671 0.782
4689.018 0.778
4689.364 0.772
4689.711 0.759
4690.058 0.761
4690.405 0.762
4690.752 0.738
4691.099 0.709
4691.446 0.715
4691.793 0.756
4692.140 0.776
4692.487 0.784
4692.834 0.776
4693.181 0.763
4693.528 0.756
4693.875 0.773
4694.222 0.786
4694.569 0.775
4694.916 0.781
4695.263 0.788
4695.610 0.794
4695.957 0.803
4696.303 0.797
4696.650 0.783
4696.997 0.771
4697.344 0.784
4697.691 0.767
4698.038 0.739
4698.385 0.699
4698.732 0.709
4699.079 0.743
4699.426 0.770
4699.773 0.766
4700.120 0.764
4700.467 0.764
4700.814 0.759
4701.161 0.753
4701.508 0.760
4701.855 0.781
4702.202 0.761
4702.549 0.685
4702.896 0.642
4703.242 0.702
4703.589 0.743
4703.936 0.761
4704.283 0.770
4704.630 0.758
4704.977 0.758
4705.324 0.772
4705.671 0.777
4706.018 0.769
4706.365 0.754
4706.712 0.736
4707.059 0.693
4707.406 0.703
4707.753 0.743
4708.100 0.746
4708.447 0.721
4708.794 0.710
4709.141 0.725
4709.488 0.728
4709.835 0.706
4710.182 0.711
4710.528 0.753
4710.875 0.792
4711.222 0.795
4711.569 0.784
4711.916 0.775
4712.263 0.781
4712.610 0.781
4712.957 0.773
4713.304 0.786
4713.651 0.771
4713.998 0.717
4714.345 0.701
4714.692 0.737
4715.039 0.744
4715.386 0.739
4715.733 0.755
4716.080 0.779
4716.427 0.783
4716.774 0.785
4717.121 0.787
4717.467 0.775
4717.814 0.766
4718.161 0.764
4718.508 0.774
4718.855 0.788
4719.202 0.773
4719.549 0.762
4719.896 0.775
4720.243 0.788
4720.590 0.782
4720.937 0.781
4721.284 0.788
4721.631 0.771
4721.978 0.743
4722.325 0.738
4722.672 0.748
4723.019 0.760
4723.366 0.779
4723.713 0.792
4724.060 0.783
4724.406 0.773
4724.753 0.787
4725.100 0.796
4725.447 0.785
4725.794 0.779
4726.141 0.777
4726.488 0.773
4726.835 0.743
4727.182 0.716
4727.529 0.715
4727.876 0.725
4728.223 0.715
4728.570 0.732
4728.917 0.756
4729.264 0.760
4729.611 0.748
4729.958 0.755
4730.305 0.762
4730.652 0.755
4730.999 0.732
4731.346 0.726
4731.692 0.744
4732.039 0.767
4732.386 0.774
4732.733 0.782
4733.080 0.742
4733.427 0.712
4733.774 0.733
4734.121 0.775
4734.468 0.787
4734.815 0.795
4735.162 0.797
4735.509 0.785
4735.856 0.765
4736.203 0.746
4736.550 0.709
4736.897 0.716
4737.244 0.751
4737.591 0.765
4737.938 0.787
4738.285 0.805
4738.631 0.780
4738.978 0.777
4739.325 0.772
4739.672 0.766
4740.019 0.752
4740.366 0.758
4740.713 0.759
4741.060 0.757
4741.407 0.748
4741.754 0.762
4742.101 0.772
4742.448 0.773
4742.795 0.774
4743.142 0.790
4743.489 0.793
4743.836 0.790
4744.183 0.787
4744.530 0.774
4744.877 0.765
4745.224 0.759
4745.570 0.749
4745.917 0.769
4746.264 0.791
4746.611 0.799
4746.958 0.792
4747.305 0.792
4747.652 0.777
4747.999 0.764
4748.346 0.781
4748.693 0.782
4749.040 0.785
4749.387 0.772
4749.734 0.775
4750.081 0.796
4750.428 0.791
4750.775 0.788
4751.122 0.777
4751.469 0.773
4751.816 0.768
4752.163 0.759
4752.510 0.767
4752.856 0.780
4753.203 0.788
4753.550 0.752
4753.897 0.726
4754.244 0.737
4754.591 0.768
4754.938 0.785
4755.285 0.782
4755.632 0.761
4755.979 0.736
4756.326 0.736
4756.673 0.756
4757.020 0.772
4757.367 0.754
4757.714 0.738
4758.061 0.755
4758.408 0.757
4758.755 0.749
4759.102 0.750
4759.449 0.763
4759.795 0.783
4760.142 0.783
4760.489 0.785
4760.836 0.773
4761.183 0.759
4761.530 0.758
4761.877 0.735
4762.224 0.690
4762.571 0.685
4762.918 0.725
4763.265 0.739
4763.612 0.717
4763.959 0.699
4764.306 0.725
4764.653 0.758
4765.000 0.762
4765.347 0.740
4765.694 0.731
4766.041 0.735
4766.388 0.731
4766.734 0.751
4767.081 0.783
4767.428 0.786
4767.775 0.754
4768.122 0.733
4768.469 0.748
4768.816 0.774
4769.163 0.784
4769.510 0.791
4769.857 0.794
4770.204 0.794
4770.551 0.787
4770.898 0.769
4771.245 0.749
4771.592 0.756
4771.939 0.768
4772.286 0.752
4772.633 0.720
4772.980 0.745
4773.327 0.776
4773.674 0.791
4774.020 0.787
4774.367 0.796
4774.714 0.801
4775.061 0.791
4775.408 0.793
4775.755 0.769
4776.102 0.764
4776.449 0.772
4776.796 0.782
4777.143 0.789
4777.490 0.789
4777.837 0.785
4778.184 0.780
4778.531 0.794
4778.878 0.782
4779.225 0.754
4779.572 0.732
4779.919 0.729
4780.266 0.757
4780.613 0.780
4780.959 0.782
4781.306 0.765
4781.653 0.771
4782.000 0.790
4782.347 0.785
4782.694 0.761
4783.041 0.720
4783.388 0.719
4783.735 0.752
4784.082 0.780
4784.429 0.786
4784.776 0.792
4785.123 0.799
4785.470 0.790
4785.817 0.755
4786.164 0.704
4786.511 0.689
4786.858 0.731
4787.205 0.787
4787.552 0.779
4787.898 0.782
4788.245 0.781
4788.592 0.760
4788.939 0.728
4789.286 0.705
4789.633 0.731
4789.980 0.778
4790.327 0.782
4790.674 0.782
4791.021 0.776
4791.368 0.772
4791.715 0.771
4792.062 0.752
4792.409 0.747
4792.756 0.767
4793.103 0.797
4793.450 0.804
4793.797 0.802
4794.144 0.796
4794.491 0.808
4794.838 0.812
4795.184 0.797
4795.531 0.803
4795.878 0.794
4796.225 0.778
4796.572 0.782
4796.919 0.788
4797.266 0.790
4797.613 0.786
4797.960 0.763
4798.307 0.725
4798.654 0.744
4799.001 0.765
4799.348 0.769
4799.695 0.757
4800.042 0.769
4800.389 0.774
4800.736 0.767
4801.083 0.777
4801.430 0.799
4801.777 0.808
4802.123 0.807
4802.470 0.789
4802.817 0.787
4803.164 0.803
4803.511 0.811
4803.858 0.798
4804.205 0.790
4804.552 0.754
4804.899 0.721
4805.246 0.740
4805.593 0.773
4805.940 0.790
4806.287 0.790
4806.634 0.781
4806.981 0.775
4807.328 0.773
4807.675 0.775
4808.022 0.779
4808.369 0.773
4808.716 0.778
4809.062 0.784
4809.409 0.805
4809.756 0.808
4810.103 0.777
4810.450 0.768
4810.797 0.773
4811.144 0.781
4811.491 0.792
4811.838 0.787
4812.185 0.788
4812.532 0.799
4812.879 0.792
4813.226 0.786
4813.573 0.786
4813.920 0.796
4814.267 0.795
4814.614 0.788
4814.961 0.790
4815.308 0.788
4815.655 0.783
4816.002 0.796
4816.348 0.806
4816.695 0.813
4817.042 0.813
4817.389 0.790
4817.736 0.786
4818.083 0.803
4818.430 0.815
4818.777 0.809
4819.124 0.811
4819.471 0.815
4819.818 0.797
4820.165 0.776
4820.512 0.781
4820.859 0.803
4821.206 0.811
4821.553 0.819
4821.900 0.818
4822.247 0.816
4822.594 0.793
4822.941 0.747
4823.287 0.711
4823.634 0.719
4823.981 0.735
4824.328 0.775
4824.675 0.805
4825.022 0.791
4825.369 0.788
4825.716 0.806
4826.063 0.813
4826.410 0.812
4826.757 0.807
4827.104 0.792
4827.451 0.785
4827.798 0.798
4828.145 0.795
4828.492 0.773
4828.839 0.752
4829.186 0.758
4829.533 0.792
4829.880 0.817
4830.226 0.824
4830.573 0.806
4830.920 0.774
4831.267 0.762
4831.614 0.770
4831.961 0.761
4832.308 0.753
4832.655 0.769
4833.002 0.801
4833.349 0.808
4833.696 0.817
4834.043 0.802
4834.390 0.799
4834.737 0.813
4835.084 0.809
4835.431 0.791
4835.778 0.765
4836.125 0.771
4836.472 0.796
4836.819 0.809
4837.166 0.812
4837.512 0.820
4837.859 0.795
4838.206 0.783
4838.553 0.784
4838.900 0.785
4839.247 0.770
4839.594 0.763
4839.941 0.754
4840.288 0.756
4840.635 0.749
4840.982 0.776
4841.329 0.801
4841.676 0.801
4842.023 0.804
4842.370 0.791
4842.717 0.768
4843.064 0.757
4843.411 0.769
4843.758 0.768
4844.105 0.782
4844.451 0.796
4844.798 0.808
4845.145 0.795
4845.492 0.791
4845.839 0.795
4846.186 0.802
4846.533 0.797
4846.880 0.792
4847.227 0.788
4847.574 0.779
4847.921 0.748
4848.268 0.735
4848.615 0.732
4848.962 0.736
4849.309 0.763
4849.656 0.794
4850.003 0.800
4850.350 0.802
4850.697 0.794
4851.044 0.759
4851.390 0.743
4851.737 0.763
4852.084 0.778
4852.431 0.775
4852.778 0.778
4853.125 0.783
4853.472 0.785
4853.819 0.780
4854.166 0.754
4854.513 0.717
4854.860 0.681
4855.207 0.669
4855.554 0.666
4855.901 0.695
4856.248 0.735
4856.595 0.752
4856.942 0.742
4857.289 0.737
4857.636 0.733
4857.983 0.732
4858.330 0.717
4858.676 0.693
4859.023 0.656
4859.370 0.619
4859.717 0.603
4860.064 0.602
4860.411 0.533
4860.758 0.366
4861.105 0.243
4861.452 0.310
4861.799 0.488
4862.146 0.618
4862.493 0.665
4862.840 0.677
4863.187 0.676
4863.534 0.662
4863.881 0.664
4864.228 0.676
4864.575 0.691
4864.922 0.711
4865.269 0.714
4865.615 0.710
4865.962 0.711
4866.309 0.725
4866.656 0.746
4867.003 0.757
4867.350 0.739
4867.697 0.719
4868.044 0.722
4868.391 0.751
4868.738 0.774
4869.085 0.777
4869.432 0.774
4869.779 0.766
4870.126 0.757
4870.473 0.735
4870.820 0.681
4871.167 0.654
4871.514 0.661
4871.861 0.661
4872.208 0.705
4872.554 0.767
4872.901 0.773
4873.248 0.758
4873.595 0.766
4873.942 0.765
4874.289 0.767
4874.636 0.769
4874.983 0.755
4875.330 0.734
4875.677 0.732
4876.024 0.747
4876.371 0.772
4876.718 0.784
4877.065 0.787
4877.412 0.753
4877.759 0.691
4878.106 0.676
4878.453 0.743
4878.800 0.797
4879.147 0.812
4879.494 0.808
4879.840 0.799
4880.187 0.789
4880.534 0.787
4880.881 0.764
4881.228 0.720
4881.575 0.704
4881.922 0.728
4882.269 0.774
4882.616 0.796
4882.963 0.792
4883.310 0.759
4883.657 0.748
4884.004 0.784
4884.351 0.788
4884.698 0.746
4885.045 0.725
4885.392 0.744
4885.739 0.762
4886.086 0.752
4886.433 0.761
4886.779 0.758
4887.126 0.767
4887.473 0.796
4887.820 0.797
4888.167 0.773
4888.514 0.736
4888.861 0.732
4889.208 0.777
4889.555 0.814
4889.902 0.800
4890.249 0.736
4890.596 0.668
4890.943 0.662
4891.290 0.671
4891.637 0.733
4891.984 0.803
4892.331 0.812
4892.678 0.810
4893.025 0.809
4893.372 0.815
4893.718 0.803
4894.065 0.815
4894.412 0.825
4894.759 0.835
4895.106 0.840
4895.453 0.833
4895.800 0.822
4896.147 0.820
4896.494 0.824
4896.841 0.834
4897.188 0.830
4897.535 0.830
4897.882 0.833
4898.229 0.836
4898.576 0.836
4898.923 0.821
4899.270 0.795
4899.617 0.742
4899.964 0.726
4900.311 0.773
4900.658 0.817
4901.004 0.833
4901.351 0.830
4901.698 0.824
4902.045 0.815
4902.392 0.821
4902.739 0.779
4903.086 0.737
4903.433 0.764
4903.780 0.795
4904.127 0.778
4904.474 0.790
4904.821 0.814
4905.168 0.831
4905.515 0.843
4905.862 0.848
4906.209 0.839
4906.556 0.837
4906.903 0.836
4907.250 0.813
4907.597 0.803
4907.943 0.815
4908.290 0.832
4908.637 0.819
4908.984 0.798
4909.331 0.788
4909.678 0.768
4910.025 0.746
4910.372 0.766
4910.719 0.782
4911.066 0.790
4911.413 0.790
4911.760 0.813
4912.107 0.816
4912.454 0.835
4912.801 0.831
4913.148 0.801
4913.495 0.787
4913.842 0.801
4914.189 0.813
4914.536 0.830
4914.882 0.847
4915.229 0.836
4915.576 0.842
4915.923 0.850
4916.270 0.849
4916.617 0.838
4916.964 0.831
4917.311 0.821
4917.658 0.812
4918.005 0.791
4918.352 0.749
4918.699 0.716
4919.046 0.733
4919.393 0.789
4919.740 0.766
4920.087 0.688
4920.434 0.648
4920.781 0.723
4921.128 0.795
4921.475 0.791
4921.822 0.780
4922.168 0.795
4922.515 0.825
4922.862 0.847
4923.209 0.816
4923.556 0.739
4923.903 0.721
4924.250 0.768
4924.597 0.766
4924.944 0.782
4925.291 0.798
4925.638 0.823
4925.985 0.842
4926.332 0.850
4926.679 0.845
4927.026 0.830
4927.373 0.813
4927.720 0.807
4928.067 0.821
4928.414 0.845
4928.761 0.859
4929.107 0.866
4929.454 0.859
4929.801 0.840
4930.148 0.814
4930.495 0.831
4930.842 0.847
4931.189 0.855
4931.536 0.859
4931.883 0.855
4932.230 0.857
4932.577 0.839
4932.924 0.800
4933.271 0.756
4933.618 0.691
4933.965 0.680
4934.312 0.771
4934.659 0.836
4935.006 0.853
4935.353 0.842
4935.700 0.836
4936.046 0.835
4936.393 0.845
4936.740 0.837
4937.087 0.806
4937.434 0.804
4937.781 0.788
4938.128 0.767
4938.475 0.747
4938.822 0.738
4939.169 0.735
4939.516 0.749
4939.863 0.802
4940.210 0.853
4940.557 0.854
4940.904 0.850
4941.251 0.845
4941.598 0.849
4941.945 0.829
4942.292 0.797
4942.639 0.820
4942.986 0.839
4943.332 0.859
4943.679 0.855
4944.026 0.855
4944.373 0.864
4944.720 0.857
4945.067 0.837
4945.414 0.827
4945.761 0.816
4946.108 0.801
4946.455 0.813
4946.802 0.852
4947.149 0.858
4947.496 0.852
4947.843 0.850
4948.190 0.846
4948.537 0.850
4948.884 0.849
4949.231 0.857
4949.578 0.838
4949.925 0.817
4950.271 0.841
4950.618 0.858
4950.965 0.861
4951.312 0.869
4951.659 0.862
4952.006 0.850
4952.353 0.835
4952.700 0.834
4953.047 0.831
4953.394 0.845
4953.741 0.865
4954.088 0.856
4954.435 0.834
4954.782 0.850
4955.129 0.860
4955.476 0.874
4955.823 0.873
4956.170 0.872
4956.517 0.821
4956.864 0.701
4957.210 0.586
4957.557 0.624
4957.904 0.755
4958.251 0.838
4958.598 0.849
4958.945 0.847
4959.292 0.857
4959.639 0.865
4959.986 0.876
4960.333 0.871
4960.680 0.862
4961.027 0.850
4961.374 0.841
4961.721 0.838
4962.068 0.828
4962.415 0.837
4962.762 0.857
4963.109 0.868
4963.456 0.861
4963.803 0.853
4964.150 0.850
4964.496 0.824
4964.843 0.819
4965.190 0.834
4965.537 0.802
4965.884 0.777
4966.231 0.804
4966.578 0.844
4966.925 0.849
4967.272 0.828
4967.619 0.812
4967.966 0.814
4968.313 0.812
4968.660 0.826
4969.007 0.853
4969.354 0.852
4969.701 0.823
4970.048 0.805
4970.395 0.814
4970.742 0.826
4971.089 0.837
4971.435 0.847
4971.782 0.861
4972.129 0.862
4972.476 0.844
4972.823 0.812
4973.170 0.830
4973.517 0.863
4973.864 0.869
4974.211 0.865
4974.558 0.865
4974.905 0.857
4975.252 0.844
4975.599 0.844
4975.946 0.840
4976.293 0.840
4976.640 0.857
4976.987 0.868
4977.334 0.850
4977.681 0.836
4978.028 0.810
4978.374 0.799
4978.721 0.824
4979.068 0.849
4979.415 0.848
4979.762 0.822
4980.109 0.820
4980.456 0.851
4980.803 0.852
4981.150 0.794
4981.497 0.745
4981.844 0.744
4982.191 0.751
4982.538 0.757
4982.885 0.768
4983.232 0.767
4983.579 0.756
4983.926 0.772
4984.273 0.823
4984.620 0.828
4984.967 0.778
4985.314 0.749
4985.660 0.802
4986.007 0.826
4986.354 0.829
4986.701 0.849
4987.048 0.858
4987.395 0.862
4987.742 0.852
4988.089 0.858
4988.436 0.834
4988.783 0.805
4989.130 0.818
4989.477 0.844
4989.824 0.849
4990.171 0.838
4990.518 0.790
4990.865 0.735
4991.212 0.769
4991.559 0.836
4991.906 0.872
4992.253 0.872
4992.599 0.870
4992.946 0.852
4993.293 0.816
4993.640 0.768
4993.987 0.765
4994.334 0.821
4994.681 0.863
4995.028 0.864
4995.375 0.858
4995.722 0.862
4996.069 0.864
4996.416 0.823
4996.763 0.810
4997.110 0.835
4997.457 0.870
4997.804 0.861
4998.151 0.854
4998.498 0.856
4998.845 0.815
4999.192 0.769
4999.538 0.773
4999.885 0.814
5000.232 0.815
5000.579 0.813
5000.926 0.831
5001.273 0.820
5001.620 0.793
5001.967 0.810
5002.314 0.823
5002.661 0.824
5003.008 0.845
5003.355 0.847
5003.702 0.834
5004.049 0.842
5004.396 0.854
5004.743 0.844
5005.090 0.804
5005.437 0.742
5005.784 0.712
5006.131 0.762
5006.478 0.807
5006.824 0.777
5007.171 0.766
5007.518 0.822
5007.865 0.861
5008.212 0.874
5008.559 0.879
5008.906 0.871
5009.253 0.845
5009.600 0.826
5009.947 0.841
5010.294 0.851
5010.641 0.863
5010.988 0.860
5011.335 0.838
5011.682 0.756
5012.029 0.730
5012.376 0.798
5012.723 0.826
5013.070 0.811
5013.417 0.778
5013.763 0.733
5014.110 0.714
5014.457 0.742
5014.804 0.782
5015.151 0.825
5015.498 0.846
5015.845 0.825
5016.192 0.819
5016.539 0.841
5016.886 0.838
5017.233 0.815
5017.580 0.788
5017.927 0.743
5018.274 0.726
5018.621 0.793
5018.968 0.856
5019.315 0.839
5019.662 0.803
5020.009 0.803
5020.356 0.841
5020.702 0.870
5021.049 0.859
5021.396 0.829
5021.743 0.796
5022.090 0.776
5022.437 0.779
5022.784 0.787
5023.131 0.824
5023.478 0.865
5023.825 0.879
5024.172 0.857
5024.519 0.816
5024.866 0.804
5025.213 0.822
5025.560 0.838
5025.907 0.872
5026.254 0.873
5026.601 0.833
5026.948 0.790
5027.295 0.780
5027.642 0.793
5027.988 0.800
5028.335 0.843
5028.682 0.861
5029.029 0.856
5029.376 0.842
5029.723 0.854
5030.070 0.868
5030.417 0.834
5030.764 0.810
5031.111 0.825
5031.458 0.862
5031.805 0.870
5032.152 0.870
5032.499 0.877
5032.846 0.871
5033.193 0.874
5033.540 0.880
5033.887 0.887
5034.234 0.879
5034.581 0.859
5034.927 0.813
5035.274 0.775
5035.621 0.752
5035.968 0.743
5036.315 0.774
5036.662 0.821
5037.009 0.860
5037.356 0.876
5037.703 0.852
5038.050 0.806
5038.397 0.793
5038.744 0.806
5039.091 0.799
5039.438 0.792
5039.785 0.784
5040.132 0.780
5040.479 0.731
5040.826 0.669
5041.173 0.661
5041.520 0.683
5041.866 0.749
5042.213 0.834
5042.560 0.854
5042.907 0.860
5043.254 0.847
5043.601 0.820
5043.948 0.818
5044.295 0.847
5044.642 0.866
5044.989 0.862
5045.336 0.865
5045.683 0.883
5046.030 0.886
5046.377 0.890
5046.724 0.886
5047.071 0.882
5047.418 0.876
5047.765 0.851
5048.112 0.825
5048.459 0.815
5048.806 0.827
5049.152 0.824
5049.499 0.771
5049.846 0.788
5050.193 0.842
5050.540 0.871
5050.887 0.854
5051.234 0.770
5051.581 0.758
5051.928 0.823
5052.275 0.860
5052.622 0.853
5052.969 0.854
5053.316 0.862
5053.663 0.882
5054.010 0.874
5054.357 0.870
5054.704 0.872
5055.051 0.888
5055.398 0.880
5055.745 0.867
5056.091 0.867
5056.438 0.874
5056.785 0.872
5057.132 0.871
5057.479 0.874
5057.826 0.879
5058.173 0.876
5058.520 0.878
5058.867 0.881
5059.214 0.871
5059.561 0.849
5059.908 0.832
5060.255 0.854
5060.602 0.888
5060.949 0.893
5061.296 0.887
5061.643 0.873
5061.990 0.877
5062.337 0.881
5062.684 0.894
5063.030 0.885
5063.377 0.882
5063.724 0.868
5064.071 0.833
5064.418 0.753
5064.765 0.730
5065.112 0.789
5065.459 0.844
5065.806 0.866
5066.153 0.883
5066.500 0.873
5066.847 0.855
5067.194 0.857
5067.541 0.857
5067.888 0.854
5068.235 0.820
5068.582 0.791
5068.929 0.823
5069.276 0.860
5069.623 0.883
5069.970 0.887
5070.316 0.899
5070.663 0.881
5071.010 0.870
5071.357 0.847
5071.704 0.821
5072.051 0.809
5072.398 0.806
5072.745 0.838
5073.092 0.866
5073.439 0.884
5073.786 0.892
5074.133 0.862
5074.480 0.837
5074.827 0.842
5075.174 0.868
5075.521 0.865
5075.868 0.837
5076.215 0.833
5076.562 0.851
5076.909 0.873
5077.255 0.892
5077.602 0.905
5077.949 0.903
5078.296 0.869
5078.643 0.803
5078.990 0.740
5079.337 0.723
5079.684 0.740
5080.031 0.776
5080.378 0.796
5080.725 0.808
5081.072 0.837
5081.419 0.868
5081.766 0.875
5082.113 0.858
5082.460 0.859
5082.807 0.825
5083.154 0.789
5083.501 0.813
5083.848 0.837
5084.194 0.869
5084.541 0.885
5084.888 0.869
5085.235 0.873
5085.582 0.882
5085.929 0.904
5086.276 0.894
5086.623 0.859
5086.970 0.824
5087.317 0.830
5087.664 0.864
5088.011 0.879
5088.358 0.869
5088.705 0.871
5089.052 0.883
5089.399 0.888
5089.746 0.894
5090.093 0.879
5090.440 0.851
5090.787 0.859
5091.134 0.878
5091.480 0.883
5091.827 0.880
5092.174 0.888
5092.521 0.894
5092.868 0.892
5093.215 0.900
5093.562 0.907
5093.909 0.903
5094.256 0.892
5094.603 0.880
5094.950 0.881
5095.297 0.876
5095.644 0.884
5095.991 0.883
5096.338 0.861
5096.685 0.839
5097.032 0.847
5097.379 0.880
5097.726 0.895
5098.073 0.839
5098.419 0.770
5098.766 0.764
5099.113 0.805
5099.460 0.826
5099.807 0.844
5100.154 0.859
5100.501 0.874
5100.848 0.879
5101.195 0.891
5101.542 0.894
5101.889 0.896
5102.236 0.880
5102.583 0.858
5102.930 0.873
5103.277 0.882
5103.624 0.886
5103.971 0.868
5104.318 0.866
5104.665 0.876
5105.012 0.867
5105.358 0.842
5105.705 0.869
5106.052 0.883
5106.399 0.883
5106.746 0.846
5107.093 0.757
5107.440 0.729
5107.787 0.812
5108.134 0.886
5108.481 0.885
5108.828 0.883
5109.175 0.859
5109.522 0.843
5109.869 0.810
5110.216 0.765
5110.563 0.805
5110.910 0.865
5111.257 0.892
5111.604 0.890
5111.951 0.892
5112.298 0.875
5112.644 0.868
5112.991 0.858
5113.338 0.859
5113.685 0.889
5114.032 0.892
5114.379 0.894
5114.726 0.889
5115.073 0.871
5115.420 0.876
5115.767 0.883
5116.114 0.880
5116.461 0.885
5116.808 0.899
5117.155 0.913
5117.502 0.917
5117.849 0.909
5118.196 0.900
5118.543 0.888
5118.890 0.888
5119.237 0.899
5119.583 0.901
5119.930 0.891
5120.277 0.874
5120.624 0.880
5120.971 0.874
5121.318 0.861
5121.665 0.871
5122.012 0.887
5122.359 0.885
5122.706 0.856
5123.053 0.797
5123.400 0.754
5123.747 0.785
5124.094 0.854
5124.441 0.858
5124.788 0.829
5125.135 0.833
5125.482 0.862
5125.829 0.871
5126.176 0.883
5126.522 0.882
5126.869 0.837
5127.216 0.786
5127.563 0.820
5127.910 0.886
5128.257 0.897
5128.604 0.861
5128.951 0.794
5129.298 0.800
5129.645 0.842
5129.992 0.860
5130.339 0.877
5130.686 0.886
5131.033 0.855
5131.380 0.839
5131.727 0.871
5132.074 0.896
5132.421 0.895
5132.768 0.893
5133.115 0.851
5133.462 0.819
5133.808 0.848
5134.155 0.884
5134.502 0.900
5134.849 0.918
5135.196 0.923
5135.543 0.922
5135.890 0.911
5136.237 0.887
5136.584 0.837
5136.931 0.802
5137.278 0.827
5137.625 0.898
5137.972 0.907
5138.319 0.883
5138.666 0.818
5139.013 0.720
5139.360 0.728
5139.707 0.838
5140.054 0.909
5140.401 0.924
5140.747 0.929
5141.094 0.895
5141.441 0.854
5141.788 0.852
5142.135 0.795
5142.482 0.724
5142.829 0.766
5143.176 0.842
5143.523 0.884
5143.870 0.909
5144.217 0.913
5144.564 0.893
5144.911 0.850
5145.258 0.852
5145.605 0.863
5145.952 0.853
5146.299 0.848
5146.646 0.870
5146.993 0.871
5147.340 0.843
5147.686 0.824
5148.033 0.833
5148.380 0.880
5148.727 0.915
5149.074 0.917
5149.421 0.894
5149.768 0.888
5150.115 0.862
5150.462 0.832
5150.809 0.823
5151.156 0.855
5151.503 0.828
5151.850 0.775
5152.197 0.832
5152.544 0.882
5152.891 0.874
5153.238 0.850
5153.585 0.831
5153.932 0.817
5154.279 0.845
5154.626 0.870
5154.972 0.882
5155.319 0.880
5155.666 0.889
5156.013 0.889
5156.360 0.884
5156.707 0.899
5157.054 0.915
5157.401 0.919
5157.748 0.926
5158.095 0.923
5158.442 0.905
5158.789 0.886
5159.136 0.890
5159.483 0.905
5159.830 0.912
5160.177 0.911
5160.524 0.925
5160.871 0.932
5161.218 0.930
5161.565 0.906
5161.911 0.844
5162.258 0.835
5162.605 0.866
5162.952 0.897
5163.299 0.922
5163.646 0.924
5163.993 0.933
5164.340 0.910
5164.687 0.889
5165.034 0.856
5165.381 0.845
5165.728 0.816
5166.075 0.782
5166.422 0.769
5166.769 0.685
5167.116 0.545
5167.463 0.604
5167.810 0.767
5168.157 0.791
5168.504 0.695
5168.850 0.670
5169.197 0.793
5169.544 0.899
5169.891 0.931
5170.238 0.918
5170.585 0.890
5170.932 0.846
5171.279 0.777
5171.626 0.734
5171.973 0.670
5172.320 0.539
5172.667 0.537
5173.014 0.670
5173.361 0.761
5173.708 0.812
5174.055 0.878
5174.402 0.916
5174.749 0.910
5175.096 0.907
5175.443 0.901
5175.790 0.894
5176.136 0.896
5176.483 0.892
5176.830 0.898
5177.177 0.897
5177.524 0.914
5177.871 0.926
5178.218 0.916
5178.565 0.898
5178.912 0.909
5179.259 0.914
5179.606 0.900
5179.953 0.893
5180.300 0.899
5180.647 0.906
5180.994 0.901
5181.341 0.890
5181.688 0.879
5182.035 0.870
5182.382 0.837
5182.729 0.735
5183.075 0.558
5183.422 0.457
5183.769 0.559
5184.116 0.713
5184.463 0.821
5184.810 0.878
5185.157 0.893
5185.504 0.874
5185.851 0.861
5186.198 0.906
5186.545 0.941
5186.892 0.938
5187.239 0.922
5187.586 0.907
5187.933 0.880
5188.280 0.809
5188.627 0.777
5188.974 0.858
5189.321 0.934
5189.668 0.952
5190.014 0.961
5190.361 0.949
5190.708 0.916
5191.055 0.845
5191.402 0.798
5191.749 0.811
5192.096 0.783
5192.443 0.767
5192.790 0.813
5193.137 0.881
5193.484 0.926
5193.831 0.938
5194.178 0.918
5194.525 0.855
5194.872 0.796
5195.219 0.833
5195.566 0.858
5195.913 0.875
5196.260 0.913
5196.607 0.934
5196.954 0.911
5197.300 0.872
5197.647 0.893
5197.994 0.908
5198.341 0.871
5198.688 0.877
5199.035 0.927
5199.382 0.948
5199.729 0.935
5200.076 0.904
5200.423 0.899
5200.770 0.927
5201.117 0.932
5201.464 0.932
5201.811 0.880
5202.158 0.830
5202.505 0.876
5202.852 0.935
5203.199 0.952
5203.546 0.941
5203.893 0.874
5204.239 0.777
5204.586 0.793
5204.933 0.878
5205.280 0.851
5205.627 0.754
5205.974 0.754
5206.321 0.865
5206.668 0.933
5207.015 0.941
5207.362 0.923
5207.709 0.848
5208.056 0.740
5208.403 0.716
5208.750 0.828
5209.097 0.907
5209.444 0.909
5209.791 0.868
5210.138 0.813
5210.485 0.854
5210.832 0.893
5211.178 0.914
5211.525 0.925
5211.872 0.937
5212.219 0.943
5212.566 0.944
5212.913 0.958
5213.260 0.959
5213.607 0.963
5213.954 0.957
5214.301 0.943
5214.648 0.903
5214.995 0.871
5215.342 0.893
5215.689 0.878
5216.036 0.828
5216.383 0.869
5216.730 0.909
5217.077 0.888
5217.424 0.881
5217.771 0.915
5218.118 0.945
5218.464 0.962
5218.811 0.960
5219.158 0.937
5219.505 0.906
5219.852 0.922
5220.199 0.951
5220.546 0.961
5220.893 0.967
5221.240 0.956
5221.587 0.955
5221.934 0.956
5222.281 0.946
5222.628 0.931
5222.975 0.942
5223.322 0.935
5223.669 0.921
5224.016 0.897
5224.363 0.888
5224.710 0.890
5225.057 0.872
5225.403 0.864
5225.750 0.889
5226.097 0.839
5226.444 0.712
5226.791 0.649
5227.138 0.728
5227.485 0.881
5227.832 0.929
5228.179 0.934
5228.526 0.957
5228.873 0.969
5229.220 0.943
5229.567 0.878
5229.914 0.882
5230.261 0.926
5230.608 0.961
5230.955 0.966
5231.302 0.979
5231.649 0.980
5231.996 0.956
5232.342 0.883
5232.689 0.806
5233.036 0.846
5233.383 0.914
5233.730 0.927
5234.077 0.902
5234.424 0.882
5234.771 0.881
5235.118 0.886
5235.465 0.915
5235.812 0.948
5236.159 0.955
5236.506 0.964
5236.853 0.949
5237.200 0.944
5237.547 0.960
5237.894 0.966
5238.241 0.951
5238.588 0.943
5238.935 0.958
5239.282 0.945
5239.628 0.920
5239.975 0.934
5240.322 0.950
5240.669 0.960
5241.016 0.973
5241.363 0.973
5241.710 0.972
5242.057 0.929
5242.404 0.918
5242.751 0.947
5243.098 0.955
5243.445 0.936
5243.792 0.951
5244.139 0.972
5244.486 0.977
5244.833 0.990
5245.180 0.983
5245.527 0.963
5245.874 0.945
5246.221 0.919
5246.567 0.871
5246.914 0.831
5247.261 0.820
5247.608 0.869
5247.955 0.935
5248.302 0.963
5248.649 0.969
5248.996 0.957
5249.343 0.946
5249.690 0.892
5250.037 0.838
5250.384 0.813
5250.731 0.869
5251.078 0.923
5251.425 0.923
5251.772 0.909
5252.119 0.919
5252.466 0.946
5252.813 0.935
5253.160 0.920
5253.506 0.941
5253.853 0.967
5254.200 0.950
5254.547 0.878
5254.894 0.836
5255.241 0.877
5255.588 0.924
5255.935 0.967
5256.282 0.978
5256.629 0.966
5256.976 0.975
5257.323 0.970
5257.670 0.976
5258.017 0.979
5258.364 0.976
5258.711 0.982
5259.058 0.971
5259.405 0.961
5259.752 0.952
5260.099 0.952
5260.446 0.959
5260.792 0.964
5261.139 0.937
5261.486 0.868
5261.833 0.827
5262.180 0.852
5262.527 0.916
5262.874 0.894
5263.221 0.857
5263.568 0.850
5263.915 0.821
5264.262 0.857
5264.609 0.902
5264.956 0.877
5265.303 0.804
5265.650 0.791
5265.997 0.819
5266.344 0.820
5266.691 0.881
5267.038 0.950
5267.385 0.981
5267.731 0.987
5268.078 0.958
5268.425 0.920
5268.772 0.861
5269.119 0.734
5269.466 0.668
5269.813 0.686
5270.160 0.718
5270.507 0.837
5270.854 0.946
5271.201 0.974
5271.548 0.973
5271.895 0.975
5272.242 0.968
5272.589 0.922
5272.936 0.842
5273.283 0.855
5273.630 0.936
5273.977 0.971
5274.324 0.967
5274.670 0.935
5275.017 0.907
5275.364 0.874
5275.711 0.831
5276.058 0.882
5276.405 0.952
5276.752 0.976
5277.099 0.981
5277.446 0.986
5277.793 0.987
5278.140 0.994
5278.487 0.979
5278.834 0.988
5279.181 0.989
5279.528 0.983
5279.875 0.955
5280.222 0.945
5280.569 0.968
5280.916 0.968
5281.263 0.923
5281.610 0.883
5281.956 0.910
5282.303 0.957
5282.650 0.966
5282.997 0.925
5283.344 0.833
5283.691 0.838
5284.038 0.886
5284.385 0.938
5284.732 0.972
5285.079 0.987
5285.426 0.990
5285.773 0.996
5286.120 0.998
5286.467 1.002
5286.814 0.999
5287.161 0.992
5287.508 0.991
5287.855 0.977
5288.202 0.955
5288.549 0.954
5288.895 0.978
5289.242 0.984
5289.589 0.982
5289.936 0.982
5290.283 0.985
5290.630 0.990
5290.977 0.984
5291.324 0.999
5291.671 0.993
5292.018 0.988
5292.365 0.970
5292.712 0.960
5293.059 0.962
5293.406 0.972
5293.753 0.987
5294.100 0.991
5294.447 0.995
5294.794 0.989
5295.141 0.976
5295.488 0.969
5295.834 0.972
5296.181 0.937
5296.528 0.888
5296.875 0.878
5297.222 0.896
5297.569 0.888
5297.916 0.837
5298.263 0.837
5298.610 0.919
5298.957 0.979
5299.304 0.994
5299.651 0.990
5299.998 0.971
5300.345 0.939
5300.692 0.923
5301.039 0.940
5301.386 0.973
5301.733 0.922
5302.080 0.879
5302.427 0.925
5302.774 0.978
5303.120 0.986
5303.467 0.982
5303.814 0.995
5304.161 1.001
5304.508 1.007
5304.855 1.011
5305.202 1.002
5305.549 0.999
5305.896 0.991
5306.243 0.993
5306.590 0.977
5306.937 0.926
5307.284 0.918
5307.631 0.962
5307.978 0.986
5308.325 0.986
5308.672 1.000
5309.019 1.011
5309.366 1.010
5309.713 1.012
5310.059 1.005
5310.406 1.001
5310.753 1.000
5311.100 0.989
5311.447 0.992
5311.794 0.998
5312.141 1.003
5312.488 0.987
5312.835 0.985
5313.182 0.969
5313.529 0.974
5313.876 1.000
5314.223 1.006
5314.570 1.006
5314.917 0.999
5315.264 0.998
5315.611 1.002
5315.958 0.960
5316.305 0.882
5316.652 0.874
5316.998 0.950
5317.345 1.000
5317.692 1.006
5318.039 0.994
5318.386 0.984
5318.733 0.990
5319.080 0.993
5319.427 0.981
5319.774 0.964
5320.121 0.986
5320.468 0.994
5320.815 0.985
5321.162 0.990
5321.509 0.978
5321.856 0.960
5322.203 0.981
5322.550 0.992
5322.897 1.004
5323.244 0.989
5323.591 0.916
5323.938 0.847
5324.284 0.898
5324.631 0.972
5324.978 0.987
5325.325 0.981
5325.672 0.981
5326.019 0.995
5326.366 1.016
5326.713 1.004
5327.060 0.976
5327.407 0.875
5327.754 0.700
5328.101 0.635
5328.448 0.746
5328.795 0.885
5329.142 0.944
5329.489 0.956
5329.836 0.965
5330.183 0.982
5330.530 0.994
5330.877 0.990
5331.223 0.982
5331.570 0.998
5331.917 1.005
5332.264 0.962
5332.611 0.900
5332.958 0.922
5333.305 0.983
5333.652 1.003
5333.999 1.008
5334.346 1.009
5334.693 0.999
5335.040 1.007
5335.387 1.013
5335.734 1.007
5336.081 0.974
5336.428 0.921
5336.775 0.923
5337.122 0.971
5337.469 0.995
5337.816 0.993
5338.162 1.002
5338.509 1.014
5338.856 1.012
5339.203 0.977
5339.550 0.919
5339.897 0.896
5340.244 0.919
5340.591 0.869
5340.938 0.851
5341.285 0.934
5341.632 1.001
5341.979 1.021
5342.326 1.009
5342.673 0.992
5343.020 0.987
5343.367 0.990
5343.714 1.004
5344.061 1.010
5344.408 1.011
5344.755 1.018
5345.102 0.977
5345.448 0.915
5345.795 0.900
5346.142 0.961
5346.489 1.009
5346.836 1.018
5347.183 1.023
5347.530 1.010
5347.877 0.952
5348.224 0.930
5348.571 0.971
5348.918 0.952
5349.265 0.917
5349.612 0.930
5349.959 0.978
5350.306 0.988
5350.653 1.001
5351.000 1.017
5351.347 1.020
5351.694 1.014
5352.041 1.012
5352.387 1.020
5352.734 0.991
5353.081 0.960
5353.428 0.957
5353.775 0.998
5354.122 1.038
5354.469 1.028
5354.816 1.034
5355.163 1.026
5355.510 1.031
5355.857 1.026
5356.204 1.024
5356.551 1.024
5356.898 1.002
5357.245 1.011
5357.592 1.021
5357.939 1.029
5358.286 1.027
5358.633 1.018
5358.980 1.022
5359.326 1.025
5359.673 1.023
5360.020 1.027
5360.367 1.030
5360.714 1.023
5361.061 0.998
5361.408 0.981
5361.755 0.996
5362.102 0.984
5362.449 0.949
5362.796 0.950
5363.143 0.987
5363.490 1.012
5363.837 1.005
5364.184 0.989
5364.531 0.937
5364.878 0.911
5365.225 0.942
5365.572 0.989
5365.919 1.023
5366.266 1.012
5366.612 1.002
5366.959 0.969
5367.306 0.944
5367.653 0.982
5368.000 1.015
5368.347 1.027
5368.694 1.029
5369.041 0.999
5369.388 0.936
5369.735 0.898
5370.082 0.947
5370.429 0.987
5370.776 0.940
5371.123 0.809
5371.470 0.800
5371.817 0.928
5372.164 1.011
5372.511 1.037
5372.858 1.024
5373.205 1.016
5373.551 1.003
5373.898 1.019
5374.245 1.035
5374.592 1.035
5374.939 1.040
5375.286 1.032
5375.633 1.030
5375.980 1.021
5376.327 1.003
5376.674 1.012
5377.021 1.023
5377.368 1.021
5377.715 1.024
5378.062 1.035
5378.409 1.038
5378.756 1.031
5379.103 1.012
5379.450 1.001
5379.797 1.017
5380.144 1.021
5380.490 0.985
5380.837 0.957
5381.184 0.979
5381.531 1.019
5381.878 1.030
5382.225 1.027
5382.572 1.012
5382.919 0.940
5383.266 0.928
5383.613 0.980
5383.960 1.023
5384.307 1.024
5384.654 1.022
5385.001 1.026
5385.348 1.020
5385.695 1.032
5386.042 1.013
5386.389 1.009
5386.736 1.015
5387.083 1.030
5387.430 1.031
5387.776 1.034
5388.123 1.024
5388.470 1.016
5388.817 1.008
5389.164 0.976
5389.511 0.978
5389.858 0.997
5390.205 1.017
5390.552 1.014
5390.899 1.011
5391.246 0.975
5391.593 0.990
5391.940 1.030
5392.287 1.028
5392.634 0.977
5392.981 0.917
5393.328 0.962
5393.675 1.008
5394.022 1.007
5394.369 0.961
5394.715 0.972
5395.062 1.023
5395.409 1.039
5395.756 1.021
5396.103 0.985
5396.450 0.901
5396.797 0.812
5397.144 0.836
5397.491 0.953
5397.838 0.995
5398.185 1.005
5398.532 1.031
5398.879 1.041
5399.226 1.040
5399.573 1.037
5399.920 1.006
5400.267 0.952
5400.614 0.972
5400.961 1.012
5401.308 1.018
5401.654 1.032
5402.001 1.040
5402.348 1.022
5402.695 1.026
5403.042 1.029
5403.389 0.988
5403.736 0.897
5404.083 0.894
5404.430 0.963
5404.777 0.993
5405.124 0.927
5405.471 0.819
5405.818 0.843
5406.165 0.962
5406.512 1.013
5406.859 1.003
5407.206 0.988
5407.553 1.014
5407.900 1.041
5408.247 1.041
5408.594 1.011
5408.940 0.964
5409.287 0.911
5409.634 0.884
5409.981 0.944
5410.328 0.973
5410.675 0.942
5411.022 0.964
5411.369 1.024
5411.716 1.045
5412.063 1.039
5412.410 1.029
5412.757 1.022
5413.104 1.022
5413.451 1.021
5413.798 1.019
5414.145 1.033
5414.492 1.005
5414.839 0.936
5415.186 0.932
5415.533 1.004
5415.879 1.045
5416.226 1.043
5416.573 1.033
5416.920 1.032
5417.267 1.039
5417.614 1.036
5417.961 1.028
5418.308 0.999
5418.655 0.973
5419.002 1.002
5419.349 1.028
5419.696 1.019
5420.043 0.990
5420.390 0.987
5420.737 1.001
5421.084 1.009
5421.431 1.031
5421.778 1.037
5422.125 1.045
5422.472 1.050
5422.818 1.047
5423.165 1.034
5423.512 0.967
5423.859 0.906
5424.206 0.929
5424.553 0.975
5424.900 1.013
5425.247 1.021
5425.594 1.030
5425.941 1.017
5426.288 1.012
5426.635 1.044
5426.982 1.062
5427.329 1.070
5427.676 1.066
5428.023 1.060
5428.370 1.044
5428.717 1.012
5429.064 0.911
5429.411 0.786
5429.758 0.833
5430.104 0.980
5430.451 1.046
5430.798 1.052
5431.145 1.045
5431.492 1.051
5431.839 1.036
5432.186 0.983
5432.533 0.954
5432.880 0.990
5433.227 1.035
5433.574 1.035
5433.921 0.965
5434.268 0.870
5434.615 0.908
5434.962 1.003
5435.309 1.009
5435.656 0.989
5436.003 0.978
5436.350 0.981
5436.697 0.990
5437.043 1.020
5437.390 1.037
5437.737 1.039
5438.084 1.041
5438.431 1.040
5438.778 1.039
5439.125 1.049
5439.472 1.053
5439.819 1.052
5440.166 1.046
5440.513 1.050
5440.860 1.046
5441.207 1.036
5441.554 1.042
5441.901 1.041
5442.248 1.043
5442.595 1.045
5442.942 1.051
5443.289 1.056
5443.636 1.048
5443.982 1.052
5444.329 1.032
5444.676 0.982
5445.023 0.980
5445.370 1.015
5445.717 1.025
5446.064 0.963
5446.411 0.839
5446.758 0.786
5447.105 0.898
5447.452 1.012
5447.799 1.038
5448.146 1.039
5448.493 1.040
5448.840 1.039
5449.187 1.049
5449.534 1.052
5449.881 1.056
5450.228 1.051
5450.575 1.039
5450.922 1.042
5451.268 1.040
5451.615 1.044
5451.962 1.044
5452.309 1.047
5452.656 1.048
5453.003 1.042
5453.350 1.045
5453.697 1.028
5454.044 1.040
5454.391 1.043
5454.738 1.009
5455.085 0.881
5455.432 0.790
5455.779 0.889
5456.126 1.014
5456.473 1.048
5456.820 1.054
5457.167 1.051
5457.514 1.053
5457.861 1.058
5458.207 1.070
5458.554 1.070
5458.901 1.067
5459.248 1.062
5459.595 1.057
5459.942 1.037
5460.289 1.009
5460.636 1.027
5460.983 1.053
5461.330 1.056
5461.677 1.065
5462.024 1.053
5462.371 1.020
5462.718 0.954
5463.065 0.932
5463.412 0.991
5463.759 1.033
5464.106 1.038
5464.453 1.047
5464.800 1.074
5465.146 1.079
5465.493 1.058
5465.840 1.031
5466.187 1.007
5466.534 1.015
5466.881 1.039
5467.228 1.061
5467.575 1.066
5467.922 1.063
5468.269 1.065
5468.616 1.067
5468.963 1.058
5469.310 1.061
5469.657 1.055
5470.004 1.041
5470.351 1.013
5470.698 1.016
5471.045 1.040
5471.392 1.069
5471.739 1.072
5472.086 1.056
5472.432 1.031
5472.779 1.031
5473.126 1.028
5473.473 0.999
5473.820 0.989
5474.167 1.021
5474.514 1.051
5474.861 1.079
5475.208 1.076
5475.555 1.071
5475.902 1.001
5476.249 0.904
5476.596 0.832
5476.943 0.900
5477.290 1.004
5477.637 1.032
5477.984 1.044
5478.331 1.055
5478.678 1.062
5479.025 1.072
5479.371 1.077
5479.718 1.075
5480.065 1.063
5480.412 1.029
5480.759 0.991
5481.106 0.971
5481.453 0.991
5481.800 1.017
5482.147 1.048
5482.494 1.058
5482.841 1.010
5483.188 0.995
5483.535 1.030
5483.882 1.062
5484.229 1.065
5484.576 1.061
5484.923 1.069
5485.270 1.067
5485.617 1.062
5485.964 1.063
5486.310 1.059
5486.657 1.040
5487.004 1.006
5487.351 0.966
5487.698 0.964
5488.045 1.005
5488.392 1.042
5488.739 1.058
5489.086 1.063
5489.433 1.047
5489.780 1.031
5490.127 0.995
5490.474 0.994
5490.821 1.014
5491.168 1.066
5491.515 1.080
5491.862 1.077
5492.209 1.075
5492.556 1.064
5492.903 1.047
5493.250 1.040
5493.596 1.036
5493.943 1.040
5494.290 1.035
5494.637 1.060
5494.984 1.081
5495.331 1.093
5495.678 1.083
5496.025 1.078
5496.372 1.073
5496.719 1.048
5497.066 0.950
5497.413 0.903
5497.760 0.985
5498.107 1.063
5498.454 1.084
5498.801 1.098
5499.148 1.090
5499.495 1.090
5499.842 1.090
5500.189 1.090
5500.535 1.083
5500.882 1.015
5501.229 0.940
5501.576 0.969
5501.923 1.053
5502.270 1.069
5502.617 1.062
5502.964 1.051
5503.311 1.043
5503.658 1.058
5504.005 1.061
5504.352 1.077
5504.699 1.086
5505.046 1.080
5505.393 1.067
5505.740 1.033
5506.087 0.992
5506.434 0.912
5506.781 0.927
5507.128 1.034
5507.474 1.075
5507.821 1.077
5508.168 1.072
5508.515 1.063
5508.862 1.070
5509.209 1.061
5509.556 1.035
5509.903 1.028
5510.250 1.059
5510.597 1.075
5510.944 1.078
5511.291 1.069
5511.638 1.043
5511.985 1.008
5512.332 0.972
5512.679 0.976
5513.026 1.024
5513.373 1.072
5513.720 1.060
5514.067 1.004
5514.414 0.985
5514.760 1.042
5515.107 1.078
5515.454 1.085
5515.801 1.081
5516.148 1.073
5516.495 1.052
5516.842 1.056
5517.189 1.080
5517.536 1.087
5517.883 1.098
5518.230 1.085
5518.577 1.100
5518.924 1.102
5519.271 1.097
5519.618 1.086
5519.965 1.082
5520.312 1.091
5520.659 1.095
5521.006 1.087
5521.353 1.071
5521.699 1.071
5522.046 1.057
5522.393 1.056
5522.740 1.056
5523.087 1.080
5523.434 1.081
5523.781 1.088
5524.128 1.086
5524.475 1.088
5524.822 1.076
5525.169 1.055
5525.516 1.066
5525.863 1.081
5526.210 1.055
5526.557 1.015
5526.904 1.032
5527.251 1.051
5527.598 1.037
5527.945 0.939
5528.292 0.884
5528.638 0.977
5528.985 1.052
5529.332 1.083
5529.679 1.085
5530.026 1.087
5530.373 1.066
5530.720 1.072
5531.067 1.098
5531.414 1.092
5531.761 1.087
5532.108 1.068
5532.455 1.041
5532.802 1.047
5533.149 1.071
5533.496 1.085
5533.843 1.076
5534.190 1.061
5534.537 1.028
5534.884 1.008
5535.231 1.012
5535.578 1.033
5535.924 1.065
5536.271 1.075
5536.618 1.079
5536.965 1.087
5537.312 1.062
5537.659 1.064
5538.006 1.072
5538.353 1.068
5538.700 1.069
5539.047 1.081
5539.394 1.104
5539.741 1.098
5540.088 1.101
5540.435 1.098
5540.782 1.100
5541.129 1.095
5541.476 1.096
5541.823 1.102
5542.170 1.090
5542.517 1.081
5542.863 1.069
5543.210 1.056
5543.557 1.062
5543.904 1.059
5544.251 1.076
5544.598 1.086
5544.945 1.082
5545.292 1.080
5545.639 1.063
5545.986 1.056
5546.333 1.053
5546.680 1.053
5547.027 1.067
5547.374 1.090
5547.721 1.103
5548.068 1.097
5548.415 0.000
