# Wavelenght Flux
5278.663 0.990
5279.103 0.984
5279.542 0.970
5279.981 0.954
5280.420 0.958
5280.859 0.964
5281.299 0.920
5281.738 0.898
5282.177 0.937
5282.616 0.952
5283.055 0.894
5283.495 0.851
5283.934 0.881
5284.373 0.935
5284.812 0.969
5285.252 0.984
5285.691 0.995
5286.130 1.000
5286.569 0.993
5287.008 0.990
5287.448 0.981
5287.887 0.977
5288.326 0.966
5288.765 0.969
5289.204 0.979
5289.644 0.988
5290.083 0.994
5290.522 0.988
5290.961 0.991
5291.400 0.993
5291.840 0.985
5292.279 0.973
5292.718 0.962
5293.157 0.974
5293.597 0.974
5294.036 0.985
5294.475 0.988
5294.914 0.985
5295.353 0.972
5295.793 0.960
5296.232 0.928
5296.671 0.890
5297.110 0.884
5297.549 0.878
5297.989 0.842
5298.428 0.883
5298.867 0.966
5299.306 0.984
5299.745 0.979
5300.185 0.951
5300.624 0.930
5301.063 0.949
5301.502 0.950
5301.942 0.914
5302.381 0.928
5302.820 0.973
5303.259 0.992
5303.698 0.991
5304.138 0.995
5304.577 1.001
5305.016 1.006
5305.455 0.998
5305.894 0.996
5306.334 0.991
5306.773 0.950
5307.212 0.934
5307.651 0.964
5308.091 0.981
5308.530 0.996
5308.969 1.007
5309.408 1.007
5309.847 1.006
5310.287 1.001
5310.726 0.997
5311.165 0.995
5311.604 1.001
5312.043 1.002
5312.483 0.987
5312.922 0.977
5313.361 0.982
5313.800 0.993
5314.239 1.000
5314.679 0.997
5315.118 0.995
5315.557 0.994
5315.996 0.937
5316.436 0.896
5316.875 0.937
5317.314 0.990
5317.753 1.005
5318.192 0.993
5318.632 0.996
5319.071 0.992
5319.510 0.982
5319.949 0.981
5320.388 0.995
5320.828 0.993
5321.267 0.982
5321.706 0.970
5322.145 0.972
5322.584 0.988
5323.024 0.980
5323.463 0.925
5323.902 0.877
5324.341 0.916
5324.781 0.974
5325.220 0.982
5325.659 0.986
5326.098 0.994
5326.537 1.003
5326.977 0.972
5327.416 0.850
5327.855 0.701
5328.294 0.708
5328.733 0.850
5329.173 0.940
5329.612 0.955
5330.051 0.969
5330.490 0.995
5330.929 0.992
5331.369 0.996
5331.808 0.987
5332.247 0.956
5332.686 0.930
5333.126 0.953
5333.565 0.996
5334.004 1.005
5334.443 1.007
5334.882 1.011
5335.322 1.013
5335.761 1.003
5336.200 0.967
5336.639 0.936
5337.078 0.968
5337.518 1.002
5337.957 1.002
5338.396 1.011
5338.835 1.004
5339.274 0.959
5339.714 0.918
5340.153 0.910
5340.592 0.881
5341.031 0.891
5341.471 0.966
5341.910 1.011
5342.349 1.005
5342.788 0.999
5343.227 0.989
5343.667 0.996
5344.106 1.008
5344.545 1.006
5344.984 0.987
5345.423 0.927
5345.863 0.928
5346.302 0.988
5346.741 1.019
5347.180 1.019
5347.619 0.984
5348.059 0.945
5348.498 0.954
5348.937 0.940
5349.376 0.922
5349.816 0.951
5350.255 0.989
5350.694 1.007
5351.133 1.014
5351.572 1.008
5352.012 1.007
5352.451 1.006
5352.890 0.972
5353.329 0.960
5353.768 0.996
5354.208 1.019
5354.647 1.032
5355.086 1.025
5355.525 1.026
5355.965 1.023
5356.404 1.014
5356.843 1.013
5357.282 1.014
5357.721 1.019
5358.161 1.015
5358.600 1.022
5359.039 1.022
5359.478 1.019
5359.917 1.019
5360.357 1.020
5360.796 1.008
5361.235 0.985
5361.674 0.994
5362.113 0.983
5362.553 0.950
5362.992 0.967
5363.431 1.002
5363.870 1.001
5364.310 0.962
5364.749 0.925
5365.188 0.941
5365.627 0.985
5366.066 0.999
5366.506 0.993
5366.945 0.962
5367.384 0.955
5367.823 0.990
5368.262 1.020
5368.702 1.014
5369.141 0.973
5369.580 0.914
5370.019 0.930
5370.458 0.960
5370.898 0.887
5371.337 0.825
5371.776 0.904
5372.215 1.001
5372.655 1.030
5373.094 1.009
5373.533 0.984
5373.972 0.994
5374.411 1.028
5374.851 1.029
5375.290 1.035
5375.729 1.029
5376.168 1.018
5376.607 1.008
5377.047 1.011
5377.486 1.021
5377.925 1.027
5378.364 1.036
5378.803 1.030
5379.243 1.007
5379.682 1.006
5380.121 1.011
5380.560 0.981
5381.000 0.973
5381.439 1.008
5381.878 1.022
5382.317 1.020
5382.756 0.976
5383.196 0.936
5383.635 0.980
5384.074 1.014
5384.513 1.014
5384.952 1.015
5385.392 1.022
5385.831 1.020
5386.270 1.016
5386.709 1.014
5387.148 1.022
5387.588 1.027
5388.027 1.024
5388.466 1.013
5388.905 0.988
5389.345 0.974
5389.784 0.990
5390.223 1.008
5390.662 1.008
5391.101 0.986
5391.541 0.988
5391.980 1.014
5392.419 1.001
5392.858 0.950
5393.297 0.958
5393.737 0.995
5394.176 0.980
5394.615 0.972
5395.054 1.008
5395.494 1.030
5395.933 0.996
5396.372 0.919
5396.811 0.833
5397.250 0.877
5397.690 0.974
5398.129 1.001
5398.568 1.028
5399.007 1.038
5399.446 1.033
5399.886 0.999
5400.325 0.965
5400.764 0.984
5401.203 1.021
5401.642 1.033
5402.082 1.038
5402.521 1.025
5402.960 1.023
5403.399 0.970
5403.839 0.911
5404.278 0.937
5404.717 0.969
5405.156 0.906
5405.595 0.844
5406.035 0.911
5406.474 0.999
5406.913 1.009
5407.352 0.999
5407.791 1.030
5408.231 1.031
5408.670 0.996
5409.109 0.937
5409.548 0.900
5409.987 0.937
5410.427 0.964
5410.866 0.966
5411.305 1.006
5411.744 1.032
5412.184 1.037
5412.623 1.028
5413.062 1.034
5413.501 1.029
5413.940 1.024
5414.380 1.001
5414.819 0.957
5415.258 0.970
5415.697 1.017
5416.136 1.039
5416.576 1.036
5417.015 1.035
5417.454 1.043
5417.893 1.027
5418.332 0.992
5418.772 0.983
5419.211 1.008
5419.650 1.014
5420.089 0.994
5420.529 0.996
5420.968 1.005
5421.407 1.021
5421.846 1.037
5422.285 1.039
5422.725 1.045
5423.164 1.016
5423.603 0.959
5424.042 0.931
5424.481 0.966
5424.921 1.004
5425.360 1.018
5425.799 1.021
5426.238 1.019
5426.677 1.039
5427.117 1.060
5427.556 1.063
5427.995 1.058
5428.434 1.029
5428.874 0.954
5429.313 0.841
5429.752 0.864
5430.191 0.990
5430.630 1.047
5431.070 1.051
5431.509 1.040
5431.948 1.019
5432.387 0.978
5432.826 0.987
5433.266 1.026
5433.705 1.000
5434.144 0.913
5434.583 0.917
5435.023 0.991
5435.462 1.010
5435.901 0.982
5436.340 0.979
5436.779 1.002
5437.219 1.031
5437.658 1.039
5438.097 1.042
5438.536 1.034
5438.975 1.040
5439.415 1.053
5439.854 1.056
5440.293 1.052
5440.732 1.046
5441.171 1.048
5441.611 1.038
5442.050 1.049
5442.489 1.055
5442.928 1.057
5443.368 1.052
5443.807 1.056
5444.246 1.039
5444.685 0.996
5445.124 1.000
5445.564 1.021
5446.003 0.967
5446.442 0.851
5446.881 0.840
5447.320 0.966
5447.760 1.038
5448.199 1.039
5448.638 1.043
5449.077 1.049
5449.516 1.056
5449.956 1.055
5450.395 1.048
5450.834 1.042
5451.273 1.044
5451.713 1.044
5452.152 1.051
5452.591 1.058
5453.030 1.051
5453.469 1.037
5453.909 1.035
5454.348 1.031
5454.787 0.974
5455.226 0.856
5455.665 0.871
5456.105 0.994
5456.544 1.048
5456.983 1.054
5457.422 1.066
5457.861 1.065
5458.301 1.073
5458.740 1.070
5459.179 1.068
5459.618 1.057
5460.058 1.032
5460.497 1.019
5460.936 1.049
5461.375 1.058
5461.814 1.061
5462.254 1.025
5462.693 0.964
5463.132 0.960
5463.571 1.014
5464.010 1.038
5464.450 1.056
5464.889 1.064
5465.328 1.058
5465.767 1.039
5466.206 1.015
5466.646 1.028
5467.085 1.052
5467.524 1.066
5467.963 1.071
5468.403 1.065
5468.842 1.065
5469.281 1.063
5469.720 1.056
5470.159 1.030
5470.599 1.023
5471.038 1.044
5471.477 1.068
5471.916 1.071
5472.355 1.050
5472.795 1.032
5473.234 1.015
5473.673 1.003
5474.112 1.015
5474.551 1.059
5474.991 1.072
5475.430 1.061
5475.869 0.998
5476.308 0.899
5476.748 0.879
5477.187 0.969
5477.626 1.031
5478.065 1.050
5478.504 1.059
5478.944 1.078
5479.383 1.083
5479.822 1.078
5480.261 1.044
5480.700 0.998
5481.140 0.989
5481.579 1.002
5482.018 1.032
5482.457 1.041
5482.897 1.015
5483.336 1.016
5483.775 1.047
5484.214 1.067
5484.653 1.068
5485.093 1.068
5485.532 1.064
5485.971 1.059
5486.410 1.053
5486.849 1.028
5487.289 0.986
5487.728 0.978
5488.167 1.025
5488.606 1.059
5489.045 1.062
5489.485 1.047
5489.924 1.019
5490.363 1.002
5490.802 1.023
5491.242 1.057
5491.681 1.077
5492.120 1.075
5492.559 1.062
5492.998 1.048
5493.438 1.041
5493.877 1.049
5494.316 1.052
5494.755 1.064
5495.194 1.082
5495.634 1.089
5496.073 1.085
5496.512 1.064
5496.951 0.986
5497.390 0.944
5497.830 1.010
5498.269 1.077
5498.708 1.094
5499.147 1.092
5499.587 1.095
5500.026 1.091
5500.465 1.075
5500.904 1.014
5501.343 0.967
5501.783 1.018
5502.222 1.069
5502.661 1.065
5503.100 1.059
5503.539 1.070
5503.979 1.075
5504.418 1.088
5504.857 1.087
5505.296 1.071
5505.735 1.036
5506.175 0.974
5506.614 0.938
5507.053 1.001
5507.492 1.072
5507.932 1.073
5508.371 1.067
5508.810 1.066
5509.249 1.057
5509.688 1.044
5510.128 1.057
5510.567 1.080
5511.006 1.084
5511.445 1.055
5511.884 1.020
5512.324 0.989
5512.763 0.996
5513.202 1.045
5513.641 1.062
5514.080 1.010
5514.520 1.018
5514.959 1.062
5515.398 1.087
5515.837 1.090
5516.277 1.072
5516.716 1.066
5517.155 1.070
5517.594 1.089
5518.033 1.093
5518.473 1.094
5518.912 1.101
5519.351 1.093
5519.790 1.088
5520.229 1.080
5520.669 1.087
5521.108 1.090
5521.547 1.084
5521.986 1.077
5522.426 1.079
5522.865 1.080
5523.304 1.089
5523.743 1.089
5524.182 1.094
5524.622 1.083
5525.061 1.068
5525.500 1.066
5525.939 1.076
5526.378 1.045
5526.818 1.026
5527.257 1.056
5527.696 1.006
5528.135 0.927
5528.574 0.962
5529.014 1.053
5529.453 1.090
5529.892 1.092
5530.331 1.075
5530.771 1.081
5531.210 1.093
5531.649 1.088
5532.088 1.072
5532.527 1.050
5532.967 1.061
5533.406 1.081
5533.845 1.077
5534.284 1.053
5534.723 1.018
5535.163 1.014
5535.602 1.047
5536.041 1.080
5536.480 1.089
5536.919 1.091
5537.359 1.076
5537.798 1.076
5538.237 1.076
5538.676 1.077
5539.116 1.092
5539.555 1.099
5539.994 1.108
5540.433 1.103
5540.872 1.108
5541.312 1.106
5541.751 1.103
5542.190 1.092
5542.629 1.076
5543.068 1.066
5543.508 1.067
5543.947 1.073
5544.386 1.081
5544.825 1.096
5545.264 1.094
5545.704 1.077
5546.143 1.065
5546.582 1.063
5547.021 1.087
5547.461 1.108
5547.900 1.120
5548.339 1.118
5548.778 1.116
5549.217 1.106
5549.657 1.106
5550.096 1.102
5550.535 1.119
5550.974 1.114
5551.413 1.120
5551.853 1.116
5552.292 1.113
5552.731 1.107
5553.170 1.090
5553.609 1.080
5554.049 1.086
5554.488 1.070
5554.927 1.075
5555.366 1.109
5555.806 1.118
5556.245 1.110
5556.684 1.106
5557.123 1.106
5557.562 1.092
5558.002 1.089
5558.441 1.109
5558.880 1.121
5559.319 1.110
5559.758 1.098
5560.198 1.098
5560.637 1.110
5561.076 1.114
5561.515 1.114
5561.955 1.109
5562.394 1.089
5562.833 1.077
5563.272 1.063
5563.711 1.071
5564.151 1.115
5564.590 1.123
5565.029 1.088
5565.468 1.061
5565.907 1.080
5566.347 1.107
5566.786 1.084
5567.225 1.075
5567.664 1.097
5568.103 1.115
5568.543 1.109
5568.982 1.065
5569.421 1.017
5569.860 1.048
5570.300 1.104
5570.739 1.123
5571.178 1.129
5571.617 1.121
5572.056 1.074
5572.496 1.000
5572.935 1.003
5573.374 1.080
5573.813 1.120
5574.252 1.126
5574.692 1.129
5575.131 1.110
5575.570 1.065
5576.009 1.039
5576.448 1.089
5576.888 1.131
5577.327 1.206
5577.766 1.287
5578.205 1.152
5578.645 1.058
5579.084 1.092
5579.523 1.119
5579.962 1.126
5580.401 1.128
5580.841 1.127
5581.280 1.091
5581.719 1.046
5582.158 1.070
5582.597 1.111
5583.037 1.123
5583.476 1.128
5583.915 1.116
5584.354 1.106
5584.793 1.104
5585.233 1.125
5585.672 1.115
5586.111 1.051
5586.550 0.998
5586.990 1.015
5587.429 1.050
5587.868 1.042
5588.307 1.007
5588.746 0.995
5589.186 1.059
5589.625 1.055
5590.064 1.044
5590.503 1.082
5590.942 1.115
5591.382 1.109
5591.821 1.075
5592.260 1.067
5592.699 1.100
5593.138 1.119
5593.578 1.083
5594.017 1.014
5594.456 0.996
5594.895 1.073
5595.335 1.125
5595.774 1.137
5596.213 1.136
5596.652 1.138
5597.091 1.132
5597.531 1.103
5597.970 1.020
5598.409 1.001
5598.848 1.083
5599.287 1.124
5599.727 1.104
5600.166 1.105
5600.605 1.081
5601.044 1.049
5601.483 1.075
5601.923 1.090
5602.362 1.016
5602.801 0.982
5603.240 1.049
5603.680 1.116
5604.119 1.132
5604.558 1.127
5604.997 1.128
5605.436 1.139
5605.876 1.148
5606.315 1.140
5606.754 1.137
5607.193 1.132
5607.632 1.142
5608.072 1.137
5608.511 1.134
5608.950 1.132
5609.389 1.127
5609.829 1.122
5610.268 1.120
5610.707 1.127
5611.146 1.134
5611.585 1.134
5612.025 1.139
5612.464 1.144
5612.903 1.148
5613.342 1.143
5613.781 1.136
5614.221 1.121
5614.660 1.067
5615.099 0.966
5615.538 0.955
5615.977 1.062
5616.417 1.130
5616.856 1.133
5617.295 1.140
5617.734 1.136
5618.174 1.120
5618.613 1.113
5619.052 1.112
5619.491 1.119
5619.930 1.111
5620.370 1.118
5620.809 1.133
5621.248 1.130
5621.687 1.137
5622.126 1.146
5622.566 1.149
5623.005 1.146
5623.444 1.114
5623.883 1.065
5624.322 1.023
5624.762 1.052
5625.201 1.103
5625.640 1.115
5626.079 1.128
5626.519 1.133
5626.958 1.126
5627.397 1.104
5627.836 1.113
5628.275 1.129
5628.715 1.143
5629.154 1.146
5629.593 1.146
5630.032 1.145
5630.471 1.142
5630.911 1.142
5631.350 1.138
5631.789 1.142
5632.228 1.140
5632.667 1.144
5633.107 1.141
5633.546 1.125
5633.985 1.129
5634.424 1.138
5634.864 1.139
5635.303 1.132
5635.742 1.128
5636.181 1.122
5636.620 1.124
5637.060 1.114
5637.499 1.112
5637.938 1.098
5638.377 1.112
5638.816 1.135
5639.256 1.130
5639.695 1.131
5640.134 1.120
5640.573 1.099
5641.012 1.072
5641.452 1.098
5641.891 1.130
5642.330 1.141
5642.769 1.145
5643.209 1.137
5643.648 1.109
5644.087 1.107
5644.526 1.130
5644.965 1.142
5645.405 1.129
5645.844 1.127
5646.283 1.136
5646.722 1.143
5647.161 1.133
5647.601 1.142
5648.040 1.140
5648.479 1.139
5648.918 1.137
5649.358 1.131
5649.797 1.126
5650.236 1.137
5650.675 1.141
5651.114 1.145
5651.554 1.145
5651.993 1.142
5652.432 1.150
5652.871 1.154
5653.310 1.151
5653.750 1.139
5654.189 1.133
5654.628 1.121
5655.067 1.104
5655.506 1.108
5655.946 1.147
5656.385 1.162
5656.824 1.143
5657.263 1.090
5657.703 1.033
5658.142 0.979
5658.581 0.973
5659.020 1.055
5659.459 1.140
5659.899 1.156
5660.338 1.144
5660.777 1.137
5661.216 1.133
5661.655 1.105
5662.095 1.052
5662.534 1.044
5662.973 1.087
5663.412 1.128
5663.851 1.136
5664.291 1.141
5664.730 1.145
5665.169 1.133
5665.608 1.135
5666.048 1.148
5666.487 1.133
5666.926 1.098
5667.365 1.096
5667.804 1.121
5668.244 1.115
5668.683 1.105
5669.122 1.116
5669.561 1.133
5670.000 1.136
5670.440 1.121
5670.879 1.111
5671.318 1.122
5671.757 1.125
5672.196 1.150
5672.636 1.164
5673.075 1.157
5673.514 1.155
5673.953 1.149
5674.393 1.145
5674.832 1.121
5675.271 1.120
5675.710 1.136
5676.149 1.156
5676.589 1.160
5677.028 1.151
5677.467 1.156
5677.906 1.148
5678.345 1.135
5678.785 1.131
5679.224 1.138
5679.663 1.138
5680.102 1.138
5680.541 1.153
5680.981 1.157
5681.420 1.149
5681.859 1.109
5682.298 1.073
5682.738 1.101
5683.177 1.139
5683.616 1.122
5684.055 1.089
5684.494 1.106
5684.934 1.148
5685.373 1.159
5685.812 1.133
5686.251 1.107
5686.690 1.116
5687.130 1.140
5687.569 1.105
5688.008 1.054
5688.447 1.089
5688.886 1.131
5689.326 1.135
5689.765 1.141
5690.204 1.127
5690.643 1.136
5691.083 1.140
5691.522 1.148
5691.961 1.160
5692.400 1.170
5692.839 1.157
5693.279 1.139
5693.718 1.150
5694.157 1.151
5694.596 1.143
5695.035 1.146
5695.475 1.157
5695.914 1.151
5696.353 1.160
5696.792 1.161
5697.232 1.152
5697.671 1.131
5698.110 1.093
5698.549 1.097
5698.988 1.130
5699.428 1.143
5699.867 1.132
5700.306 1.126
5700.745 1.108
5701.184 1.063
5701.624 1.075
5702.063 1.106
5702.502 1.132
5702.941 1.121
5703.380 1.105
5703.820 1.122
5704.259 1.131
5704.698 1.121
5705.137 1.106
5705.577 1.073
5706.016 1.080
5706.455 1.093
5706.894 1.101
5707.333 1.117
5707.773 1.093
5708.212 1.078
5708.651 1.065
5709.090 1.014
5709.529 1.039
5709.969 1.123
5710.408 1.122
5710.847 1.075
5711.286 1.047
5711.725 1.041
5712.165 1.087
5712.604 1.132
5713.043 1.158
5713.482 1.156
5713.922 1.148
5714.361 1.141
5714.800 1.119
5715.239 1.130
5715.678 1.155
5716.118 1.154
5716.557 1.160
5716.996 1.151
5717.435 1.126
5717.874 1.125
5718.314 1.148
5718.753 1.163
5719.192 1.159
5719.631 1.154
5720.070 1.150
5720.510 1.152
5720.949 1.157
5721.388 1.168
5721.827 1.169
5722.267 1.167
5722.706 1.170
5723.145 1.167
5723.584 1.162
5724.023 1.165
5724.463 1.173
5724.902 1.168
5725.341 1.171
5725.780 1.169
5726.219 1.151
5726.659 1.110
5727.098 1.091
5727.537 1.116
5727.976 1.150
5728.415 1.166
5728.855 1.158
5729.294 1.165
5729.733 1.170
5730.172 1.162
5730.612 1.134
5731.051 1.107
5731.490 1.106
5731.929 1.135
5732.368 1.159
5732.808 1.168
5733.247 1.166
5733.686 1.166
5734.125 1.161
5734.564 1.165
5735.004 1.160
5735.443 1.152
5735.882 1.158
5736.321 1.156
5736.761 1.143
5737.200 1.150
5737.639 1.164
5738.078 1.158
5738.517 1.156
5738.957 1.151
5739.396 1.151
5739.835 1.150
5740.274 1.156
5740.713 1.157
5741.153 1.148
5741.592 1.142
5742.031 1.154
5742.470 1.151
5742.909 1.137
5743.349 1.141
5743.788 1.158
5744.227 1.149
5744.666 1.156
5745.106 1.170
5745.545 1.172
5745.984 1.162
5746.423 1.159
5746.862 1.152
5747.302 1.129
5747.741 1.110
5748.180 1.107
5748.619 1.138
5749.058 1.161
5749.498 1.170
5749.937 1.177
5750.376 1.173
5750.815 1.167
5751.254 1.160
5751.694 1.151
5752.133 1.148
5752.572 1.133
5753.011 1.106
5753.451 1.121
5753.890 1.119
5754.329 1.091
5754.768 1.114
5755.207 1.160
5755.647 1.181
5756.086 1.177
5756.525 1.171
5756.964 1.173
5757.403 1.180
5757.843 1.173
5758.282 1.178
5758.721 1.180
5759.160 1.174
5759.599 1.169
5760.039 1.159
5760.478 1.151
5760.917 1.151
5761.356 1.160
5761.796 1.149
5762.235 1.123
5762.674 1.097
5763.113 1.123
5763.552 1.168
5763.992 1.177
5764.431 1.174
5764.870 1.176
5765.309 1.169
5765.748 1.165
5766.188 1.158
5766.627 1.168
5767.066 1.175
5767.505 1.172
5767.944 1.171
5768.384 1.163
5768.823 1.163
5769.262 1.172
5769.701 1.173
5770.141 1.171
5770.580 1.165
5771.019 1.168
5771.458 1.145
5771.897 1.133
5772.337 1.131
5772.776 1.150
5773.215 1.159
5773.654 1.146
5774.093 1.138
5774.533 1.133
5774.972 1.124
5775.411 1.142
5775.850 1.152
5776.290 1.141
5776.729 1.142
5777.168 1.156
5777.607 1.145
5778.046 1.132
5778.486 1.134
5778.925 1.119
5779.364 1.088
5779.803 1.015
5780.242 0.957
5780.682 0.954
5781.121 0.994
5781.560 1.014
5781.999 1.040
5782.438 1.087
5782.878 1.126
5783.317 1.137
5783.756 1.129
5784.195 1.129
5784.635 1.112
5785.074 1.108
5785.513 1.111
5785.952 1.139
5786.391 1.162
5786.831 1.166
5787.270 1.155
5787.709 1.145
5788.148 1.159
5788.587 1.178
5789.027 1.169
5789.466 1.168
5789.905 1.165
5790.344 1.136
5790.783 1.113
5791.223 1.136
5791.662 1.161
5792.101 1.173
5792.540 1.167
5792.980 1.155
5793.419 1.159
5793.858 1.157
5794.297 1.166
5794.736 1.177
5795.176 1.175
5795.615 1.159
5796.054 1.159
5796.493 1.142
5796.932 1.098
5797.372 1.069
5797.811 1.089
5798.250 1.137
5798.689 1.173
5799.128 1.182
5799.568 1.193
5800.007 1.193
5800.446 1.188
5800.885 1.185
5801.325 1.188
5801.764 1.193
5802.203 1.201
5802.642 1.200
5803.081 1.193
5803.521 1.168
5803.960 1.155
5804.399 1.161
5804.838 1.171
5805.277 1.170
5805.717 1.168
5806.156 1.169
5806.595 1.168
5807.034 1.186
5807.473 1.183
5807.913 1.179
5808.352 1.173
5808.791 1.161
5809.230 1.162
5809.670 1.176
5810.109 1.187
5810.548 1.199
5810.987 1.191
5811.426 1.189
5811.866 1.188
5812.305 1.191
5812.744 1.193
5813.183 1.196
5813.622 1.196
5814.062 1.193
5814.501 1.192
5814.940 1.195
5815.379 1.186
5815.818 1.164
5816.258 1.161
5816.697 1.182
5817.136 1.198
5817.575 1.203
5818.015 1.208
5818.454 1.206
5818.893 1.205
5819.332 1.205
5819.771 1.200
5820.211 1.203
5820.650 1.213
5821.089 1.213
5821.528 1.211
5821.967 1.208
5822.407 1.216
5822.846 1.209
5823.285 1.197
5823.724 1.197
5824.164 1.210
5824.603 1.211
5825.042 1.206
5825.481 1.210
5825.920 1.208
5826.360 1.207
5826.799 1.210
5827.238 1.208
5827.677 1.203
5828.116 1.205
5828.556 1.212
5828.995 1.218
5829.434 1.213
5829.873 1.225
5830.312 1.211
5830.752 1.208
5831.191 1.212
5831.630 1.207
5832.069 1.218
5832.509 1.215
5832.948 1.223
5833.387 1.214
5833.826 1.201
5834.265 1.196
5834.705 1.201
5835.144 1.199
5835.583 1.217
5836.022 1.227
5836.461 1.234
5836.901 1.221
5837.340 1.209
5837.779 1.206
5838.218 1.200
5838.657 1.210
5839.097 1.211
5839.536 1.213
5839.975 1.218
5840.414 1.219
5840.854 1.222
5841.293 1.215
5841.732 1.214
5842.171 1.213
5842.610 1.217
5843.050 1.216
5843.489 1.218
5843.928 1.211
5844.367 1.196
5844.806 1.200
5845.246 1.200
5845.685 1.204
5846.124 1.199
5846.563 1.185
5847.002 1.188
5847.442 1.207
5847.881 1.199
5848.320 1.208
5848.759 1.206
5849.199 1.201
5849.638 1.197
5850.077 1.202
5850.516 1.208
5850.955 1.222
5851.395 1.209
5851.834 1.189
5852.273 1.186
5852.712 1.178
5853.151 1.134
5853.591 1.123
5854.030 1.179
5854.469 1.221
5854.908 1.220
5855.347 1.214
5855.787 1.201
5856.226 1.207
5856.665 1.172
5857.104 1.094
5857.544 1.102
5857.983 1.174
5858.422 1.206
5858.861 1.195
5859.300 1.183
5859.740 1.192
5860.179 1.215
5860.618 1.215
5861.057 1.218
5861.496 1.210
5861.936 1.172
5862.375 1.171
5862.814 1.206
5863.253 1.211
5863.693 1.217
5864.132 1.225
5864.571 1.229
5865.010 1.227
5865.449 1.209
5865.889 1.166
5866.328 1.144
5866.767 1.182
5867.206 1.201
5867.645 1.202
5868.085 1.212
5868.524 1.217
5868.963 1.223
5869.402 1.224
5869.841 1.226
5870.281 1.230
5870.720 1.219
5871.159 1.218
5871.598 1.214
5872.038 1.215
5872.477 1.214
5872.916 1.209
5873.355 1.218
5873.794 1.223
5874.234 1.233
5874.673 1.241
5875.112 1.235
5875.551 1.218
5875.990 1.210
5876.430 1.206
5876.869 1.211
5877.308 1.213
5877.747 1.211
5878.186 1.218
5878.626 1.219
5879.065 1.207
5879.504 1.178
5879.943 1.162
5880.383 1.177
5880.822 1.200
5881.261 1.206
5881.700 1.214
5882.139 1.217
5882.579 1.211
5883.018 1.195
5883.457 1.168
5883.896 1.171
5884.335 1.190
5884.775 1.199
5885.214 1.212
5885.653 1.210
5886.092 1.206
5886.531 1.159
5886.971 1.077
5887.410 0.969
5887.849 0.772
5888.288 0.752
5888.728 0.887
5889.167 0.738
5889.606 0.383
5890.045 0.298
5890.484 0.665
5890.924 1.057
5891.363 1.177
5891.802 1.180
5892.241 1.134
5892.680 1.089
5893.120 1.069
5893.559 0.979
5893.998 0.846
5894.437 0.925
5894.876 0.991
5895.316 0.724
5895.755 0.401
5896.194 0.511
5896.633 0.932
5897.073 1.154
5897.512 1.190
5897.951 1.199
5898.390 1.177
5898.829 1.137
5899.269 1.129
5899.708 1.177
5900.147 1.192
5900.586 1.176
5901.025 1.194
5901.465 1.196
5901.904 1.179
5902.343 1.186
5902.782 1.188
5903.221 1.195
5903.661 1.210
5904.100 1.213
5904.539 1.213
5904.978 1.205
5905.418 1.191
5905.857 1.199
5906.296 1.211
5906.735 1.220
5907.174 1.227
5907.614 1.218
5908.053 1.210
5908.492 1.211
5908.931 1.208
5909.370 1.194
5909.810 1.188
5910.249 1.206
5910.688 1.208
5911.127 1.204
5911.567 1.209
5912.006 1.224
5912.445 1.227
5912.884 1.215
5913.323 1.176
5913.763 1.136
5914.202 1.153
5914.641 1.195
5915.080 1.196
5915.519 1.180
5915.959 1.154
5916.398 1.174
5916.837 1.212
5917.276 1.224
5917.715 1.215
5918.155 1.192
5918.594 1.172
5919.033 1.178
5919.472 1.178
5919.912 1.173
5920.351 1.185
5920.790 1.212
5921.229 1.206
5921.668 1.184
5922.108 1.179
5922.547 1.205
5922.986 1.207
5923.425 1.201
5923.864 1.193
5924.304 1.180
5924.743 1.178
5925.182 1.197
5925.621 1.201
5926.060 1.222
5926.500 1.234
5926.939 1.228
5927.378 1.218
5927.817 1.213
5928.257 1.221
5928.696 1.214
5929.135 1.202
5929.574 1.168
5930.013 1.166
5930.453 1.203
5930.892 1.232
5931.331 1.238
5931.770 1.237
5932.209 1.220
5932.649 1.201
5933.088 1.206
5933.527 1.210
5933.966 1.193
5934.405 1.167
5934.845 1.178
5935.284 1.214
5935.723 1.220
5936.162 1.216
5936.602 1.217
5937.041 1.213
5937.480 1.202
5937.919 1.211
5938.358 1.224
5938.798 1.230
5939.237 1.240
5939.676 1.233
5940.115 1.212
5940.554 1.191
5940.994 1.176
5941.433 1.141
5941.872 1.161
5942.311 1.191
5942.750 1.182
5943.190 1.171
5943.629 1.207
5944.068 1.221
5944.507 1.219
5944.947 1.221
5945.386 1.219
5945.825 1.223
5946.264 1.209
5946.703 1.204
5947.143 1.202
5947.582 1.190
5948.021 1.173
5948.460 1.132
5948.899 1.122
5949.339 1.175
5949.778 1.194
5950.217 1.207
5950.656 1.221
5951.096 1.230
5951.535 1.227
5951.974 1.204
5952.413 1.165
5952.852 1.157
5953.292 1.190
5953.731 1.226
5954.170 1.240
5954.609 1.234
5955.048 1.220
5955.488 1.209
5955.927 1.196
5956.366 1.159
5956.805 1.175
5957.244 1.207
5957.684 1.211
5958.123 1.198
5958.562 1.187
5959.001 1.185
5959.441 1.203
5959.880 1.222
5960.319 1.231
5960.758 1.239
5961.197 1.237
5961.637 1.233
5962.076 1.227
5962.515 1.225
5962.954 1.217
5963.393 1.233
5963.833 1.238
5964.272 1.236
5964.711 1.230
5965.150 1.207
5965.589 1.188
5966.029 1.200
5966.468 1.224
5966.907 1.222
5967.346 1.212
5967.786 1.218
5968.225 1.208
5968.664 1.195
5969.103 1.202
5969.542 1.223
5969.982 1.237
5970.421 1.229
5970.860 1.228
5971.299 1.230
5971.738 1.220
5972.178 1.220
5972.617 1.230
5973.056 1.240
5973.495 1.234
5973.934 1.241
5974.374 1.233
5974.813 1.209
5975.252 1.199
5975.691 1.202
5976.131 1.197
5976.570 1.188
5977.009 1.207
5977.448 1.208
5977.887 1.191
5978.327 1.180
5978.766 1.202
5979.205 1.231
5979.644 1.234
5980.083 1.240
5980.523 1.229
5980.962 1.231
5981.401 1.235
5981.840 1.236
5982.279 1.234
5982.719 1.214
5983.158 1.199
5983.597 1.185
5984.036 1.172
5984.476 1.160
5984.915 1.187
5985.354 1.226
5985.793 1.230
5986.232 1.229
5986.672 1.206
5987.111 1.204
5987.550 1.222
5987.989 1.230
5988.428 1.216
5988.868 1.223
5989.307 1.226
5989.746 1.227
5990.185 1.226
5990.625 1.217
5991.064 1.195
5991.503 1.183
5991.942 1.207
5992.381 1.228
5992.821 1.235
5993.260 1.238
5993.699 1.243
5994.138 1.239
5994.577 1.239
5995.017 1.231
5995.456 1.225
5995.895 1.227
5996.334 1.236
5996.773 1.225
5997.213 1.215
5997.652 1.206
5998.091 1.226
5998.530 1.226
5998.970 1.219
5999.409 1.224
5999.848 1.228
6000.287 1.234
6000.726 1.231
6001.166 1.246
6001.605 1.243
6002.044 1.218
6002.483 1.181
6002.922 1.177
6003.362 1.217
6003.801 1.237
6004.240 1.235
6004.679 1.229
6005.118 1.211
6005.558 1.210
6005.997 1.232
6006.436 1.217
6006.875 1.198
6007.315 1.187
6007.754 1.169
6008.193 1.153
6008.632 1.171
6009.071 1.213
6009.511 1.226
6009.950 1.223
6010.389 1.223
6010.828 1.223
6011.267 1.218
6011.707 1.200
6012.146 1.198
6012.585 1.203
6013.024 1.188
6013.463 1.195
6013.903 1.229
6014.342 1.245
6014.781 1.240
6015.220 1.239
6015.660 1.235
6016.099 1.207
6016.538 1.196
6016.977 1.220
6017.416 1.239
6017.856 1.239
6018.295 1.237
6018.734 1.237
6019.173 1.217
6019.612 1.178
6020.052 1.167
6020.491 1.218
6020.930 1.240
6021.369 1.201
6021.808 1.203
6022.248 1.241
6022.687 1.249
6023.126 1.225
6023.565 1.179
6024.005 1.174
6024.444 1.221
6024.883 1.244
6025.322 1.247
6025.761 1.241
6026.201 1.226
6026.640 1.205
6027.079 1.202
6027.518 1.235
6027.957 1.243
6028.397 1.250
6028.836 1.252
6029.275 1.246
6029.714 1.244
6030.153 1.233
6030.593 1.233
6031.032 1.236
6031.471 1.236
6031.910 1.238
6032.350 1.245
6032.789 1.254
6033.228 1.252
6033.667 1.250
6034.106 1.245
6034.546 1.242
6034.985 1.245
6035.424 1.246
6035.863 1.242
6036.302 1.239
6036.742 1.236
6037.181 1.244
6037.620 1.237
6038.059 1.241
6038.499 1.245
6038.938 1.227
6039.377 1.216
6039.816 1.222
6040.255 1.246
6040.695 1.242
6041.134 1.240
6041.573 1.230
6042.012 1.228
6042.451 1.235
6042.891 1.247
6043.330 1.242
6043.769 1.239
6044.208 1.247
6044.647 1.249
6045.087 1.245
6045.526 1.234
6045.965 1.245
6046.404 1.245
6046.844 1.247
6047.283 1.250
6047.722 1.247
6048.161 1.242
6048.600 1.242
6049.040 1.245
6049.479 1.253
6049.918 1.256
6050.357 1.260
6050.796 1.263
6051.236 1.252
6051.675 1.250
6052.114 1.248
6052.553 1.245
6052.992 1.249
6053.432 1.248
6053.871 1.261
6054.310 1.261
6054.749 1.259
6055.189 1.244
6055.628 1.224
6056.067 1.224
6056.506 1.236
6056.945 1.243
6057.385 1.248
6057.824 1.240
6058.263 1.250
6058.702 1.258
6059.141 1.260
6059.581 1.259
6060.020 1.253
6060.459 1.251
6060.898 1.253
6061.337 1.256
6061.777 1.249
6062.216 1.235
6062.655 1.227
6063.094 1.242
6063.534 1.257
6063.973 1.237
6064.412 1.203
6064.851 1.154
6065.290 1.124
6065.730 1.190
6066.169 1.248
6066.608 1.257
6067.047 1.258
6067.486 1.259
6067.926 1.262
6068.365 1.263
6068.804 1.250
6069.243 1.260
6069.682 1.254
6070.122 1.255
6070.561 1.257
6071.000 1.254
6071.439 1.255
6071.879 1.259
6072.318 1.266
6072.757 1.266
6073.196 1.269
6073.635 1.263
6074.075 1.260
6074.514 1.258
6074.953 1.262
6075.392 1.265
6075.831 1.263
6076.271 1.254
6076.710 1.256
6077.149 1.253
6077.588 1.245
6078.028 1.217
6078.467 1.206
6078.906 1.226
6079.345 1.252
6079.784 1.261
6080.224 1.259
6080.663 1.245
6081.102 1.213
6081.541 1.234
6081.980 1.222
6082.420 1.213
6082.859 1.238
6083.298 1.255
6083.737 1.256
6084.176 1.246
6084.616 1.223
6085.055 1.203
6085.494 1.226
6085.933 1.244
6086.373 1.248
6086.812 1.255
6087.251 1.258
6087.690 1.261
6088.129 1.269
6088.569 1.263
6089.008 1.245
6089.447 1.216
6089.886 1.196
6090.325 1.216
6090.765 1.236
6091.204 1.239
6091.643 1.254
6092.082 1.257
6092.521 1.236
6092.961 1.227
6093.400 1.243
6093.839 1.252
6094.278 1.264
6094.718 1.268
6095.157 1.272
6095.596 1.269
6096.035 1.255
6096.474 1.239
6096.914 1.242
6097.353 1.252
6097.792 1.252
6098.231 1.249
6098.670 1.256
6099.110 1.261
6099.549 1.256
6099.988 1.269
6100.427 1.270
6100.866 1.272
6101.306 1.251
6101.745 1.194
6102.184 1.107
6102.623 1.094
6103.063 1.168
6103.502 1.246
6103.941 1.267
6104.380 1.265
6104.819 1.262
6105.259 1.264
6105.698 1.262
6106.137 1.254
6106.576 1.254
6107.015 1.254
6107.455 1.217
6107.894 1.186
6108.333 1.216
6108.772 1.267
6109.211 1.277
6109.651 1.271
6110.090 1.265
6110.529 1.252
6110.968 1.231
6111.408 1.221
6111.847 1.242
6112.286 1.257
6112.725 1.257
6113.164 1.253
6113.604 1.261
6114.043 1.276
6114.482 1.265
6114.921 1.268
6115.360 1.257
6115.800 1.239
6116.239 1.236
6116.678 1.250
6117.117 1.257
6117.557 1.271
6117.996 1.276
6118.435 1.270
6118.874 1.243
6119.313 1.223
6119.753 1.225
6120.192 1.239
6120.631 1.250
6121.070 1.240
6121.509 1.159
6121.949 1.080
6122.388 1.148
6122.827 1.247
6123.266 1.276
6123.705 1.280
6124.145 1.263
6124.584 1.253
6125.023 1.258
6125.462 1.245
6125.902 1.218
6126.341 1.235
6126.780 1.252
6127.219 1.227
6127.658 1.221
6128.098 1.233
6128.537 1.233
6128.976 1.238
6129.415 1.249
6129.854 1.254
6130.294 1.271
6130.733 1.271
6131.172 1.257
6131.611 1.250
6132.050 1.265
6132.490 1.272
6132.929 1.272
6133.368 1.269
6133.807 1.257
6134.247 1.243
6134.686 1.236
6135.125 1.233
6135.564 1.233
6136.003 1.153
6136.443 1.064
6136.882 1.063
6137.321 1.093
6137.760 1.152
6138.199 1.227
6138.639 1.260
6139.078 1.277
6139.517 1.275
6139.956 1.269
6140.395 1.262
6140.835 1.219
6141.274 1.129
6141.713 1.123
6142.152 1.204
6142.592 1.243
6143.031 1.244
6143.470 1.266
6143.909 1.274
6144.348 1.267
6144.788 1.254
6145.227 1.263
6145.666 1.262
6146.105 1.264
6146.544 1.262
6146.984 1.255
6147.423 1.236
6147.862 1.239
6148.301 1.253
6148.740 1.243
6149.180 1.237
6149.619 1.219
6150.058 1.221
6150.497 1.237
6150.937 1.234
6151.376 1.216
6151.815 1.238
6152.254 1.265
6152.693 1.270
6153.133 1.266
6153.572 1.258
6154.011 1.239
6154.450 1.228
6154.889 1.227
6155.329 1.243
6155.768 1.255
6156.207 1.266
6156.646 1.259
6157.085 1.231
6157.525 1.214
6157.964 1.242
6158.403 1.267
6158.842 1.272
6159.282 1.271
6159.721 1.261
6160.160 1.231
6160.599 1.190
6161.038 1.156
6161.478 1.097
6161.917 1.036
6162.356 1.114
6162.795 1.184
6163.234 1.157
6163.674 1.173
6164.113 1.229
6164.552 1.236
6164.991 1.228
6165.431 1.212
6165.870 1.194
6166.309 1.187
6166.748 1.228
6167.187 1.255
6167.627 1.260
6168.066 1.237
6168.505 1.166
6168.944 1.091
6169.383 1.094
6169.823 1.142
6170.262 1.172
6170.701 1.211
6171.140 1.248
6171.579 1.251
6172.019 1.242
6172.458 1.216
6172.897 1.172
6173.336 1.172
6173.776 1.224
6174.215 1.242
6174.654 1.236
6175.093 1.230
6175.532 1.235
6175.972 1.227
6176.411 1.211
6176.850 1.204
6177.289 1.224
6177.728 1.245
6178.168 1.242
6178.607 1.246
6179.046 1.240
6179.485 1.223
6179.924 1.200
6180.364 1.209
6180.803 1.241
6181.242 1.252
6181.681 1.245
6182.121 1.246
6182.560 1.246
6182.999 1.245
6183.438 1.240
6183.877 1.253
6184.317 1.255
6184.756 1.259
6185.195 1.248
6185.634 1.241
6186.073 1.234
6186.513 1.230
6186.952 1.234
6187.391 1.229
6187.830 1.222
6188.269 1.237
6188.709 1.226
6189.148 1.229
6189.587 1.248
6190.026 1.254
6190.466 1.197
6190.905 1.092
6191.344 1.060
6191.783 1.157
6192.222 1.239
6192.662 1.254
6193.101 1.260
6193.540 1.262
6193.979 1.253
6194.418 1.253
6194.858 1.250
6195.297 1.242
6195.736 1.221
6196.175 1.228
6196.614 1.255
6197.054 1.265
6197.493 1.268
6197.932 1.264
6198.371 1.244
6198.811 1.203
6199.250 1.198
6199.689 1.197
6200.128 1.180
6200.567 1.217
6201.007 1.247
6201.446 1.245
6201.885 1.231
6202.324 1.217
6202.763 1.199
6203.203 1.192
6203.642 1.204
6204.081 1.218
6204.520 1.221
6204.960 1.231
6205.399 1.240
6205.838 1.242
6206.277 1.243
6206.716 1.248
6207.156 1.251
6207.595 1.254
6208.034 1.257
6208.473 1.265
6208.912 1.265
6209.352 1.264
6209.791 1.250
6210.230 1.227
6210.669 1.243
6211.108 1.263
6211.548 1.262
6211.987 1.261
6212.426 1.246
6212.865 1.182
6213.305 1.142
6213.744 1.183
6214.183 1.226
6214.622 1.215
6215.061 1.211
6215.501 1.221
6215.940 1.210
6216.379 1.222
6216.818 1.253
6217.257 1.268
6217.697 1.267
6218.136 1.263
6218.575 1.215
6219.014 1.169
6219.453 1.187
6219.893 1.222
6220.332 1.227
6220.771 1.224
6221.210 1.233
6221.650 1.252
6222.089 1.264
6222.528 1.264
6222.967 1.258
6223.406 1.260
6223.846 1.235
6224.285 1.227
6224.724 1.246
6225.163 1.262
6225.602 1.266
6226.042 1.260
6226.481 1.254
6226.920 1.260
6227.359 1.271
6227.798 1.274
6228.238 1.265
6228.677 1.239
6229.116 1.229
6229.555 1.225
6229.995 1.173
6230.434 1.095
6230.873 1.139
6231.312 1.236
6231.751 1.247
6232.191 1.207
6232.630 1.189
6233.069 1.219
6233.508 1.253
6233.947 1.261
6234.387 1.271
6234.826 1.272
6235.265 1.271
6235.704 1.272
6236.143 1.273
6236.583 1.260
6237.022 1.245
6237.461 1.241
6237.900 1.244
6238.340 1.241
6238.779 1.247
6239.218 1.232
6239.657 1.204
6240.096 1.195
6240.536 1.211
6240.975 1.247
6241.414 1.267
6241.853 1.252
6242.292 1.208
6242.732 1.160
6243.171 1.177
6243.610 1.216
6244.049 1.228
6244.488 1.211
6244.928 1.232
6245.367 1.176
6245.806 1.153
6246.245 1.170
6246.685 1.214
6247.124 1.189
6247.563 1.226
6248.002 1.252
6248.441 1.252
6248.881 1.261
6249.320 1.258
6249.759 1.263
6250.198 1.261
6250.637 1.238
6251.077 1.237
6251.516 1.164
6251.955 1.118
6252.394 1.107
6252.834 1.204
6253.273 1.218
6253.712 1.160
6254.151 1.143
6254.590 1.194
6255.030 1.260
6255.469 1.233
6255.908 1.173
6256.347 1.160
6256.786 1.203
6257.226 1.212
6257.665 1.160
6258.104 1.113
6258.543 1.136
6258.982 1.195
6259.422 1.227
6259.861 1.261
6260.300 1.234
6260.739 1.185
6261.179 1.198
6261.618 1.228
6262.057 1.248
6262.496 1.265
6262.935 1.282
6263.375 1.281
6263.814 1.276
6264.253 1.242
6264.692 1.172
6265.131 1.174
6265.571 1.225
6266.010 1.240
6266.449 1.246
6266.888 1.266
6267.327 1.270
6267.767 1.254
6268.206 1.225
6268.645 1.212
6269.084 1.227
6269.524 1.208
6269.963 1.185
6270.402 1.211
6270.841 1.229
6271.280 1.232
6271.720 1.249
6272.159 1.256
6272.598 1.255
6273.037 1.239
6273.476 1.247
6273.916 1.244
6274.355 1.205
6274.794 1.211
6275.233 1.260
6275.672 1.253
6276.112 1.255
6276.551 1.266
6276.990 1.275
6277.429 1.255
6277.869 1.246
6278.308 1.251
6278.747 1.248
6279.186 1.220
6279.625 1.190
6280.065 1.138
6280.504 1.113
6280.943 1.166
6281.382 1.202
6281.821 1.153
6282.261 1.112
6282.700 1.112
6283.139 1.111
6283.578 1.096
6284.017 1.080
6284.457 1.071
6284.896 1.083
6285.335 1.108
6285.774 1.122
6286.214 1.150
6286.653 1.186
6287.092 1.213
6287.531 1.229
6287.970 1.224
6288.410 1.222
6288.849 1.220
6289.288 1.213
6289.727 1.234
6290.166 1.249
6290.606 1.235
6291.045 1.256
6291.484 1.276
6291.923 1.262
6292.363 1.204
6292.802 1.235
6293.241 1.274
6293.680 1.283
6294.119 1.273
6294.559 1.254
6294.998 1.280
6295.437 1.269
6295.876 1.223
6296.315 1.205
6296.755 1.233
6297.194 1.209
6297.633 1.188
6298.072 1.242
6298.511 1.263
6298.951 1.278
6299.390 1.273
6299.829 1.257
6300.268 1.260
6300.708 1.234
6301.147 1.182
6301.586 1.181
6302.025 1.200
6302.464 1.222
6302.904 1.255
6303.343 1.257
6303.782 1.246
6304.221 1.267
6304.660 1.266
6305.100 1.239
6305.539 1.233
6305.978 1.275
6306.417 1.293
6306.856 1.284
6307.296 1.266
6307.735 1.254
6308.174 1.269
6308.613 1.262
6309.053 1.250
6309.492 1.235
6309.931 1.246
6310.370 1.263
6310.809 1.260
6311.249 1.244
6311.688 1.224
6312.127 1.249
6312.566 1.256
6313.005 1.268
6313.445 1.275
6313.884 1.245
6314.323 1.194
6314.762 1.178
6315.201 1.187
6315.641 1.241
6316.080 1.275
6316.519 1.261
6316.958 1.240
6317.398 1.176
6317.837 1.142
6318.276 1.184
6318.715 1.213
6319.154 1.240
6319.594 1.274
6320.033 1.260
6320.472 1.227
6320.911 1.252
6321.350 1.263
6321.790 1.252
6322.229 1.206
6322.668 1.211
6323.107 1.266
6323.546 1.278
6323.986 1.271
6324.425 1.248
6324.864 1.229
6325.303 1.260
6325.743 1.278
6326.182 1.287
6326.621 1.269
6327.060 1.242
6327.499 1.252
6327.939 1.281
6328.378 1.296
6328.817 1.292
6329.256 1.282
6329.695 1.253
6330.135 1.240
6330.574 1.262
6331.013 1.271
6331.452 1.277
6331.892 1.279
6332.331 1.286
6332.770 1.291
6333.209 1.293
6333.648 1.290
6334.088 1.292
6334.527 1.245
6334.966 1.174
6335.405 1.177
6335.844 1.222
6336.284 1.207
6336.723 1.203
6337.162 1.259
6337.601 1.295
6338.040 1.277
6338.480 1.250
6338.919 1.251
6339.358 1.270
6339.797 1.282
6340.237 1.295
6340.676 1.293
6341.115 1.292
6341.554 1.275
6341.993 1.278
6342.433 1.279
6342.872 1.261
6343.311 1.247
6343.750 1.208
6344.189 1.218
6344.629 1.259
6345.068 1.273
6345.507 1.273
6345.946 1.274
6346.385 1.262
6346.825 1.255
6347.264 1.260
6347.703 1.276
6348.142 1.275
6348.582 1.278
6349.021 1.276
6349.460 1.279
6349.899 1.285
6350.338 1.284
6350.778 1.285
6351.217 1.281
6351.656 1.281
6352.095 1.285
6352.534 1.283
6352.974 1.271
6353.413 1.263
6353.852 1.264
6354.291 1.238
6354.730 1.208
6355.170 1.228
6355.609 1.275
6356.048 1.285
6356.487 1.283
6356.927 1.281
6357.366 1.279
6357.805 1.250
6358.244 1.188
6358.683 1.190
6359.123 1.244
6359.562 1.263
6360.001 1.270
6360.440 1.272
6360.879 1.265
6361.319 1.269
6361.758 1.272
6362.197 1.229
6362.636 1.221
6363.075 1.253
6363.515 1.268
6363.954 1.257
6364.393 1.259
6364.832 1.268
6365.272 1.272
6365.711 1.261
6366.150 1.248
6366.589 1.262
6367.028 1.277
6367.468 1.279
6367.907 1.287
6368.346 1.287
6368.785 1.281
6369.224 1.280
6369.664 1.271
6370.103 1.272
6370.542 1.274
6370.981 1.277
6371.420 1.282
6371.860 1.296
6372.299 1.300
6372.738 1.307
6373.177 1.303
6373.617 1.303
6374.056 1.297
6374.495 1.289
6374.934 1.291
6375.373 1.289
6375.813 1.284
6376.252 1.290
6376.691 1.294
6377.130 1.287
6377.569 1.286
6378.009 1.282
6378.448 1.284
6378.887 1.272
6379.326 1.266
6379.766 1.289
6380.205 1.281
6380.644 1.263
6381.083 1.282
6381.522 1.304
6381.962 1.300
6382.401 1.294
6382.840 1.301
6383.279 1.302
6383.718 1.297
6384.158 1.293
6384.597 1.291
6385.036 1.298
6385.475 1.305
6385.914 1.309
6386.354 1.305
6386.793 1.306
6387.232 1.299
6387.671 1.298
6388.111 1.296
6388.550 1.292
6388.989 1.302
6389.428 1.302
6389.867 1.299
6390.307 1.293
6390.746 1.307
6391.185 1.310
6391.624 1.302
6392.063 1.277
6392.503 1.260
6392.942 1.206
6393.381 1.162
6393.820 1.219
6394.259 1.294
6394.699 1.305
6395.138 1.307
6395.577 1.307
6396.016 1.301
6396.456 1.299
6396.895 1.306
6397.334 1.309
6397.773 1.317
6398.212 1.316
6398.652 1.310
6399.091 1.267
6399.530 1.158
6399.969 1.099
6400.408 1.194
6400.848 1.293
6401.287 1.318
6401.726 1.315
6402.165 1.316
6402.604 1.318
6403.044 1.312
6403.483 1.314
6403.922 1.315
6404.361 1.321
6404.801 1.313
6405.240 1.307
6405.679 1.311
6406.118 1.317
6406.557 1.313
6406.997 1.291
6407.436 1.237
6407.875 1.224
6408.314 1.264
6408.753 1.304
6409.193 1.318
6409.632 1.317
6410.071 1.305
6410.510 1.302
6410.949 1.254
6411.389 1.203
6411.828 1.246
6412.267 1.297
6412.706 1.296
6413.146 1.291
6413.585 1.293
6414.024 1.299
6414.463 1.280
6414.902 1.293
6415.342 1.305
6415.781 1.315
6416.220 1.313
6416.659 1.300
6417.098 1.300
6417.538 1.308
6417.977 1.312
6418.416 1.305
6418.855 1.295
6419.295 1.268
6419.734 1.256
6420.173 1.276
6420.612 1.251
6421.051 1.192
6421.491 1.231
6421.930 1.307
6422.369 1.331
6422.808 1.337
6423.247 1.330
6423.687 1.317
6424.126 1.316
6424.565 1.306
6425.004 1.303
6425.443 1.298
6425.883 1.300
6426.322 1.316
6426.761 1.321
6427.200 1.328
6427.640 1.325
6428.079 1.317
6428.518 1.314
6428.957 1.314
6429.396 1.313
6429.836 1.283
6430.275 1.214
6430.714 1.181
6431.153 1.244
6431.592 1.289
6432.032 1.294
6432.471 1.287
6432.910 1.299
6433.349 1.307
6433.788 1.313
6434.228 1.306
6434.667 1.297
6435.106 1.301
6435.545 1.322
6435.985 1.318
6436.424 1.320
6436.863 1.318
6437.302 1.311
6437.741 1.289
6438.181 1.254
6438.620 1.157
6439.059 1.150
6439.498 1.253
6439.937 1.306
6440.377 1.314
6440.816 1.325
6441.255 1.324
6441.694 1.323
6442.133 1.318
6442.573 1.307
6443.012 1.311
6443.451 1.310
6443.890 1.305
6444.330 1.301
6444.769 1.301
6445.208 1.305
6445.647 1.304
6446.086 1.312
6446.526 1.323
6446.965 1.331
6447.404 1.324
6447.843 1.315
6448.282 1.296
6448.722 1.269
6449.161 1.206
6449.600 1.124
6450.039 1.145
6450.478 1.240
6450.918 1.292
6451.357 1.297
6451.796 1.297
6452.235 1.295
6452.675 1.312
6453.114 1.315
6453.553 1.311
6453.992 1.306
6454.431 1.292
6454.871 1.260
6455.310 1.225
6455.749 1.217
6456.188 1.227
6456.627 1.268
6457.067 1.295
6457.506 1.307
6457.945 1.305
6458.384 1.305
6458.824 1.307
6459.263 1.311
6459.702 1.310
6460.141 1.308
6460.580 1.305
6461.020 1.313
6461.459 1.303
6461.898 1.197
6462.337 1.081
6462.776 1.150
6463.216 1.269
6463.655 1.292
6464.094 1.277
6464.533 1.278
6464.972 1.295
6465.412 1.304
6465.851 1.307
6466.290 1.306
6466.729 1.297
6467.169 1.304
6467.608 1.311
6468.047 1.311
6468.486 1.296
6468.925 1.274
6469.365 1.293
6469.804 1.300
6470.243 1.287
6470.682 1.279
6471.121 1.232
6471.561 1.219
6472.000 1.285
6472.439 1.319
6472.878 1.303
6473.317 1.293
6473.757 1.302
6474.196 1.309
6474.635 1.301
6475.074 1.263
6475.514 1.225
6475.953 1.241
6476.392 1.272
6476.831 1.295
6477.270 1.312
6477.710 1.303
6478.149 1.298
6478.588 1.306
6479.027 1.323
6479.466 1.316
6479.906 1.306
6480.345 1.289
6480.784 1.273
6481.223 1.255
6481.662 1.234
6482.102 1.238
6482.541 1.263
6482.980 1.286
6483.419 1.297
6483.859 1.267
6484.298 1.265
6484.737 1.283
6485.176 1.308
6485.615 1.318
6486.055 1.308
6486.494 1.304
6486.933 1.313
6487.372 1.312
6487.811 1.322
6488.251 1.314
6488.690 1.314
6489.129 1.317
6489.568 1.305
6490.007 1.300
6490.447 1.311
6490.886 1.272
6491.325 1.237
6491.764 1.249
6492.204 1.298
6492.643 1.298
6493.082 1.220
6493.521 1.135
6493.960 1.147
6494.400 1.148
6494.839 1.124
6495.278 1.199
6495.717 1.258
6496.156 1.189
6496.596 1.108
6497.035 1.171
6497.474 1.275
6497.913 1.276
6498.352 1.241
6498.792 1.211
6499.231 1.211
6499.670 1.251
6500.109 1.310
6500.549 1.315
6500.988 1.308
6501.427 1.316
6501.866 1.318
6502.305 1.319
6502.745 1.323
6503.184 1.326
6503.623 1.310
6504.062 1.315
6504.501 1.314
6504.941 1.314
6505.380 1.321
6505.819 1.327
6506.258 1.327
6506.698 1.328
6507.137 1.323
6507.576 1.320
6508.015 1.306
6508.454 1.297
6508.894 1.300
6509.333 1.308
6509.772 1.317
6510.211 1.333
6510.650 1.336
6511.090 1.330
6511.529 1.325
6511.968 1.322
6512.407 1.313
6512.846 1.316
6513.286 1.322
6513.725 1.326
6514.164 1.315
6514.603 1.307
6515.043 1.282
6515.482 1.256
6515.921 1.257
6516.360 1.286
6516.799 1.273
6517.239 1.240
6517.678 1.237
6518.117 1.244
6518.556 1.260
6518.995 1.304
6519.435 1.306
6519.874 1.289
6520.313 1.295
6520.752 1.303
6521.191 1.320
6521.631 1.324
6522.070 1.318
6522.509 1.303
6522.948 1.308
6523.388 1.330
6523.827 1.319
6524.266 1.302
6524.705 1.304
6525.144 1.329
6525.584 1.323
6526.023 1.303
6526.462 1.272
6526.901 1.266
6527.340 1.290
6527.780 1.307
6528.219 1.310
6528.658 1.307
6529.097 1.308
6529.536 1.313
6529.976 1.314
6530.415 1.309
6530.854 1.289
6531.293 1.281
6531.733 1.291
6532.172 1.291
6532.611 1.268
6533.050 1.260
6533.489 1.281
6533.929 1.297
6534.368 1.301
6534.807 1.295
6535.246 1.308
6535.685 1.312
6536.125 1.315
6536.564 1.308
6537.003 1.300
6537.442 1.290
6537.881 1.305
6538.321 1.318
6538.760 1.326
6539.199 1.325
6539.638 1.324
6540.078 1.324
6540.517 1.322
6540.956 1.313
6541.395 1.306
6541.834 1.315
6542.274 1.313
6542.713 1.300
6543.152 1.303
6543.591 1.316
6544.030 1.309
6544.470 1.281
6544.909 1.295
6545.348 1.280
6545.787 1.216
6546.227 1.206
6546.666 1.270
6547.105 1.311
6547.544 1.322
6547.983 1.319
6548.423 1.314
6548.862 1.303
6549.301 1.288
6549.740 1.298
6550.179 1.311
6550.619 1.316
6551.058 1.304
6551.497 1.299
6551.936 1.303
6552.375 1.312
6552.815 1.295
6553.254 1.269
6553.693 1.248
6554.132 1.256
6554.572 1.264
6555.011 1.270
6555.450 1.246
6555.889 1.235
6556.328 1.269
6556.768 1.301
6557.207 1.280
6557.646 1.258
6558.085 1.245
6558.524 1.248
6558.964 1.228
6559.403 1.214
6559.842 1.224
6560.281 1.222
6560.720 1.202
6561.160 1.162
6561.599 1.002
6562.038 0.686
6562.477 0.451
6562.917 0.543
6563.356 0.849
6563.795 1.096
6564.234 1.180
6564.673 1.195
6565.113 1.211
6565.552 1.237
6565.991 1.260
6566.430 1.274
6566.869 1.277
6567.309 1.288
6567.748 1.301
6568.187 1.301
6568.626 1.265
6569.065 1.240
6569.505 1.259
6569.944 1.290
6570.383 1.295
6570.822 1.305
6571.262 1.316
6571.701 1.320
6572.140 1.264
6572.579 1.217
6573.018 1.251
6573.458 1.289
6573.897 1.267
6574.336 1.247
6574.775 1.245
6575.214 1.258
6575.654 1.284
6576.093 1.311
6576.532 1.323
6576.971 1.338
6577.410 1.350
6577.850 1.355
6578.289 1.346
6578.728 1.346
6579.167 1.346
6579.607 1.345
6580.046 1.339
6580.485 1.309
6580.924 1.283
6581.363 1.292
6581.803 1.316
6582.242 1.340
6582.681 1.351
6583.120 1.366
6583.559 1.367
6583.999 1.350
6584.438 1.351
6584.877 1.350
6585.316 1.336
6585.755 1.310
6586.195 1.290
6586.634 1.312
6587.073 1.330
6587.512 1.332
6587.952 1.339
6588.391 1.340
6588.830 1.335
6589.269 1.334
6589.708 1.337
6590.148 1.343
6590.587 1.354
6591.026 1.351
6591.465 1.347
6591.904 1.313
6592.344 1.244
6592.783 1.199
6593.222 1.224
6593.661 1.230
6594.101 1.277
6594.540 1.331
6594.979 1.332
6595.418 1.338
6595.857 1.340
6596.297 1.347
6596.736 1.337
6597.175 1.321
6597.614 1.326
6598.053 1.333
6598.493 1.312
6598.932 1.305
6599.371 1.328
6599.810 1.342
6600.249 1.337
6600.689 1.348
6601.128 1.357
6601.567 1.359
6602.006 1.352
6602.446 1.353
6602.885 1.344
6603.324 1.346
6603.763 1.342
6604.202 1.307
6604.642 1.318
6605.081 1.340
6605.520 1.336
6605.959 1.331
6606.398 1.333
6606.838 1.338
6607.277 1.333
6607.716 1.320
6608.155 1.324
6608.594 1.295
6609.034 1.263
6609.473 1.296
6609.912 1.333
6610.351 1.346
6610.791 1.362
6611.230 1.363
6611.669 1.360
6612.108 1.357
6612.547 1.343
6612.987 1.300
6613.426 1.237
6613.865 1.254
6614.304 1.300
6614.743 1.339
6615.183 1.348
6615.622 1.353
6616.061 1.353
6616.500 1.354
6616.939 1.345
6617.379 1.348
6617.818 1.348
6618.257 1.346
6618.696 1.352
6619.136 1.354
6619.575 1.362
6620.014 1.363
6620.453 1.358
6620.892 1.363
6621.332 1.361
6621.771 1.362
6622.210 1.357
6622.649 1.347
6623.088 1.343
6623.528 1.342
6623.967 1.325
6624.406 1.305
6624.845 1.294
6625.284 1.336
6625.724 1.350
6626.163 1.360
6626.602 1.367
6627.041 1.359
6627.481 1.352
6627.920 1.355
6628.359 1.356
6628.798 1.359
6629.237 1.352
6629.677 1.338
6630.116 1.350
6630.555 1.357
6630.994 1.353
6631.433 1.346
6631.873 1.343
6632.312 1.342
6632.751 1.334
6633.190 1.308
6633.630 1.294
6634.069 1.324
6634.508 1.347
6634.947 1.348
6635.386 1.350
6635.826 1.354
6636.265 1.366
6636.704 1.361
6637.143 1.360
6637.582 1.361
6638.022 1.360
6638.461 1.360
6638.900 1.354
6639.339 1.342
6639.778 1.343
6640.218 1.360
6640.657 1.372
6641.096 1.375
6641.535 1.365
6641.975 1.358
6642.414 1.348
6642.853 1.309
6643.292 1.242
6643.731 1.271
6644.171 1.333
6644.610 1.342
6645.049 1.341
6645.488 1.357
6645.927 1.361
6646.367 1.349
6646.806 1.344
6647.245 1.335
6647.684 1.332
6648.123 1.339
6648.563 1.361
6649.002 1.363
6649.441 1.360
6649.880 1.357
6650.320 1.351
6650.759 1.355
6651.198 1.354
6651.637 1.353
6652.076 1.359
6652.516 1.360
6652.955 1.349
6653.394 1.345
6653.833 1.356
6654.272 1.359
6654.712 1.364
6655.151 1.362
6655.590 1.361
6656.029 1.357
6656.468 1.344
6656.908 1.347
6657.347 1.356
6657.786 1.355
6658.225 1.359
6658.665 1.354
6659.104 1.348
6659.543 1.352
6659.982 1.349
6660.421 1.345
6660.861 1.339
6661.300 1.355
6661.739 1.350
6662.178 1.348
6662.617 1.308
6663.057 1.249
6663.496 1.263
6663.935 1.332
6664.374 1.363
6664.813 1.349
6665.253 1.351
6665.692 1.353
6666.131 1.353
6666.570 1.351
6667.010 1.346
6667.449 1.348
6667.888 1.355
6668.327 1.357
6668.766 1.357
6669.206 1.364
6669.645 1.362
6670.084 1.364
6670.523 1.372
6670.962 1.367
6671.402 1.362
6671.841 1.356
6672.280 1.344
6672.719 1.360
6673.159 1.366
6673.598 1.368
6674.037 1.363
6674.476 1.366
6674.915 1.371
6675.355 1.375
6675.794 1.367
6676.233 1.366
6676.672 1.359
6677.111 1.321
6677.551 1.231
6677.990 1.224
6678.429 1.298
6678.868 1.351
6679.307 1.366
6679.747 1.368
6680.186 1.365
6680.625 1.363
6681.064 1.359
6681.504 1.363
6681.943 1.360
6682.382 1.369
6682.821 1.363
6683.260 1.368
6683.700 1.366
6684.139 1.372
6684.578 1.370
6685.017 1.372
6685.456 1.373
6685.896 1.370
6686.335 1.371
6686.774 1.366
6687.213 1.359
6687.652 1.365
6688.092 1.373
6688.531 1.366
6688.970 1.364
6689.409 1.376
6689.849 1.376
6690.288 1.374
6690.727 1.375
6691.166 1.375
6691.605 1.374
6692.045 1.372
6692.484 1.362
6692.923 1.367
6693.362 1.369
6693.801 1.383
6694.241 1.375
6694.680 1.368
6695.119 1.360
6695.558 1.334
6695.997 1.326
6696.437 1.344
6696.876 1.354
6697.315 1.358
6697.754 1.359
6698.194 1.345
6698.633 1.349
6699.072 1.356
6699.511 1.359
6699.950 1.363
6700.390 1.369
6700.829 1.364
6701.268 1.367
6701.707 1.356
6702.146 1.360
6702.586 1.357
6703.025 1.339
6703.464 1.330
6703.903 1.349
6704.342 1.357
6704.782 1.347
6705.221 1.357
6705.660 1.369
6706.099 1.372
6706.539 1.372
6706.978 1.362
6707.417 1.359
6707.856 1.361
6708.295 1.364
6708.735 1.367
6709.174 1.363
6709.613 1.343
6710.052 1.330
6710.491 1.354
6710.931 1.370
6711.370 1.367
6711.809 1.368
6712.248 1.372
6712.687 1.359
6713.127 1.354
6713.566 1.362
6714.005 1.359
6714.444 1.362
6714.884 1.354
6715.323 1.353
6715.762 1.352
6716.201 1.365
6716.640 1.364
6717.080 1.289
6717.519 1.252
6717.958 1.308
6718.397 1.373
6718.836 1.375
6719.276 1.367
6719.715 1.368
6720.154 1.372
6720.593 1.368
6721.033 1.362
6721.472 1.349
6721.911 1.350
6722.350 1.357
6722.789 1.370
6723.229 1.382
6723.668 1.382
6724.107 1.380
6724.546 1.374
6724.985 1.365
6725.425 1.367
6725.864 1.353
6726.303 1.348
6726.742 1.355
6727.181 1.368
6727.621 1.369
6728.060 1.366
6728.499 1.359
6728.938 1.364
6729.378 1.373
6729.817 1.385
6730.256 1.380
6730.695 1.378
6731.134 1.379
6731.574 1.375
6732.013 1.373
6732.452 1.371
6732.891 1.364
6733.330 1.363
6733.770 1.362
6734.209 1.365
6734.648 1.364
6735.087 1.370
6735.526 1.374
6735.966 1.377
6736.405 1.380
6736.844 1.367
6737.283 1.369
6737.723 1.357
6738.162 1.357
6738.601 1.357
6739.040 1.340
6739.479 1.330
6739.919 1.337
6740.358 1.363
6740.797 1.359
6741.236 1.356
6741.675 1.355
6742.115 1.356
6742.554 1.317
6742.993 1.306
6743.432 1.334
6743.871 1.361
6744.311 1.373
6744.750 1.364
6745.189 1.359
6745.628 1.369
6746.068 1.366
6746.507 1.363
6746.946 1.357
6747.385 1.367
6747.824 1.368
6748.264 1.364
6748.703 1.368
6749.142 1.357
6749.581 1.316
6750.020 1.289
6750.460 1.329
6750.899 1.373
6751.338 1.372
6751.777 1.367
6752.216 1.350
6752.656 1.339
6753.095 1.351
6753.534 1.375
6753.973 1.375
6754.413 1.362
6754.852 1.365
6755.291 1.365
6755.730 1.363
6756.169 1.370
6756.609 1.370
6757.048 1.373
6757.487 1.374
6757.926 1.385
6758.365 1.383
6758.805 1.370
6759.244 1.375
6759.683 1.383
6760.122 1.385
6760.562 1.379
6761.001 1.372
6761.440 1.362
6761.879 1.356
6762.318 1.359
6762.758 1.379
6763.197 1.385
6763.636 1.375
6764.075 1.374
6764.514 1.376
6764.954 1.372
6765.393 1.364
6765.832 1.359
6766.271 1.354
6766.710 1.349
6767.150 1.311
6767.589 1.280
6768.028 1.324
6768.467 1.367
6768.907 1.369
6769.346 1.364
6769.785 1.365
6770.224 1.349
6770.663 1.314
6771.103 1.333
6771.542 1.355
6771.981 1.347
6772.420 1.359
6772.859 1.371
6773.299 1.375
6773.738 1.364
6774.177 1.349
6774.616 1.361
6775.055 1.367
6775.495 1.375
6775.934 1.381
6776.373 1.376
6776.812 1.371
6777.252 1.378
6777.691 1.374
6778.130 1.376
6778.569 1.383
6779.008 1.379
6779.448 1.378
6779.887 1.376
6780.326 1.376
6780.765 1.390
6781.204 1.379
6781.644 1.377
6782.083 1.374
6782.522 1.369
6782.961 1.357
6783.400 1.346
6783.840 1.351
6784.279 1.354
6784.718 1.363
6785.157 1.357
6785.597 1.365
6786.036 1.361
6786.475 1.357
6786.914 1.369
6787.353 1.380
6787.793 1.387
6788.232 1.377
6788.671 1.373
6789.110 1.368
6789.549 1.366
6789.989 1.363
6790.428 1.376
6790.867 1.383
6791.306 1.383
6791.745 1.372
6792.185 1.368
6792.624 1.375
6793.063 1.360
6793.502 1.358
6793.942 1.368
6794.381 1.371
6794.820 1.364
6795.259 1.367
6795.698 1.356
6796.138 1.361
6796.577 1.372
6797.016 1.379
6797.455 1.372
6797.894 1.375
6798.334 1.371
6798.773 1.376
6799.212 1.376
6799.651 1.379
6800.090 1.372
6800.530 1.379
6800.969 1.377
6801.408 1.376
6801.847 1.377
6802.287 1.382
6802.726 1.380
6803.165 1.367
6803.604 1.362
6804.043 1.360
6804.483 1.375
6804.922 1.380
6805.361 1.385
6805.800 1.381
6806.239 1.359
6806.679 1.347
6807.118 1.364
6807.557 1.389
6807.996 1.378
6808.436 1.372
6808.875 1.377
6809.314 1.369
6809.753 1.357
6810.192 1.359
6810.632 1.362
6811.071 1.379
6811.510 1.377
6811.949 1.372
6812.388 1.371
6812.828 1.378
6813.267 1.370
6813.706 1.375
6814.145 1.364
6814.584 1.343
6815.024 1.341
6815.463 1.373
6815.902 1.378
6816.341 1.384
6816.781 1.388
6817.220 1.388
6817.659 1.385
6818.098 1.378
6818.537 1.385
6818.977 1.382
6819.416 1.373
6819.855 1.362
6820.294 1.356
6820.733 1.371
6821.173 1.380
6821.612 1.372
6822.051 1.375
6822.490 1.384
6822.929 1.382
6823.369 1.381
6823.808 1.382
6824.247 1.383
6824.686 1.380
6825.126 1.384
6825.565 1.389
6826.004 1.389
6826.443 1.384
6826.882 1.377
6827.322 1.363
6827.761 1.362
6828.200 1.339
6828.639 1.353
6829.078 1.374
6829.518 1.382
6829.957 1.385
6830.396 1.388
6830.835 1.387
6831.274 1.385
6831.714 1.381
6832.153 1.374
6832.592 1.364
6833.031 1.364
6833.471 1.372
6833.910 1.373
6834.349 1.379
6834.788 1.388
6835.227 1.390
6835.667 1.383
6836.106 1.374
6836.545 1.371
6836.984 1.367
6837.423 1.373
6837.863 1.377
6838.302 1.370
6838.741 1.372
6839.180 1.355
6839.619 1.335
6840.059 1.354
6840.498 1.347
6840.937 1.328
6841.376 1.322
6841.816 1.337
6842.255 1.340
6842.694 1.342
6843.133 1.335
6843.572 1.332
6844.012 1.358
6844.451 1.370
6844.890 1.379
6845.329 1.380
6845.768 1.370
6846.208 1.363
6846.647 1.362
6847.086 1.370
6847.525 1.374
6847.965 1.379
6848.404 1.379
6848.843 1.380
6849.282 1.380
6849.721 1.371
6850.161 1.369
6850.600 1.371
6851.039 1.370
6851.478 1.367
6851.917 1.378
6852.357 1.379
6852.796 1.387
6853.235 1.385
6853.674 1.381
6854.113 1.374
6854.553 1.337
6854.992 1.322
6855.431 1.340
6855.870 1.366
6856.310 1.375
6856.749 1.375
6857.188 1.372
6857.627 1.352
6858.066 1.359
6858.506 1.377
6858.945 1.380
6859.384 1.374
6859.823 1.359
6860.262 1.349
6860.702 1.351
6861.141 1.335
6861.580 1.330
6862.019 1.339
6862.458 1.362
6862.898 1.379
6863.337 1.389
6863.776 1.382
6864.215 1.388
6864.655 1.392
6865.094 1.386
6865.533 1.379
6865.972 1.384
6866.411 1.384
6866.851 1.400
6867.290 1.446
6867.729 1.406
6868.168 1.417
6868.607 1.455
6869.047 1.388
6869.486 1.357
6869.925 1.424
6870.364 1.440
6870.803 1.380
6871.243 1.484
6871.682 1.344
6872.121 1.333
6872.560 1.449
6873.000 1.414
6873.439 1.397
6873.878 1.447
6874.317 1.413
6874.756 1.409
6875.196 1.385
6875.635 1.423
6876.074 1.391
6876.513 1.421
6876.952 1.449
6877.392 1.403
6877.831 1.424
6878.270 1.377
6878.709 1.408
6879.148 1.446
6879.588 1.391
6880.027 1.397
6880.466 1.395
6880.905 1.359
6881.345 1.381
6881.784 1.368
6882.223 1.360
6882.662 1.358
6883.101 1.376
6883.541 1.397
6883.980 1.425
6884.419 1.395
6884.858 1.361
6885.297 1.357
6885.737 1.378
6886.176 1.379
6886.615 1.392
6887.054 1.381
6887.494 1.347
6887.933 1.410
6888.372 1.421
6888.811 1.432
6889.250 1.421
6889.690 1.392
6890.129 1.428
6890.568 1.363
6891.007 1.410
6891.446 1.428
6891.886 1.411
6892.325 1.446
6892.764 1.426
6893.203 1.400
6893.642 1.432
6894.082 1.392
6894.521 1.401
6894.960 1.398
6895.399 1.377
6895.839 1.419
6896.278 1.422
6896.717 1.422
6897.156 1.435
6897.595 1.392
6898.035 1.395
6898.474 1.390
6898.913 1.372
6899.352 1.371
6899.791 1.390
6900.231 1.382
6900.670 1.365
6901.109 1.408
6901.548 1.354
6901.987 1.414
6902.427 1.420
6902.866 1.383
6903.305 1.393
6903.744 1.398
6904.184 1.419
6904.623 1.398
6905.062 1.405
6905.501 1.409
6905.940 1.358
6906.380 1.395
6906.819 1.403
6907.258 1.391
6907.697 1.393
6908.136 1.384
6908.576 1.411
6909.015 1.400
6909.454 1.410
6909.893 1.394
6910.332 1.378
6910.772 1.400
6911.211 1.363
6911.650 1.379
6912.089 1.387
6912.529 1.394
6912.968 1.407
6913.407 1.404
6913.846 1.318
6914.285 1.287
6914.725 1.324
6915.164 1.361
6915.603 1.394
6916.042 1.365
6916.481 1.353
6916.921 1.373
6917.360 1.396
6917.799 1.395
6918.238 1.398
6918.677 1.367
6919.117 1.389
6919.556 1.384
6919.995 1.386
6920.434 1.402
6920.874 1.399
6921.313 1.420
6921.752 1.421
6922.191 1.398
6922.630 1.389
6923.070 1.401
6923.509 1.393
6923.948 1.354
6924.387 1.366
6924.826 1.372
6925.266 1.354
6925.705 1.351
6926.144 1.373
6926.583 1.383
6927.022 1.371
6927.462 1.370
6927.901 1.369
6928.340 1.390
6928.779 1.396
6929.219 1.388
6929.658 1.391
6930.097 1.395
6930.536 1.399
6930.975 1.395
6931.415 1.367
6931.854 1.373
6932.293 1.381
6932.732 1.358
6933.171 1.337
6933.611 1.367
6934.050 1.402
6934.489 1.431
6934.928 1.422
6935.368 1.409
6935.807 1.379
6936.246 1.375
6936.685 1.385
6937.124 1.374
6937.564 1.375
6938.003 1.364
6938.442 1.375
6938.881 1.381
6939.320 1.366
6939.760 1.387
6940.199 1.411
6940.638 1.412
6941.077 1.400
6941.516 1.419
6941.956 1.415
6942.395 1.408
6942.834 1.368
6943.273 1.380
6943.713 1.400
6944.152 1.366
6944.591 1.290
6945.030 1.283
6945.469 1.333
6945.909 1.391
6946.348 1.401
6946.787 1.392
6947.226 1.374
6947.665 1.386
6948.105 1.401
6948.544 1.406
6948.983 1.386
6949.422 1.378
6949.861 1.403
6950.301 1.373
6950.740 1.351
6951.179 1.336
6951.618 1.344
6952.058 1.375
6952.497 1.380
6952.936 1.378
6953.375 1.368
6953.814 1.370
6954.254 1.359
6954.693 1.366
6955.132 1.384
6955.571 1.403
6956.010 1.401
6956.450 1.376
6956.889 1.267
6957.328 1.237
6957.767 1.331
6958.206 1.392
6958.646 1.402
6959.085 1.400
6959.524 1.390
6959.963 1.328
6960.403 1.347
6960.842 1.394
6961.281 1.379
6961.720 1.314
6962.159 1.305
6962.599 1.376
6963.038 1.397
6963.477 1.403
6963.916 1.406
6964.355 1.414
6964.795 1.387
6965.234 1.358
6965.673 1.363
6966.112 1.392
6966.551 1.400
6966.991 1.415
6967.430 1.430
6967.869 1.424
6968.308 1.417
6968.748 1.419
6969.187 1.430
6969.626 1.416
6970.065 1.404
6970.504 1.400
6970.944 1.392
6971.383 1.364
6971.822 1.381
6972.261 1.417
6972.700 1.431
6973.140 1.424
6973.579 1.416
6974.018 1.404
6974.457 1.396
6974.897 1.399
6975.336 1.410
6975.775 1.414
6976.214 1.409
6976.653 1.399
6977.093 1.402
6977.532 1.380
6977.971 1.304
6978.410 1.255
6978.849 1.306
6979.289 1.372
6979.728 1.390
6980.167 1.419
6980.606 1.417
6981.045 1.407
6981.485 1.409
6981.924 1.396
6982.363 1.392
6982.802 1.418
6983.242 1.429
6983.681 1.425
6984.120 1.423
6984.559 1.423
6984.998 1.419
6985.438 1.405
6985.877 1.404
6986.316 1.419
6986.755 1.384
6987.194 1.346
6987.634 1.370
6988.073 1.377
6988.512 1.376
6988.951 1.381
6989.390 1.323
6989.830 1.310
6990.269 1.373
6990.708 1.385
6991.147 1.384
6991.587 1.407
6992.026 1.414
6992.465 1.398
6992.904 1.382
6993.343 1.382
6993.783 1.352
6994.222 1.315
6994.661 1.318
6995.100 1.374
6995.539 1.429
6995.979 1.443
6996.418 1.425
6996.857 1.426
6997.296 1.439
6997.735 1.433
6998.175 1.410
6998.614 1.365
6999.053 1.325
6999.492 1.281
6999.932 1.296
7000.371 1.384
7000.810 1.413
7001.249 1.414
7001.688 1.414
7002.128 1.426
7002.567 1.426
7003.006 1.403
7003.445 1.389
7003.884 1.398
7004.324 1.398
7004.763 1.374
7005.202 1.313
7005.641 1.289
7006.080 1.336
7006.520 1.390
7006.959 1.415
7007.398 1.403
7007.837 1.405
7008.277 1.414
7008.716 1.414
7009.155 1.417
7009.594 1.427
7010.033 1.414
7010.473 1.403
7010.912 1.406
7011.351 1.386
7011.790 1.354
7012.229 1.371
7012.669 1.411
7013.108 1.436
7013.547 1.445
7013.986 1.429
7014.426 1.420
7014.865 1.423
7015.304 1.388
7015.743 1.309
7016.182 1.264
7016.622 1.279
7017.061 1.285
7017.500 1.341
7017.939 1.414
7018.378 1.427
7018.818 1.426
7019.257 1.433
7019.696 1.411
7020.135 1.406
7020.574 1.416
7021.014 1.424
7021.453 1.419
7021.892 1.420
7022.331 1.408
7022.771 1.390
7023.210 1.395
7023.649 1.366
7024.088 0.000
