# Wavelenght Flux
3272.980 -1.813
3273.252 0.805
3273.525 -0.465
3273.797 -0.817
3274.070 0.700
3274.342 1.977
3274.614 -1.597
3274.887 -0.951
3275.159 0.285
3275.432 -0.233
3275.704 0.057
3275.976 0.508
3276.249 -0.040
3276.521 -0.965
3276.794 -2.209
3277.066 -1.213
3277.338 -0.374
3277.611 -0.299
3277.883 -0.295
3278.156 1.088
3278.428 -0.191
3278.700 0.015
3278.973 1.352
3279.245 0.540
3279.518 -1.487
3279.790 0.311
3280.062 1.243
3280.335 -0.798
3280.607 -1.876
3280.880 -0.004
3281.152 -0.786
3281.424 -0.765
3281.697 -0.579
3281.969 1.110
3282.242 -0.958
3282.514 0.939
3282.786 0.468
3283.059 -1.031
3283.331 -0.101
3283.604 -0.686
3283.876 0.322
3284.148 0.230
3284.421 -0.617
3284.693 -0.144
3284.966 0.494
3285.238 0.590
3285.510 0.406
3285.783 -0.472
3286.055 -0.744
3286.328 -0.131
3286.600 0.404
3286.872 -0.707
3287.145 -1.142
3287.417 0.035
3287.690 0.217
3287.962 0.267
3288.234 0.747
3288.507 1.146
3288.779 -0.151
3289.052 0.704
3289.324 1.044
3289.596 0.451
3289.869 -1.069
3290.141 -1.201
3290.414 0.193
3290.686 0.102
3290.958 -1.052
3291.231 -0.206
3291.503 -0.744
3291.776 -0.296
3292.048 1.309
3292.320 1.079
3292.593 0.122
3292.865 -0.432
3293.138 0.285
3293.410 0.980
3293.682 0.082
3293.955 0.206
3294.227 0.133
3294.500 0.321
3294.772 -0.689
3295.044 -0.120
3295.317 0.679
3295.589 0.064
3295.862 0.701
3296.134 0.322
3296.406 0.533
3296.679 -0.167
3296.951 -0.095
3297.224 -0.263
3297.496 -0.750
3297.768 -0.405
3298.041 0.038
3298.313 0.411
3298.586 0.025
3298.858 -0.217
3299.130 0.174
3299.403 0.321
3299.675 -0.483
3299.948 0.093
3300.220 -0.031
3300.492 -0.367
3300.765 0.080
3301.037 0.163
3301.310 0.881
3301.582 0.509
3301.854 0.684
3302.127 0.467
3302.399 -0.201
3302.672 -0.119
3302.944 0.283
3303.216 0.017
3303.489 0.517
3303.761 0.493
3304.034 -0.327
3304.306 -0.271
3304.578 -0.175
3304.851 -0.099
3305.123 0.512
3305.396 -0.065
3305.668 0.225
3305.940 0.327
3306.213 -0.463
3306.485 -0.173
3306.758 -0.369
3307.030 -0.909
3307.302 -0.037
3307.575 0.358
3307.847 -0.179
3308.120 -0.458
3308.392 0.538
3308.664 0.253
3308.937 -0.025
3309.209 -0.633
3309.482 0.296
3309.754 -0.508
3310.026 -0.283
3310.299 0.164
3310.571 0.133
3310.844 -0.552
3311.116 -0.448
3311.388 0.229
3311.661 -0.154
3311.933 -0.418
3312.206 0.220
3312.478 0.023
3312.750 -0.502
3313.023 0.146
3313.295 0.354
3313.568 0.297
3313.840 -0.056
3314.112 0.159
3314.385 0.254
3314.657 -0.006
3314.930 -0.136
3315.202 0.107
3315.474 0.053
3315.747 -0.427
3316.019 0.198
3316.292 0.304
3316.564 -0.198
3316.836 0.004
3317.109 -0.167
3317.381 -0.060
3317.654 -0.107
3317.926 -0.651
3318.198 -0.780
3318.471 -0.212
3318.743 0.320
3319.016 0.421
3319.288 -0.248
3319.560 -0.246
3319.833 -0.090
3320.105 0.014
3320.378 -0.006
3320.650 -0.416
3320.922 0.017
3321.195 0.372
3321.467 -0.138
3321.740 0.569
3322.012 0.431
3322.284 -0.166
3322.557 0.202
3322.829 -0.083
3323.102 -0.070
3323.374 -0.482
3323.646 0.439
3323.919 0.298
3324.191 -0.207
3324.464 0.270
3324.736 0.178
3325.008 0.142
3325.281 0.284
3325.553 -0.177
3325.826 0.069
3326.098 -0.087
3326.370 -0.485
3326.643 -0.166
3326.915 -0.238
3327.188 -0.164
3327.460 0.198
3327.732 -0.031
3328.005 0.095
3328.277 0.240
3328.550 0.265
3328.822 0.208
3329.094 0.007
3329.367 0.259
3329.639 0.066
3329.912 -0.226
3330.184 0.706
3330.456 0.513
3330.729 -0.063
3331.001 0.088
3331.274 0.267
3331.546 0.251
3331.818 0.145
3332.091 -0.035
3332.363 -0.175
3332.636 0.071
3332.908 0.168
3333.180 0.288
3333.453 0.230
3333.725 0.419
3333.998 0.075
3334.270 -0.187
3334.542 -0.195
3334.815 -0.186
3335.087 0.281
3335.360 0.105
3335.632 -0.079
3335.904 0.074
3336.177 -0.102
3336.449 -0.345
3336.722 -0.108
3336.994 0.413
3337.266 -0.073
3337.539 -0.392
3337.811 0.036
3338.084 0.121
3338.356 0.329
3338.628 -0.302
3338.901 -0.257
3339.173 -0.325
3339.446 -0.194
3339.718 -0.116
3339.990 0.564
3340.263 -0.420
3340.535 -0.410
3340.808 0.400
3341.080 -0.243
3341.352 0.111
3341.625 0.164
3341.897 -0.014
3342.170 0.035
3342.442 -0.101
3342.714 0.354
3342.987 -0.110
3343.259 -0.120
3343.532 0.092
3343.804 -0.143
3344.076 -0.007
3344.349 0.328
3344.621 0.030
3344.894 -0.205
3345.166 -0.116
3345.438 0.178
3345.711 -0.213
3345.983 -0.206
3346.256 -0.074
3346.528 0.516
3346.800 0.197
3347.073 -0.086
3347.345 0.180
3347.618 0.300
3347.890 0.013
3348.162 0.076
3348.435 0.162
3348.707 0.337
3348.980 0.235
3349.252 0.367
3349.524 -0.140
3349.797 -0.258
3350.069 0.195
3350.342 0.292
3350.614 0.259
3350.886 0.145
3351.159 -0.013
3351.431 -0.153
3351.704 0.138
3351.976 0.047
3352.248 0.039
3352.521 0.151
3352.793 0.155
3353.066 0.288
3353.338 0.482
3353.610 0.031
3353.883 0.381
3354.155 0.060
3354.428 0.108
3354.700 0.047
3354.972 0.226
3355.245 0.346
3355.517 0.173
3355.790 0.140
3356.062 0.104
3356.334 -0.116
3356.607 0.035
3356.879 0.061
3357.152 0.099
3357.424 0.328
3357.696 0.239
3357.969 0.104
3358.241 -0.023
3358.514 0.262
3358.786 0.096
3359.058 -0.014
3359.331 0.146
3359.603 0.447
3359.876 -0.060
3360.148 -0.058
3360.420 -0.282
3360.693 0.087
3360.965 -0.035
3361.238 -0.037
3361.510 0.008
3361.782 -0.095
3362.055 -0.025
3362.327 0.074
3362.600 0.176
3362.872 -0.025
3363.144 -0.184
3363.417 0.109
3363.689 -0.002
3363.962 -0.084
3364.234 0.185
3364.506 0.262
3364.779 0.155
3365.051 -0.079
3365.324 -0.015
3365.596 -0.042
3365.868 0.157
3366.141 0.094
3366.413 0.264
3366.686 0.095
3366.958 0.137
3367.230 0.384
3367.503 0.234
3367.775 0.067
3368.048 -0.100
3368.320 -0.101
3368.592 -0.088
3368.865 -0.207
3369.137 0.003
3369.410 -0.190
3369.682 -0.102
3369.954 -0.083
3370.227 0.080
3370.499 -0.022
3370.772 -0.065
3371.044 0.085
3371.316 0.024
3371.589 0.009
3371.861 0.243
3372.134 -0.074
3372.406 -0.237
3372.678 -0.268
3372.951 0.038
3373.223 0.117
3373.496 0.070
3373.768 0.245
3374.040 0.165
3374.313 0.288
3374.585 0.082
3374.858 0.277
3375.130 -0.063
3375.402 0.225
3375.675 0.306
3375.947 0.065
3376.220 0.148
3376.492 -0.236
3376.764 0.154
3377.037 0.089
3377.309 -0.021
3377.582 0.181
3377.854 -0.032
3378.126 0.042
3378.399 0.272
3378.671 0.079
3378.944 0.147
3379.216 0.007
3379.488 0.203
3379.761 0.120
3380.033 -0.187
3380.306 0.055
3380.578 0.103
3380.850 0.276
3381.123 0.427
3381.395 0.213
3381.668 0.036
3381.940 0.068
3382.212 -0.056
3382.485 -0.064
3382.757 0.118
3383.030 0.226
3383.302 0.218
3383.574 -0.030
3383.847 0.043
3384.119 -0.042
3384.392 -0.066
3384.664 -0.132
3384.936 0.157
3385.209 0.321
3385.481 0.025
3385.754 -0.062
3386.026 0.145
3386.298 0.234
3386.571 0.088
3386.843 0.139
3387.116 -0.047
3387.388 -0.119
3387.660 0.134
3387.933 0.277
3388.205 0.184
3388.478 -0.068
3388.750 0.043
3389.022 0.048
3389.295 0.036
3389.567 0.112
3389.840 0.212
3390.112 -0.149
3390.384 0.089
3390.657 0.054
3390.929 0.131
3391.202 0.108
3391.474 -0.089
3391.746 0.115
3392.019 0.019
3392.291 -0.038
3392.564 0.123
3392.836 -0.120
3393.108 0.060
3393.381 0.245
3393.653 0.247
3393.926 0.162
3394.198 -0.160
3394.470 0.113
3394.743 0.125
3395.015 0.148
3395.288 0.022
3395.560 0.266
3395.832 0.125
3396.105 -0.220
3396.377 0.120
3396.650 0.210
3396.922 0.141
3397.194 0.146
3397.467 0.121
3397.739 0.166
3398.012 -0.018
3398.284 0.114
3398.556 0.137
3398.829 -0.060
3399.101 0.066
3399.374 0.331
3399.646 0.273
3399.918 0.158
3400.191 0.254
3400.463 0.359
3400.736 0.268
3401.008 0.097
3401.280 0.187
3401.553 0.050
3401.825 0.155
3402.098 0.294
3402.370 0.208
3402.642 0.107
3402.915 0.147
3403.187 0.154
3403.460 0.244
3403.732 0.181
3404.004 0.306
3404.277 0.048
3404.549 0.000
3404.822 0.174
3405.094 0.089
3405.366 0.162
3405.639 0.215
3405.911 0.282
3406.184 0.086
3406.456 0.029
3406.728 0.158
3407.001 0.047
3407.273 0.175
3407.546 0.289
3407.818 0.183
3408.090 0.157
3408.363 0.174
3408.635 0.163
3408.908 0.038
3409.180 0.045
3409.452 0.119
3409.725 0.076
3409.997 0.239
3410.270 0.059
3410.542 0.150
3410.814 0.099
3411.087 0.120
3411.359 0.126
3411.632 0.252
3411.904 0.025
3412.176 0.012
3412.449 0.075
3412.721 0.003
3412.994 0.103
3413.266 0.165
3413.538 0.099
3413.811 0.074
3414.083 -0.122
3414.356 0.167
3414.628 -0.006
3414.900 0.089
3415.173 0.041
3415.445 -0.019
3415.718 0.123
3415.990 0.221
3416.262 0.295
3416.535 0.125
3416.807 0.082
3417.080 0.044
3417.352 0.164
3417.624 0.095
3417.897 0.257
3418.169 0.150
3418.442 0.104
3418.714 0.050
3418.986 0.107
3419.259 0.195
3419.531 0.047
3419.804 0.139
3420.076 0.114
3420.348 0.109
3420.621 0.073
3420.893 0.093
3421.166 0.072
3421.438 0.062
3421.710 0.195
3421.983 0.171
3422.255 0.030
3422.528 0.091
3422.800 0.083
3423.072 0.073
3423.345 0.094
3423.617 0.080
3423.890 0.108
3424.162 0.202
3424.434 0.122
3424.707 0.231
3424.979 0.160
3425.252 -0.047
3425.524 0.061
3425.796 0.114
3426.069 0.178
3426.341 0.189
3426.614 0.132
3426.886 0.202
3427.158 0.124
3427.431 0.278
3427.703 0.183
3427.976 0.153
3428.248 0.179
3428.520 0.199
3428.793 0.188
3429.065 -0.007
3429.338 0.241
3429.610 0.190
3429.882 0.066
3430.155 0.111
3430.427 -0.010
3430.700 0.168
3430.972 0.242
3431.244 0.259
3431.517 0.158
3431.789 0.149
3432.062 0.196
3432.334 0.216
3432.606 0.168
3432.879 0.166
3433.151 0.123
3433.424 0.079
3433.696 0.173
3433.968 0.141
3434.241 0.195
3434.513 0.234
3434.786 0.188
3435.058 0.241
3435.330 0.209
3435.603 -0.020
3435.875 0.127
3436.148 0.098
3436.420 0.178
3436.692 -0.028
3436.965 0.125
3437.237 0.201
3437.510 -0.018
3437.782 0.011
3438.054 -0.004
3438.327 -0.005
3438.599 0.168
3438.872 0.151
3439.144 0.132
3439.416 -0.023
3439.689 0.132
3439.961 0.133
3440.234 0.075
3440.506 0.089
3440.778 0.066
3441.051 0.136
3441.323 0.031
3441.596 0.130
3441.868 0.054
3442.140 0.087
3442.413 0.072
3442.685 0.172
3442.958 0.054
3443.230 0.076
3443.502 0.141
3443.775 0.053
3444.047 0.152
3444.320 0.147
3444.592 0.190
3444.864 0.133
3445.137 -0.000
3445.409 0.169
3445.682 0.111
3445.954 0.092
3446.226 0.263
3446.499 0.192
3446.771 0.106
3447.044 0.131
3447.316 0.250
3447.588 0.135
3447.861 0.110
3448.133 0.363
3448.406 0.178
3448.678 0.155
3448.950 0.115
3449.223 0.081
3449.495 0.002
3449.768 0.092
3450.040 0.186
3450.312 0.124
3450.585 0.233
3450.857 0.094
3451.130 0.095
3451.402 0.218
3451.674 0.085
3451.947 0.134
3452.219 0.160
3452.492 0.057
3452.764 0.073
3453.036 0.047
3453.309 0.076
3453.581 0.125
3453.854 0.130
3454.126 0.164
3454.398 0.191
3454.671 0.297
3454.943 0.209
3455.216 0.115
3455.488 0.171
3455.760 0.176
3456.033 0.215
3456.305 0.245
3456.578 0.206
3456.850 0.132
3457.122 0.247
3457.395 0.199
3457.667 0.128
3457.940 0.196
3458.212 0.093
3458.484 0.221
3458.757 0.159
3459.029 0.091
3459.302 0.064
3459.574 0.230
3459.846 0.143
3460.119 0.200
3460.391 0.223
3460.664 0.091
3460.936 0.147
3461.208 0.168
3461.481 0.233
3461.753 0.115
3462.026 0.126
3462.298 0.191
3462.570 0.155
3462.843 0.180
3463.115 0.133
3463.388 0.079
3463.660 0.137
3463.932 0.315
3464.205 0.174
3464.477 0.193
3464.750 0.087
3465.022 0.308
3465.294 0.247
3465.567 0.119
3465.839 0.277
3466.112 0.201
3466.384 0.227
3466.656 0.120
3466.929 0.119
3467.201 0.198
3467.474 0.188
3467.746 0.243
3468.018 0.225
3468.291 0.269
3468.563 0.282
3468.836 0.250
3469.108 0.247
3469.380 0.235
3469.653 0.134
3469.925 0.219
3470.198 0.206
3470.470 0.191
3470.742 0.185
3471.015 0.207
3471.287 0.162
3471.560 0.230
3471.832 0.111
3472.104 0.169
3472.377 0.088
3472.649 0.196
3472.922 0.202
3473.194 0.077
3473.466 0.039
3473.739 0.228
3474.011 0.162
3474.284 0.289
3474.556 0.105
3474.828 0.146
3475.101 0.220
3475.373 0.294
3475.646 0.226
3475.918 0.240
3476.190 0.170
3476.463 0.103
3476.735 0.130
3477.008 0.118
3477.280 0.249
3477.552 0.230
3477.825 0.253
3478.097 0.146
3478.370 0.149
3478.642 0.266
3478.914 0.193
3479.187 0.117
3479.459 0.198
3479.732 0.139
3480.004 0.156
3480.276 0.145
3480.549 0.109
3480.821 0.103
3481.094 0.142
3481.366 0.188
3481.638 0.107
3481.911 0.163
3482.183 0.064
3482.456 0.081
3482.728 0.138
3483.000 0.097
3483.273 -0.005
3483.545 0.051
3483.818 0.157
3484.090 0.157
3484.362 0.211
3484.635 0.219
3484.907 0.188
3485.180 0.036
3485.452 0.104
3485.724 0.139
3485.997 0.140
3486.269 0.151
3486.542 0.175
3486.814 0.165
3487.086 0.106
3487.359 0.194
3487.631 0.207
3487.904 0.201
3488.176 0.174
3488.448 0.182
3488.721 0.188
3488.993 0.083
3489.266 0.169
3489.538 0.180
3489.810 0.168
3490.083 0.078
3490.355 0.146
3490.628 0.073
3490.900 0.012
3491.172 0.136
3491.445 0.081
3491.717 0.153
3491.990 0.210
3492.262 0.144
3492.534 0.084
3492.807 0.001
3493.079 0.096
3493.352 0.196
3493.624 0.117
3493.896 0.249
3494.169 0.150
3494.441 0.273
3494.714 0.200
3494.986 0.148
3495.258 0.169
3495.531 0.042
3495.803 0.116
3496.076 0.136
3496.348 0.125
3496.620 0.115
3496.893 0.102
3497.165 0.129
3497.438 0.105
3497.710 0.125
3497.982 0.123
3498.255 0.157
3498.527 0.197
3498.800 0.255
3499.072 0.232
3499.344 0.146
3499.617 0.173
3499.889 0.191
3500.162 0.195
3500.434 0.117
3500.706 0.125
3500.979 0.150
3501.251 0.224
3501.524 0.280
3501.796 0.272
3502.068 0.117
3502.341 0.266
3502.613 0.223
3502.886 0.230
3503.158 0.166
3503.430 0.163
3503.703 0.200
3503.975 0.198
3504.248 0.243
3504.520 0.119
3504.792 0.121
3505.065 0.218
3505.337 0.130
3505.610 0.198
3505.882 0.154
3506.154 0.149
3506.427 0.179
3506.699 0.306
3506.972 0.283
3507.244 0.281
3507.516 0.166
3507.789 0.174
3508.061 0.241
3508.334 0.169
3508.606 0.219
3508.878 0.253
3509.151 0.299
3509.423 0.267
3509.696 0.069
3509.968 0.126
3510.240 0.186
3510.513 0.120
3510.785 0.162
3511.058 0.103
3511.330 0.237
3511.602 0.190
3511.875 0.222
3512.147 0.208
3512.420 0.114
3512.692 0.108
3512.965 0.257
3513.237 0.117
3513.509 0.084
3513.782 0.125
3514.054 0.183
3514.327 0.229
3514.599 0.219
3514.871 0.183
3515.144 0.105
3515.416 0.228
3515.689 0.209
3515.961 0.242
3516.233 0.231
3516.506 0.129
3516.778 0.225
3517.051 0.278
3517.323 0.176
3517.595 0.173
3517.868 0.235
3518.140 0.133
3518.413 0.218
3518.685 0.204
3518.957 0.229
3519.230 0.240
3519.502 0.199
3519.775 0.142
3520.047 0.139
3520.319 0.240
3520.592 0.190
3520.864 0.172
3521.137 0.188
3521.409 0.085
3521.681 0.091
3521.954 0.209
3522.226 0.197
3522.499 0.222
3522.771 0.231
3523.043 0.160
3523.316 0.152
3523.588 0.126
3523.861 0.159
3524.133 0.124
3524.405 0.079
3524.678 0.148
3524.950 0.159
3525.223 0.267
3525.495 0.198
3525.767 0.105
3526.040 0.135
3526.312 0.184
3526.585 0.210
3526.857 0.261
3527.129 0.251
3527.402 0.188
3527.674 0.185
3527.947 0.136
3528.219 0.169
3528.491 0.276
3528.764 0.224
3529.036 0.198
3529.309 0.216
3529.581 0.177
3529.853 0.167
3530.126 0.148
3530.398 0.131
3530.671 0.168
3530.943 0.174
3531.215 0.215
3531.488 0.169
3531.760 0.156
3532.033 0.219
3532.305 0.205
3532.577 0.196
3532.850 0.170
3533.122 0.147
3533.395 0.181
3533.667 0.247
3533.939 0.210
3534.212 0.249
3534.484 0.224
3534.757 0.207
3535.029 0.166
3535.301 0.150
3535.574 0.155
3535.846 0.198
3536.119 0.235
3536.391 0.230
3536.663 0.186
3536.936 0.242
3537.208 0.222
3537.481 0.112
3537.753 0.137
3538.025 0.163
3538.298 0.147
3538.570 0.203
3538.843 0.185
3539.115 0.181
3539.387 0.192
3539.660 0.186
3539.932 0.268
3540.205 0.183
3540.477 0.111
3540.749 0.129
3541.022 0.191
3541.294 0.129
3541.567 0.200
3541.839 0.191
3542.111 0.172
3542.384 0.184
3542.656 0.144
3542.929 0.232
3543.201 0.202
3543.473 0.157
3543.746 0.206
3544.018 0.157
3544.291 0.183
3544.563 0.212
3544.835 0.217
3545.108 0.159
3545.380 0.164
3545.653 0.228
3545.925 0.218
3546.197 0.193
3546.470 0.231
3546.742 0.163
3547.015 0.217
3547.287 0.176
3547.559 0.155
3547.832 0.088
3548.104 0.173
3548.377 0.211
3548.649 0.111
3548.921 0.182
3549.194 0.208
3549.466 0.160
3549.739 0.175
3550.011 0.187
3550.283 0.198
3550.556 0.203
3550.828 0.184
3551.101 0.200
3551.373 0.156
3551.645 0.164
3551.918 0.187
3552.190 0.218
3552.463 0.181
3552.735 0.147
3553.007 0.230
3553.280 0.155
3553.552 0.153
3553.825 0.107
3554.097 0.118
3554.369 0.137
3554.642 0.173
3554.914 0.213
3555.187 0.230
3555.459 0.262
3555.731 0.197
3556.004 0.186
3556.276 0.205
3556.549 0.095
3556.821 0.130
3557.093 0.110
3557.366 0.170
3557.638 0.226
3557.911 0.195
3558.183 0.145
3558.455 0.148
3558.728 0.194
3559.000 0.151
3559.273 0.188
3559.545 0.232
3559.817 0.189
3560.090 0.168
3560.362 0.200
3560.635 0.142
3560.907 0.203
3561.179 0.223
3561.452 0.140
3561.724 0.189
3561.997 0.128
3562.269 0.229
3562.541 0.197
3562.814 0.212
3563.086 0.195
3563.359 0.188
3563.631 0.213
3563.903 0.180
3564.176 0.154
3564.448 0.158
3564.721 0.177
3564.993 0.163
3565.265 0.125
3565.538 0.141
3565.810 0.133
3566.083 0.198
3566.355 0.116
3566.627 0.176
3566.900 0.216
3567.172 0.172
3567.445 0.169
3567.717 0.133
3567.989 0.131
3568.262 0.246
3568.534 0.233
3568.807 0.190
3569.079 0.155
3569.351 0.149
3569.624 0.130
3569.896 0.111
3570.169 0.148
3570.441 0.122
3570.713 0.205
3570.986 0.172
3571.258 0.187
3571.531 0.148
3571.803 0.172
3572.075 0.220
3572.348 0.152
3572.620 0.159
3572.893 0.187
3573.165 0.148
3573.437 0.189
3573.710 0.207
3573.982 0.191
3574.255 0.220
3574.527 0.154
3574.799 0.196
3575.072 0.150
3575.344 0.195
3575.617 0.224
3575.889 0.202
3576.161 0.175
3576.434 0.145
3576.706 0.152
3576.979 0.168
3577.251 0.173
3577.523 0.187
3577.796 0.200
3578.068 0.158
3578.341 0.185
3578.613 0.158
3578.885 0.165
3579.158 0.214
3579.430 0.194
3579.703 0.222
3579.975 0.172
3580.247 0.134
3580.520 0.113
3580.792 0.148
3581.065 0.098
3581.337 0.069
3581.609 0.113
3581.882 0.157
3582.154 0.172
3582.427 0.223
3582.699 0.215
3582.971 0.202
3583.244 0.211
3583.516 0.124
3583.789 0.179
3584.061 0.152
3584.333 0.176
3584.606 0.168
3584.878 0.069
3585.151 0.118
3585.423 0.120
3585.695 0.133
3585.968 0.224
3586.240 0.190
3586.513 0.182
3586.785 0.077
3587.057 0.054
3587.330 0.175
3587.602 0.112
3587.875 0.144
3588.147 0.179
3588.419 0.166
3588.692 0.192
3588.964 0.153
3589.237 0.139
3589.509 0.136
3589.781 0.127
3590.054 0.197
3590.326 0.149
3590.599 0.222
3590.871 0.206
3591.143 0.222
3591.416 0.238
3591.688 0.229
3591.961 0.191
3592.233 0.185
3592.505 0.170
3592.778 0.162
3593.050 0.142
3593.323 0.156
3593.595 0.145
3593.867 0.215
3594.140 0.173
3594.412 0.160
3594.685 0.184
3594.957 0.119
3595.229 0.129
3595.502 0.178
3595.774 0.170
3596.047 0.173
3596.319 0.209
3596.591 0.221
3596.864 0.174
3597.136 0.165
3597.409 0.138
3597.681 0.169
3597.953 0.193
3598.226 0.216
3598.498 0.191
3598.771 0.157
3599.043 0.185
3599.315 0.216
3599.588 0.165
3599.860 0.268
3600.133 0.246
3600.405 0.186
3600.677 0.186
3600.950 0.244
3601.222 0.233
3601.495 0.181
3601.767 0.221
3602.039 0.189
3602.312 0.150
3602.584 0.174
3602.857 0.212
3603.129 0.259
3603.401 0.133
3603.674 0.140
3603.946 0.151
3604.219 0.125
3604.491 0.192
3604.763 0.149
3605.036 0.159
3605.308 0.128
3605.581 0.127
3605.853 0.259
3606.125 0.213
3606.398 0.170
3606.670 0.139
3606.943 0.214
3607.215 0.211
3607.487 0.163
3607.760 0.183
3608.032 0.185
3608.305 0.113
3608.577 0.117
3608.849 0.098
3609.122 0.138
3609.394 0.168
3609.667 0.153
3609.939 0.133
3610.211 0.145
3610.484 0.218
3610.756 0.181
3611.029 0.162
3611.301 0.223
3611.573 0.187
3611.846 0.186
3612.118 0.167
3612.391 0.219
3612.663 0.158
3612.935 0.145
3613.208 0.179
3613.480 0.184
3613.753 0.134
3614.025 0.179
3614.297 0.218
3614.570 0.237
3614.842 0.169
3615.115 0.201
3615.387 0.195
3615.659 0.265
3615.932 0.259
3616.204 0.240
3616.477 0.184
3616.749 0.197
3617.021 0.226
3617.294 0.196
3617.566 0.199
3617.839 0.229
3618.111 0.199
3618.383 0.179
3618.656 0.163
3618.928 0.161
3619.201 0.141
3619.473 0.151
3619.745 0.190
3620.018 0.221
3620.290 0.237
3620.563 0.232
3620.835 0.225
3621.107 0.150
3621.380 0.125
3621.652 0.158
3621.925 0.222
3622.197 0.239
3622.469 0.229
3622.742 0.211
3623.014 0.232
3623.287 0.222
3623.559 0.226
3623.831 0.211
3624.104 0.177
3624.376 0.171
3624.649 0.182
3624.921 0.190
3625.193 0.196
3625.466 0.231
3625.738 0.307
3626.011 0.230
3626.283 0.253
3626.555 0.271
3626.828 0.233
3627.100 0.257
3627.373 0.226
3627.645 0.185
3627.917 0.218
3628.190 0.212
3628.462 0.217
3628.735 0.209
3629.007 0.271
3629.279 0.264
3629.552 0.237
3629.824 0.228
3630.097 0.178
3630.369 0.180
3630.641 0.189
3630.914 0.139
3631.186 0.112
3631.459 0.080
3631.731 0.185
3632.003 0.215
3632.276 0.259
3632.548 0.248
3632.821 0.169
3633.093 0.177
3633.365 0.219
3633.638 0.238
3633.910 0.182
3634.183 0.151
3634.455 0.142
3634.727 0.193
3635.000 0.234
3635.272 0.215
3635.545 0.260
3635.817 0.315
3636.089 0.206
3636.362 0.212
3636.634 0.182
3636.907 0.154
3637.179 0.192
3637.451 0.221
3637.724 0.197
3637.996 0.169
3638.269 0.237
3638.541 0.251
3638.813 0.230
3639.086 0.174
3639.358 0.216
3639.631 0.235
3639.903 0.255
3640.175 0.249
3640.448 0.217
3640.720 0.259
3640.993 0.275
3641.265 0.245
3641.537 0.257
3641.810 0.292
3642.082 0.225
3642.355 0.160
3642.627 0.179
3642.899 0.206
3643.172 0.190
3643.444 0.225
3643.717 0.220
3643.989 0.231
3644.261 0.220
3644.534 0.163
3644.806 0.179
3645.079 0.198
3645.351 0.144
3645.623 0.155
3645.896 0.176
3646.168 0.216
3646.441 0.219
3646.713 0.206
3646.985 0.209
3647.258 0.207
3647.530 0.137
3647.803 0.150
3648.075 0.174
3648.347 0.212
3648.620 0.192
3648.892 0.225
3649.165 0.185
3649.437 0.162
3649.709 0.224
3649.982 0.170
3650.254 0.203
3650.527 0.217
3650.799 0.192
3651.071 0.248
3651.344 0.212
3651.616 0.199
3651.889 0.164
3652.161 0.231
3652.433 0.251
3652.706 0.212
3652.978 0.208
3653.251 0.183
3653.523 0.127
3653.795 0.221
3654.068 0.254
3654.340 0.211
3654.613 0.264
3654.885 0.262
3655.157 0.206
3655.430 0.179
3655.702 0.225
3655.975 0.177
3656.247 0.228
3656.519 0.255
3656.792 0.185
3657.064 0.245
3657.337 0.196
3657.609 0.205
3657.881 0.201
3658.154 0.169
3658.426 0.218
3658.699 0.251
3658.971 0.265
3659.243 0.238
3659.516 0.203
3659.788 0.185
3660.061 0.194
3660.333 0.227
3660.605 0.236
3660.878 0.230
3661.150 0.229
3661.423 0.265
3661.695 0.226
3661.967 0.208
3662.240 0.236
3662.512 0.254
3662.785 0.241
3663.057 0.295
3663.329 0.216
3663.602 0.177
3663.874 0.169
3664.147 0.176
3664.419 0.147
3664.691 0.151
3664.964 0.211
3665.236 0.237
3665.509 0.253
3665.781 0.263
3666.053 0.229
3666.326 0.239
3666.598 0.248
3666.871 0.261
3667.143 0.194
3667.415 0.244
3667.688 0.260
3667.960 0.223
3668.233 0.191
3668.505 0.217
3668.777 0.223
3669.050 0.245
3669.322 0.150
3669.595 0.154
3669.867 0.209
3670.139 0.219
3670.412 0.219
3670.684 0.207
3670.957 0.205
3671.229 0.246
3671.501 0.269
3671.774 0.249
3672.046 0.228
3672.319 0.249
3672.591 0.285
3672.863 0.222
3673.136 0.239
3673.408 0.224
3673.681 0.217
3673.953 0.171
3674.225 0.175
3674.498 0.244
3674.770 0.225
3675.043 0.256
3675.315 0.220
3675.587 0.217
3675.860 0.221
3676.132 0.217
3676.405 0.222
3676.677 0.239
3676.949 0.245
3677.222 0.208
3677.494 0.177
3677.767 0.199
3678.039 0.256
3678.311 0.228
3678.584 0.171
3678.856 0.231
3679.129 0.223
3679.401 0.181
3679.673 0.167
3679.946 0.190
3680.218 0.207
3680.491 0.226
3680.763 0.248
3681.035 0.219
3681.308 0.238
3681.580 0.241
3681.853 0.236
3682.125 0.230
3682.397 0.211
3682.670 0.231
3682.942 0.194
3683.215 0.225
3683.487 0.262
3683.759 0.254
3684.032 0.237
3684.304 0.250
3684.577 0.254
3684.849 0.193
3685.121 0.154
3685.394 0.227
3685.666 0.218
3685.939 0.201
3686.211 0.243
3686.483 0.204
3686.756 0.217
3687.028 0.214
3687.301 0.181
3687.573 0.225
3687.845 0.197
3688.118 0.253
3688.390 0.231
3688.663 0.245
3688.935 0.290
3689.207 0.196
3689.480 0.189
3689.752 0.246
3690.025 0.247
3690.297 0.247
3690.569 0.238
3690.842 0.240
3691.114 0.226
3691.387 0.220
3691.659 0.248
3691.931 0.237
3692.204 0.238
3692.476 0.232
3692.749 0.266
3693.021 0.279
3693.293 0.216
3693.566 0.262
3693.838 0.187
3694.111 0.186
3694.383 0.291
3694.655 0.274
3694.928 0.255
3695.200 0.244
3695.473 0.267
3695.745 0.284
3696.017 0.292
3696.290 0.262
3696.562 0.242
3696.835 0.224
3697.107 0.225
3697.379 0.208
3697.652 0.227
3697.924 0.264
3698.197 0.238
3698.469 0.259
3698.741 0.253
3699.014 0.266
3699.286 0.247
3699.559 0.275
3699.831 0.287
3700.103 0.274
3700.376 0.247
3700.648 0.240
3700.921 0.229
3701.193 0.226
3701.465 0.262
3701.738 0.286
3702.010 0.259
3702.283 0.240
3702.555 0.251
3702.827 0.304
3703.100 0.261
3703.372 0.194
3703.645 0.154
3703.917 0.162
3704.189 0.203
3704.462 0.226
3704.734 0.218
3705.007 0.214
3705.279 0.185
3705.551 0.159
3705.824 0.134
3706.096 0.152
3706.369 0.256
3706.641 0.284
3706.913 0.241
3707.186 0.236
3707.458 0.211
3707.731 0.198
3708.003 0.243
3708.275 0.254
3708.548 0.262
3708.820 0.230
3709.093 0.214
3709.365 0.219
3709.637 0.240
3709.910 0.238
3710.182 0.236
3710.455 0.239
3710.727 0.242
3710.999 0.268
3711.272 0.220
3711.544 0.169
3711.817 0.185
3712.089 0.211
3712.361 0.215
3712.634 0.202
3712.906 0.235
3713.179 0.271
3713.451 0.256
3713.723 0.287
3713.996 0.313
3714.268 0.268
3714.541 0.258
3714.813 0.287
3715.085 0.297
3715.358 0.262
3715.630 0.285
3715.903 0.256
3716.175 0.247
3716.447 0.299
3716.720 0.338
3716.992 0.290
3717.265 0.289
3717.537 0.307
3717.809 0.275
3718.082 0.290
3718.354 0.256
3718.627 0.229
3718.899 0.221
3719.171 0.273
3719.444 0.169
3719.716 0.117
3719.989 0.117
3720.261 0.205
3720.533 0.207
3720.806 0.197
3721.078 0.166
3721.351 0.138
3721.623 0.149
3721.895 0.153
3722.168 0.137
3722.440 0.177
3722.713 0.199
3722.985 0.231
3723.257 0.260
3723.530 0.256
3723.802 0.298
3724.075 0.251
3724.347 0.255
3724.619 0.239
3724.892 0.272
3725.164 0.286
3725.437 0.318
3725.709 0.354
3725.981 0.347
3726.254 0.324
3726.526 0.296
3726.799 0.247
3727.071 0.239
3727.343 0.186
3727.616 0.191
3727.888 0.252
3728.161 0.273
3728.433 0.313
3728.705 0.322
3728.978 0.338
3729.250 0.310
3729.523 0.243
3729.795 0.281
3730.067 0.256
3730.340 0.232
3730.612 0.226
3730.885 0.269
3731.157 0.263
3731.429 0.270
3731.702 0.306
3731.974 0.266
3732.247 0.204
3732.519 0.206
3732.791 0.213
3733.064 0.172
3733.336 0.160
3733.609 0.208
3733.881 0.200
3734.153 0.157
3734.426 0.102
3734.698 0.126
3734.971 0.142
3735.243 0.175
3735.515 0.206
3735.788 0.239
3736.060 0.229
3736.333 0.233
3736.605 0.143
3736.877 0.145
3737.150 0.147
3737.422 0.208
3737.695 0.224
3737.967 0.259
3738.239 0.247
3738.512 0.300
3738.784 0.304
3739.057 0.259
3739.329 0.239
3739.601 0.258
3739.874 0.282
3740.146 0.294
3740.419 0.282
3740.691 0.315
3740.963 0.284
3741.236 0.284
3741.508 0.300
3741.781 0.290
3742.053 0.308
3742.325 0.290
3742.598 0.294
3742.870 0.268
3743.143 0.213
3743.415 0.208
3743.687 0.256
3743.960 0.248
3744.232 0.297
3744.505 0.318
3744.777 0.266
3745.049 0.254
3745.322 0.174
3745.594 0.150
3745.867 0.192
3746.139 0.238
3746.411 0.253
3746.684 0.263
3746.956 0.254
3747.229 0.247
3747.501 0.269
3747.773 0.245
3748.046 0.161
3748.318 0.191
3748.591 0.198
3748.863 0.160
3749.135 0.096
3749.408 0.123
3749.680 0.125
3749.953 0.153
3750.225 0.165
3750.497 0.210
3750.770 0.238
3751.042 0.218
3751.315 0.249
3751.587 0.241
3751.859 0.235
3752.132 0.283
3752.404 0.270
3752.677 0.256
3752.949 0.281
3753.221 0.250
3753.494 0.277
3753.766 0.298
3754.039 0.323
3754.311 0.306
3754.583 0.333
3754.856 0.357
3755.128 0.336
3755.401 0.333
3755.673 0.332
3755.945 0.349
3756.218 0.352
3756.490 0.317
3756.763 0.295
3757.035 0.302
3757.307 0.228
3757.580 0.229
3757.852 0.237
3758.125 0.213
3758.397 0.245
3758.669 0.238
3758.942 0.266
3759.214 0.210
3759.487 0.279
3759.759 0.316
3760.031 0.304
3760.304 0.268
3760.576 0.279
3760.849 0.274
3761.121 0.215
3761.393 0.241
3761.666 0.279
3761.938 0.293
3762.211 0.366
3762.483 0.330
3762.755 0.330
3763.028 0.341
3763.300 0.316
3763.573 0.224
3763.845 0.227
3764.117 0.284
3764.390 0.305
3764.662 0.333
3764.935 0.342
3765.207 0.299
3765.479 0.306
3765.752 0.314
3766.024 0.332
3766.297 0.317
3766.569 0.273
3766.841 0.195
3767.114 0.203
3767.386 0.255
3767.659 0.266
3767.931 0.269
3768.203 0.295
3768.476 0.267
3768.748 0.285
3769.021 0.283
3769.293 0.246
3769.565 0.218
3769.838 0.197
3770.110 0.191
3770.383 0.130
3770.655 0.166
3770.927 0.195
3771.200 0.220
3771.472 0.243
3771.745 0.255
3772.017 0.266
3772.289 0.301
3772.562 0.288
3772.834 0.293
3773.107 0.332
3773.379 0.291
3773.651 0.313
3773.924 0.281
3774.196 0.264
3774.469 0.267
3774.741 0.289
3775.013 0.321
3775.286 0.294
3775.558 0.275
3775.831 0.276
3776.103 0.298
3776.375 0.328
3776.648 0.345
3776.920 0.316
3777.193 0.324
3777.465 0.318
3777.737 0.348
3778.010 0.349
3778.282 0.309
3778.555 0.348
3778.827 0.366
3779.099 0.324
3779.372 0.327
3779.644 0.368
3779.917 0.397
3780.189 0.392
3780.461 0.391
3780.734 0.356
3781.006 0.359
3781.279 0.367
3781.551 0.336
3781.823 0.353
3782.096 0.367
3782.368 0.408
3782.641 0.398
3782.913 0.363
3783.185 0.364
3783.458 0.326
3783.730 0.358
3784.003 0.382
3784.275 0.379
3784.547 0.416
3784.820 0.406
3785.092 0.399
3785.365 0.379
3785.637 0.315
3785.909 0.248
3786.182 0.263
3786.454 0.294
3786.727 0.327
3786.999 0.331
3787.271 0.353
3787.544 0.294
3787.816 0.293
3788.089 0.323
3788.361 0.320
3788.633 0.305
3788.906 0.350
3789.178 0.321
3789.451 0.332
3789.723 0.306
3789.995 0.292
3790.268 0.296
3790.540 0.291
3790.813 0.328
3791.085 0.337
3791.357 0.328
3791.630 0.351
3791.902 0.339
3792.175 0.312
3792.447 0.318
3792.719 0.295
3792.992 0.267
3793.264 0.225
3793.537 0.268
3793.809 0.282
3794.081 0.295
3794.354 0.306
3794.626 0.232
3794.899 0.222
3795.171 0.246
3795.443 0.277
3795.716 0.261
3795.988 0.246
3796.261 0.262
3796.533 0.254
3796.805 0.197
3797.078 0.203
3797.350 0.186
3797.623 0.133
3797.895 0.148
3798.167 0.167
3798.440 0.184
3798.712 0.233
3798.985 0.247
3799.257 0.186
3799.529 0.198
3799.802 0.214
3800.074 0.284
3800.347 0.304
3800.619 0.310
3800.891 0.333
3801.164 0.287
3801.436 0.273
3801.709 0.262
3801.981 0.293
3802.253 0.314
3802.526 0.319
3802.798 0.327
3803.071 0.315
3803.343 0.311
3803.615 0.375
3803.888 0.350
3804.160 0.352
3804.433 0.355
3804.705 0.324
3804.977 0.356
3805.250 0.327
3805.522 0.371
3805.795 0.331
3806.067 0.313
3806.339 0.296
3806.612 0.276
3806.884 0.297
3807.157 0.297
3807.429 0.320
3807.701 0.326
3807.974 0.344
3808.246 0.351
3808.519 0.333
3808.791 0.339
3809.063 0.369
3809.336 0.327
3809.608 0.350
3809.881 0.368
3810.153 0.385
3810.425 0.365
3810.698 0.344
3810.970 0.363
3811.243 0.359
3811.515 0.371
3811.787 0.350
3812.060 0.370
3812.332 0.380
3812.605 0.316
3812.877 0.295
3813.149 0.289
3813.422 0.324
3813.694 0.328
3813.967 0.345
3814.239 0.308
3814.511 0.295
3814.784 0.328
3815.056 0.340
3815.329 0.303
3815.601 0.254
3815.873 0.261
3816.146 0.274
3816.418 0.338
3816.691 0.328
3816.963 0.354
3817.235 0.372
3817.508 0.344
3817.780 0.335
3818.053 0.375
3818.325 0.344
3818.597 0.354
3818.870 0.354
3819.142 0.337
3819.415 0.325
3819.687 0.301
3819.959 0.247
3820.232 0.202
3820.504 0.246
3820.777 0.252
3821.049 0.314
3821.321 0.321
3821.594 0.311
3821.866 0.342
3822.139 0.335
3822.411 0.352
3822.683 0.351
3822.956 0.356
3823.228 0.338
3823.501 0.337
3823.773 0.314
3824.045 0.230
3824.318 0.228
3824.590 0.271
3824.863 0.310
3825.135 0.298
3825.407 0.273
3825.680 0.217
3825.952 0.210
3826.225 0.282
3826.497 0.309
3826.769 0.299
3827.042 0.308
3827.314 0.271
3827.587 0.232
3827.859 0.255
3828.131 0.281
3828.404 0.304
3828.676 0.316
3828.949 0.266
3829.221 0.223
3829.493 0.227
3829.766 0.285
3830.038 0.311
3830.311 0.312
3830.583 0.267
3830.855 0.294
3831.128 0.283
3831.400 0.246
3831.673 0.218
3831.945 0.171
3832.217 0.161
3832.490 0.195
3832.762 0.223
3833.035 0.212
3833.307 0.217
3833.579 0.223
3833.852 0.192
3834.124 0.163
3834.397 0.160
3834.669 0.187
3834.941 0.174
3835.214 0.162
3835.486 0.167
3835.759 0.185
3836.031 0.208
3836.303 0.210
3836.576 0.234
3836.848 0.238
3837.121 0.262
3837.393 0.234
3837.665 0.222
3837.938 0.174
3838.210 0.168
3838.483 0.218
3838.755 0.248
3839.027 0.246
3839.300 0.268
3839.572 0.290
3839.845 0.257
3840.117 0.239
3840.389 0.228
3840.662 0.233
3840.934 0.229
3841.207 0.284
3841.479 0.314
3841.751 0.300
3842.024 0.325
3842.296 0.364
3842.569 0.341
3842.841 0.311
3843.113 0.333
3843.386 0.338
3843.658 0.343
3843.931 0.320
3844.203 0.357
3844.475 0.385
3844.748 0.412
3845.020 0.347
3845.293 0.326
3845.565 0.309
3845.837 0.339
3846.110 0.371
3846.382 0.336
3846.655 0.298
3846.927 0.341
3847.199 0.367
3847.472 0.363
3847.744 0.370
3848.017 0.380
3848.289 0.376
3848.561 0.371
3848.834 0.366
3849.106 0.363
3849.379 0.319
3849.651 0.298
3849.923 0.280
3850.196 0.322
3850.468 0.333
3850.741 0.312
3851.013 0.340
3851.285 0.347
3851.558 0.390
3851.830 0.407
3852.103 0.359
3852.375 0.334
3852.647 0.349
3852.920 0.393
3853.192 0.357
3853.465 0.326
3853.737 0.355
3854.009 0.358
3854.282 0.327
3854.554 0.362
3854.827 0.386
3855.099 0.394
3855.371 0.374
3855.644 0.337
3855.916 0.284
3856.189 0.274
3856.461 0.315
3856.733 0.356
3857.006 0.379
3857.278 0.396
3857.551 0.349
3857.823 0.345
3858.095 0.291
3858.368 0.282
3858.640 0.334
3858.913 0.292
3859.185 0.307
3859.457 0.267
3859.730 0.205
3860.002 0.275
3860.275 0.305
3860.547 0.344
3860.819 0.338
3861.092 0.326
3861.364 0.323
3861.637 0.350
3861.909 0.376
3862.181 0.373
3862.454 0.374
3862.726 0.391
3862.999 0.383
3863.271 0.373
3863.543 0.360
3863.816 0.370
3864.088 0.359
3864.361 0.397
3864.633 0.395
3864.905 0.382
3865.178 0.316
3865.450 0.293
3865.723 0.358
3865.995 0.396
3866.267 0.401
3866.540 0.391
3866.812 0.377
3867.085 0.341
3867.357 0.354
3867.629 0.371
3867.902 0.360
3868.174 0.374
3868.447 0.383
3868.719 0.361
3868.991 0.369
3869.264 0.350
3869.536 0.333
3869.809 0.337
3870.081 0.342
3870.353 0.330
3870.626 0.312
3870.898 0.327
3871.171 0.281
3871.443 0.310
3871.715 0.306
3871.988 0.327
3872.260 0.326
3872.533 0.277
3872.805 0.311
3873.077 0.348
3873.350 0.359
3873.622 0.317
3873.895 0.331
3874.167 0.374
3874.439 0.388
3874.712 0.391
3874.984 0.412
3875.257 0.400
3875.529 0.366
3875.801 0.362
3876.074 0.388
3876.346 0.402
3876.619 0.364
3876.891 0.340
3877.163 0.350
3877.436 0.338
3877.708 0.270
3877.981 0.267
3878.253 0.222
3878.525 0.236
3878.798 0.288
3879.070 0.356
3879.343 0.367
3879.615 0.349
3879.888 0.346
3880.160 0.325
3880.432 0.319
3880.705 0.317
3880.977 0.307
3881.250 0.314
3881.522 0.293
3881.794 0.281
3882.067 0.242
3882.339 0.250
3882.612 0.272
3882.884 0.253
3883.156 0.291
3883.429 0.347
3883.701 0.372
3883.974 0.349
3884.246 0.336
3884.518 0.351
3884.791 0.340
3885.063 0.323
3885.336 0.301
3885.608 0.315
3885.880 0.231
3886.153 0.221
3886.425 0.229
3886.698 0.234
3886.970 0.222
3887.242 0.265
3887.515 0.329
3887.787 0.313
3888.060 0.275
3888.332 0.174
3888.604 0.120
3888.877 0.170
3889.149 0.192
3889.422 0.222
3889.694 0.249
3889.966 0.256
3890.239 0.275
3890.511 0.275
3890.784 0.305
3891.056 0.311
3891.328 0.321
3891.601 0.336
3891.873 0.347
3892.146 0.365
3892.418 0.349
3892.690 0.321
3892.963 0.312
3893.235 0.338
3893.508 0.382
3893.780 0.326
3894.052 0.350
3894.325 0.357
3894.597 0.358
3894.870 0.329
3895.142 0.289
3895.414 0.261
3895.687 0.300
3895.959 0.344
3896.232 0.394
3896.504 0.421
3896.776 0.404
3897.049 0.410
3897.321 0.391
3897.594 0.341
3897.866 0.319
3898.138 0.346
3898.411 0.382
3898.683 0.400
3898.956 0.387
3899.228 0.348
3899.500 0.325
3899.773 0.349
3900.045 0.364
3900.318 0.347
3900.590 0.351
3900.862 0.403
3901.135 0.424
3901.407 0.372
3901.680 0.402
3901.952 0.377
3902.224 0.378
3902.497 0.356
3902.769 0.316
3903.042 0.340
3903.314 0.376
3903.586 0.405
3903.859 0.413
3904.131 0.424
3904.404 0.434
3904.676 0.420
3904.948 0.364
3905.221 0.279
3905.493 0.282
3905.766 0.356
3906.038 0.356
3906.310 0.349
3906.583 0.337
3906.855 0.399
3907.128 0.421
3907.400 0.385
3907.672 0.386
3907.945 0.396
3908.217 0.424
3908.490 0.420
3908.762 0.420
3909.034 0.447
3909.307 0.440
3909.579 0.366
3909.852 0.374
3910.124 0.371
3910.396 0.385
3910.669 0.399
3910.941 0.412
3911.214 0.427
3911.486 0.447
3911.758 0.419
3912.031 0.428
3912.303 0.452
3912.576 0.442
3912.848 0.391
3913.120 0.362
3913.393 0.346
3913.665 0.372
3913.938 0.385
3914.210 0.365
3914.482 0.408
3914.755 0.437
3915.027 0.441
3915.300 0.425
3915.572 0.394
3915.844 0.381
3916.117 0.389
3916.389 0.389
3916.662 0.400
3916.934 0.373
3917.206 0.391
3917.479 0.436
3917.751 0.447
3918.024 0.397
3918.296 0.344
3918.568 0.354
3918.841 0.387
3919.113 0.405
3919.386 0.390
3919.658 0.388
3919.930 0.338
3920.203 0.335
3920.475 0.333
3920.748 0.324
3921.020 0.354
3921.292 0.364
3921.565 0.386
3921.837 0.407
3922.110 0.409
3922.382 0.362
3922.654 0.314
3922.927 0.331
3923.199 0.394
3923.472 0.416
3923.744 0.398
3924.016 0.397
3924.289 0.397
3924.561 0.359
3924.834 0.373
3925.106 0.367
3925.378 0.358
3925.651 0.328
3925.923 0.331
3926.196 0.350
3926.468 0.360
3926.740 0.358
3927.013 0.363
3927.285 0.337
3927.558 0.292
3927.830 0.262
3928.102 0.269
3928.375 0.292
3928.647 0.308
3928.920 0.281
3929.192 0.276
3929.464 0.263
3929.737 0.245
3930.009 0.218
3930.282 0.206
3930.554 0.225
3930.826 0.205
3931.099 0.202
3931.371 0.169
3931.644 0.148
3931.916 0.108
3932.188 0.080
3932.461 0.082
3932.733 0.112
3933.006 0.082
3933.278 0.036
3933.550 0.028
3933.823 0.045
3934.095 0.093
3934.368 0.132
3934.640 0.161
3934.912 0.189
3935.185 0.164
3935.457 0.203
3935.730 0.200
3936.002 0.193
3936.274 0.232
3936.547 0.241
3936.819 0.261
3937.092 0.270
3937.364 0.267
3937.636 0.277
3937.909 0.287
3938.181 0.297
3938.454 0.291
3938.726 0.313
3938.998 0.332
3939.271 0.344
3939.543 0.337
3939.816 0.341
3940.088 0.349
3940.360 0.370
3940.633 0.322
3940.905 0.333
3941.178 0.352
3941.450 0.345
3941.722 0.362
3941.995 0.358
3942.267 0.366
3942.540 0.382
3942.812 0.384
3943.084 0.389
3943.357 0.353
3943.629 0.288
3943.902 0.289
3944.174 0.295
3944.446 0.341
3944.719 0.351
3944.991 0.348
3945.264 0.373
3945.536 0.400
3945.808 0.413
3946.081 0.425
3946.353 0.444
3946.626 0.420
3946.898 0.411
3947.170 0.400
3947.443 0.355
3947.715 0.356
3947.988 0.390
3948.260 0.370
3948.532 0.368
3948.805 0.341
3949.077 0.399
3949.350 0.430
3949.622 0.389
3949.894 0.389
3950.167 0.403
3950.439 0.441
3950.712 0.430
3950.984 0.403
3951.256 0.411
3951.529 0.444
3951.801 0.412
3952.074 0.376
3952.346 0.349
3952.618 0.329
3952.891 0.353
3953.163 0.387
3953.436 0.410
3953.708 0.429
3953.980 0.427
3954.253 0.459
3954.525 0.439
3954.798 0.434
3955.070 0.426
3955.342 0.423
3955.615 0.407
3955.887 0.361
3956.160 0.347
3956.432 0.313
3956.704 0.355
3956.977 0.380
3957.249 0.396
3957.522 0.405
3957.794 0.368
3958.066 0.333
3958.339 0.382
3958.611 0.399
3958.884 0.403
3959.156 0.419
3959.428 0.411
3959.701 0.384
3959.973 0.392
3960.246 0.387
3960.518 0.393
3960.790 0.335
3961.063 0.277
3961.335 0.223
3961.608 0.267
3961.880 0.305
3962.152 0.295
3962.425 0.321
3962.697 0.294
3962.970 0.301
3963.242 0.287
3963.514 0.277
3963.787 0.313
3964.059 0.284
3964.332 0.263
3964.604 0.267
3964.876 0.249
3965.149 0.248
3965.421 0.237
3965.694 0.225
3965.966 0.178
3966.238 0.144
3966.511 0.136
3966.783 0.101
3967.056 0.083
3967.328 0.065
3967.600 0.077
3967.873 0.069
3968.145 0.026
3968.418 0.018
3968.690 0.034
3968.962 0.073
3969.235 0.087
3969.507 0.099
3969.780 0.086
3970.052 0.089
3970.324 0.108
3970.597 0.147
3970.869 0.164
3971.142 0.170
3971.414 0.176
3971.686 0.194
3971.959 0.208
3972.231 0.233
3972.504 0.238
3972.776 0.259
3973.048 0.259
3973.321 0.234
3973.593 0.260
3973.866 0.274
3974.138 0.297
3974.410 0.293
3974.683 0.320
3974.955 0.346
3975.228 0.360
3975.500 0.368
3975.772 0.369
3976.045 0.353
3976.317 0.315
3976.590 0.316
3976.862 0.345
3977.134 0.391
3977.407 0.357
3977.679 0.383
3977.952 0.376
3978.224 0.398
3978.496 0.405
3978.769 0.403
3979.041 0.411
3979.314 0.400
3979.586 0.402
3979.858 0.431
3980.131 0.425
3980.403 0.440
3980.676 0.437
3980.948 0.430
3981.220 0.419
3981.493 0.386
3981.765 0.379
3982.038 0.398
3982.310 0.380
3982.582 0.377
3982.855 0.430
3983.127 0.449
3983.400 0.417
3983.672 0.409
3983.944 0.386
3984.217 0.416
3984.489 0.431
3984.762 0.446
3985.034 0.432
3985.306 0.439
3985.579 0.462
3985.851 0.459
3986.124 0.440
3986.396 0.419
3986.668 0.386
3986.941 0.389
3987.213 0.419
3987.486 0.450
3987.758 0.454
3988.030 0.498
3988.303 0.468
3988.575 0.435
3988.848 0.456
3989.120 0.458
3989.392 0.448
3989.665 0.419
3989.937 0.424
3990.210 0.440
3990.482 0.468
3990.754 0.460
3991.027 0.458
3991.299 0.453
3991.572 0.462
3991.844 0.477
3992.116 0.462
3992.389 0.459
3992.661 0.476
3992.934 0.471
3993.206 0.476
3993.478 0.468
3993.751 0.471
3994.023 0.438
3994.296 0.428
3994.568 0.437
3994.840 0.441
3995.113 0.444
3995.385 0.451
3995.658 0.438
3995.930 0.441
3996.202 0.460
3996.475 0.455
3996.747 0.428
3997.020 0.411
3997.292 0.391
3997.564 0.394
3997.837 0.423
3998.109 0.443
3998.382 0.438
3998.654 0.409
3998.926 0.432
3999.199 0.485
3999.471 0.499
3999.744 0.484
4000.016 0.490
4000.288 0.451
4000.561 0.476
4000.833 0.463
4001.106 0.441
4001.378 0.439
4001.650 0.449
4001.923 0.477
4002.195 0.495
4002.468 0.480
4002.740 0.469
4003.012 0.473
4003.285 0.515
4003.557 0.484
4003.830 0.481
4004.102 0.514
4004.374 0.480
4004.647 0.407
4004.919 0.340
4005.192 0.313
4005.464 0.390
4005.736 0.442
4006.009 0.448
4006.281 0.448
4006.554 0.431
4006.826 0.443
4007.098 0.445
4007.371 0.473
4007.643 0.496
4007.916 0.500
4008.188 0.525
4008.460 0.492
4008.733 0.463
4009.005 0.470
4009.278 0.455
4009.550 0.449
4009.822 0.479
4010.095 0.485
4010.367 0.502
4010.640 0.500
4010.912 0.482
4011.184 0.457
4011.457 0.487
4011.729 0.479
4012.002 0.419
4012.274 0.425
4012.546 0.471
4012.819 0.510
4013.091 0.499
4013.364 0.474
4013.636 0.463
4013.908 0.454
4014.181 0.459
4014.453 0.467
4014.726 0.486
4014.998 0.500
4015.270 0.494
4015.543 0.509
4015.815 0.534
4016.088 0.528
4016.360 0.505
4016.632 0.500
4016.905 0.464
4017.177 0.453
4017.450 0.475
4017.722 0.464
4017.994 0.449
4018.267 0.468
4018.539 0.505
4018.812 0.489
4019.084 0.483
4019.356 0.515
4019.629 0.522
4019.901 0.491
4020.174 0.481
4020.446 0.498
4020.718 0.483
4020.991 0.483
4021.263 0.508
4021.536 0.447
4021.808 0.450
4022.080 0.497
4022.353 0.499
4022.625 0.519
4022.898 0.521
4023.170 0.504
4023.442 0.478
4023.715 0.484
4023.987 0.476
4024.260 0.444
4024.532 0.431
4024.804 0.418
4025.077 0.436
4025.349 0.480
4025.622 0.507
4025.894 0.490
4026.166 0.504
4026.439 0.506
4026.711 0.508
4026.984 0.503
4027.256 0.499
4027.528 0.509
4027.801 0.516
4028.073 0.474
4028.346 0.483
4028.618 0.525
4028.890 0.530
4029.163 0.519
4029.435 0.489
4029.708 0.482
4029.980 0.463
4030.252 0.417
4030.525 0.378
4030.797 0.406
4031.070 0.479
4031.342 0.489
4031.614 0.472
4031.887 0.478
4032.159 0.480
4032.432 0.461
4032.704 0.422
4032.976 0.424
4033.249 0.465
4033.521 0.501
4033.794 0.480
4034.066 0.444
4034.338 0.424
4034.611 0.458
4034.883 0.500
4035.156 0.488
4035.428 0.464
4035.700 0.468
4035.973 0.494
4036.245 0.515
4036.518 0.511
4036.790 0.510
4037.062 0.518
4037.335 0.522
4037.607 0.524
4037.880 0.526
4038.152 0.547
4038.424 0.509
4038.697 0.519
4038.969 0.525
4039.242 0.547
4039.514 0.522
4039.786 0.477
4040.059 0.478
4040.331 0.464
4040.604 0.455
4040.876 0.451
4041.148 0.446
4041.421 0.457
4041.693 0.526
4041.966 0.540
4042.238 0.516
4042.510 0.508
4042.783 0.513
4043.055 0.533
4043.328 0.490
4043.600 0.474
4043.872 0.464
4044.145 0.482
4044.417 0.457
4044.690 0.454
4044.962 0.426
4045.234 0.368
4045.507 0.276
4045.779 0.295
4046.052 0.401
4046.324 0.464
4046.596 0.514
4046.869 0.505
4047.141 0.499
4047.414 0.543
4047.686 0.510
4047.958 0.531
4048.231 0.510
4048.503 0.489
4048.776 0.495
4049.048 0.502
4049.320 0.498
4049.593 0.504
4049.865 0.515
4050.138 0.506
4050.410 0.512
4050.682 0.521
4050.955 0.525
4051.227 0.531
4051.500 0.527
4051.772 0.519
4052.044 0.478
4052.317 0.476
4052.589 0.490
4052.862 0.501
4053.134 0.507
4053.406 0.496
4053.679 0.480
4053.951 0.477
4054.224 0.486
4054.496 0.455
4054.768 0.434
4055.041 0.464
4055.313 0.493
4055.586 0.503
4055.858 0.523
4056.130 0.495
4056.403 0.511
4056.675 0.534
4056.948 0.484
4057.220 0.435
4057.492 0.431
4057.765 0.466
4058.037 0.478
4058.310 0.467
4058.582 0.481
4058.854 0.486
4059.127 0.513
4059.399 0.511
4059.672 0.484
4059.944 0.510
4060.216 0.521
4060.489 0.533
4060.761 0.521
4061.034 0.512
4061.306 0.555
4061.578 0.552
4061.851 0.541
4062.123 0.495
4062.396 0.478
4062.668 0.467
4062.940 0.453
4063.213 0.358
4063.485 0.321
4063.758 0.387
4064.030 0.453
4064.302 0.480
4064.575 0.510
4064.847 0.518
4065.120 0.508
4065.392 0.531
4065.664 0.547
4065.937 0.513
4066.209 0.478
4066.482 0.463
4066.754 0.443
4067.026 0.430
4067.299 0.478
4067.571 0.493
4067.844 0.507
4068.116 0.511
4068.388 0.537
4068.661 0.532
4068.933 0.505
4069.206 0.522
4069.478 0.540
4069.750 0.561
4070.023 0.531
4070.295 0.513
4070.568 0.503
4070.840 0.485
4071.112 0.456
4071.385 0.390
4071.657 0.344
4071.930 0.442
4072.202 0.472
4072.474 0.492
4072.747 0.515
4073.019 0.530
4073.292 0.498
4073.564 0.493
4073.836 0.521
4074.109 0.522
4074.381 0.492
4074.654 0.457
4074.926 0.464
4075.198 0.501
4075.471 0.503
4075.743 0.477
4076.016 0.460
4076.288 0.442
4076.560 0.425
4076.833 0.454
4077.105 0.438
4077.378 0.356
4077.650 0.346
4077.922 0.387
4078.195 0.440
4078.467 0.490
4078.740 0.495
4079.012 0.476
4079.284 0.467
4079.557 0.465
4079.829 0.480
4080.102 0.487
4080.374 0.506
4080.646 0.517
4080.919 0.512
4081.191 0.510
4081.464 0.542
4081.736 0.551
4082.008 0.518
4082.281 0.477
4082.553 0.488
4082.826 0.494
4083.098 0.475
4083.370 0.468
4083.643 0.463
4083.915 0.509
4084.188 0.480
4084.460 0.457
4084.732 0.438
4085.005 0.445
4085.277 0.463
4085.550 0.470
4085.822 0.489
4086.094 0.480
4086.367 0.467
4086.639 0.487
4086.912 0.494
4087.184 0.519
4087.456 0.530
4087.729 0.539
4088.001 0.519
4088.274 0.509
4088.546 0.510
4088.818 0.509
4089.091 0.514
4089.363 0.532
4089.636 0.525
4089.908 0.506
4090.180 0.487
4090.453 0.462
4090.725 0.494
4090.998 0.491
4091.270 0.496
4091.542 0.495
4091.815 0.512
4092.087 0.453
4092.360 0.422
4092.632 0.453
4092.904 0.486
4093.177 0.533
4093.449 0.524
4093.722 0.515
4093.994 0.516
4094.266 0.486
4094.539 0.471
4094.811 0.453
4095.084 0.453
4095.356 0.454
4095.628 0.429
4095.901 0.411
4096.173 0.425
4096.446 0.407
4096.718 0.415
4096.990 0.443
4097.263 0.462
4097.535 0.449
4097.808 0.453
4098.080 0.386
4098.352 0.385
4098.625 0.419
4098.897 0.433
4099.170 0.411
4099.442 0.406
4099.714 0.391
4099.987 0.376
4100.259 0.345
4100.532 0.318
4100.804 0.290
4101.076 0.257
4101.349 0.193
4101.621 0.158
4101.894 0.216
4102.166 0.306
4102.438 0.348
4102.711 0.348
4102.983 0.342
4103.256 0.388
4103.528 0.404
4103.800 0.391
4104.073 0.397
4104.345 0.400
4104.618 0.398
4104.890 0.412
4105.162 0.466
4105.435 0.462
4105.707 0.464
4105.980 0.440
4106.252 0.423
4106.524 0.451
4106.797 0.463
4107.069 0.450
4107.342 0.432
4107.614 0.443
4107.886 0.489
4108.159 0.470
4108.431 0.479
4108.704 0.480
4108.976 0.461
4109.248 0.446
4109.521 0.429
4109.793 0.438
4110.066 0.450
4110.338 0.467
4110.610 0.457
4110.883 0.489
4111.155 0.488
4111.428 0.451
4111.700 0.450
4111.972 0.474
4112.245 0.483
4112.517 0.456
4112.790 0.469
4113.062 0.489
4113.334 0.503
4113.607 0.496
4113.879 0.506
4114.152 0.472
4114.424 0.458
4114.696 0.491
4114.969 0.477
4115.241 0.508
4115.514 0.529
4115.786 0.522
4116.058 0.527
4116.331 0.495
4116.603 0.520
4116.876 0.540
4117.148 0.547
4117.420 0.519
4117.693 0.504
4117.965 0.492
4118.238 0.433
4118.510 0.410
4118.782 0.422
4119.055 0.474
4119.327 0.486
4119.600 0.509
4119.872 0.494
4120.144 0.492
4120.417 0.535
4120.689 0.505
4120.962 0.485
4121.234 0.470
4121.506 0.467
4121.779 0.500
4122.051 0.500
4122.324 0.478
4122.596 0.467
4122.868 0.514
4123.141 0.486
4123.413 0.462
4123.686 0.467
4123.958 0.507
4124.230 0.534
4124.503 0.527
4124.775 0.522
4125.048 0.521
4125.320 0.518
4125.592 0.498
4125.865 0.460
4126.137 0.488
4126.410 0.536
4126.682 0.547
4126.954 0.543
4127.227 0.501
4127.499 0.445
4127.772 0.434
4128.044 0.482
4128.316 0.522
4128.589 0.532
4128.861 0.503
4129.134 0.491
4129.406 0.484
4129.678 0.479
4129.951 0.512
4130.223 0.508
4130.496 0.531
4130.768 0.508
4131.040 0.520
4131.313 0.526
4131.585 0.486
4131.858 0.400
4132.130 0.410
4132.402 0.465
4132.675 0.482
4132.947 0.503
4133.220 0.509
4133.492 0.499
4133.764 0.489
4134.037 0.469
4134.309 0.425
4134.582 0.429
4134.854 0.510
4135.126 0.534
4135.399 0.543
4135.671 0.546
4135.944 0.546
4136.216 0.548
4136.488 0.503
4136.761 0.487
4137.033 0.489
4137.306 0.508
4137.578 0.529
4137.850 0.535
4138.123 0.536
4138.395 0.535
4138.668 0.543
4138.940 0.547
4139.212 0.518
4139.485 0.528
4139.757 0.529
4140.030 0.518
4140.302 0.520
4140.574 0.522
4140.847 0.555
4141.119 0.567
4141.392 0.537
4141.664 0.513
4141.936 0.493
4142.209 0.481
4142.481 0.470
4142.754 0.460
4143.026 0.459
4143.298 0.401
4143.571 0.372
4143.843 0.396
4144.116 0.474
4144.388 0.504
4144.660 0.516
4144.933 0.541
4145.205 0.531
4145.478 0.532
4145.750 0.514
4146.022 0.498
4146.295 0.519
4146.567 0.526
4146.840 0.532
4147.112 0.509
4147.384 0.479
4147.657 0.507
4147.929 0.545
4148.202 0.544
4148.474 0.528
4148.746 0.526
4149.019 0.472
4149.291 0.450
4149.564 0.495
4149.836 0.496
4150.108 0.515
4150.381 0.507
4150.653 0.502
4150.926 0.518
4151.198 0.556
4151.470 0.541
4151.743 0.494
4152.015 0.468
4152.288 0.485
4152.560 0.525
4152.832 0.548
4153.105 0.542
4153.377 0.509
4153.650 0.468
4153.922 0.479
4154.194 0.463
4154.467 0.458
4154.739 0.490
4155.012 0.536
4155.284 0.536
4155.556 0.544
4155.829 0.507
4156.101 0.461
4156.374 0.438
4156.646 0.431
4156.918 0.499
4157.191 0.533
4157.463 0.525
4157.736 0.498
4158.008 0.507
4158.280 0.534
4158.553 0.512
4158.825 0.505
4159.098 0.502
4159.370 0.551
4159.642 0.548
4159.915 0.538
4160.187 0.541
4160.460 0.547
4160.732 0.542
4161.004 0.493
4161.277 0.457
4161.549 0.486
4161.822 0.545
4162.094 0.552
4162.366 0.556
4162.639 0.554
4162.911 0.560
4163.184 0.526
4163.456 0.484
4163.728 0.503
4164.001 0.504
4164.273 0.519
4164.546 0.524
4164.818 0.526
4165.090 0.524
4165.363 0.532
4165.635 0.525
4165.908 0.547
4166.180 0.555
4166.452 0.534
4166.725 0.499
4166.997 0.458
4167.270 0.450
4167.542 0.473
4167.814 0.505
4168.087 0.544
4168.359 0.539
4168.632 0.547
4168.904 0.530
4169.176 0.521
4169.449 0.526
4169.721 0.537
4169.994 0.552
4170.266 0.543
4170.538 0.519
4170.811 0.517
4171.083 0.521
4171.356 0.538
4171.628 0.452
4171.900 0.434
4172.173 0.455
4172.445 0.453
4172.718 0.454
4172.990 0.444
4173.262 0.439
4173.535 0.451
4173.807 0.485
4174.080 0.507
4174.352 0.523
4174.624 0.497
4174.897 0.479
4175.169 0.493
4175.442 0.495
4175.714 0.507
4175.986 0.532
4176.259 0.510
4176.531 0.498
4176.804 0.529
4177.076 0.490
4177.348 0.417
4177.621 0.435
4177.893 0.466
4178.166 0.508
4178.438 0.496
4178.710 0.486
4178.983 0.491
4179.255 0.476
4179.528 0.506
4179.800 0.529
4180.072 0.531
4180.345 0.523
4180.617 0.516
4180.890 0.516
4181.162 0.530
4181.434 0.482
4181.707 0.458
4181.979 0.471
4182.252 0.486
4182.524 0.533
4182.796 0.538
4183.069 0.523
4183.341 0.527
4183.614 0.499
4183.886 0.497
4184.158 0.506
4184.431 0.513
4184.703 0.516
4184.976 0.527
4185.248 0.561
4185.520 0.555
4185.793 0.558
4186.065 0.535
4186.338 0.519
4186.610 0.493
4186.882 0.445
4187.155 0.459
4187.427 0.448
4187.700 0.430
4187.972 0.504
4188.244 0.528
4188.517 0.513
4188.789 0.492
4189.062 0.499
4189.334 0.507
4189.606 0.532
4189.879 0.541
4190.151 0.518
4190.424 0.550
4190.696 0.528
4190.968 0.505
4191.241 0.462
4191.513 0.457
4191.786 0.502
4192.058 0.538
4192.330 0.549
4192.603 0.545
4192.875 0.550
4193.148 0.544
4193.420 0.540
4193.692 0.568
4193.965 0.561
4194.237 0.543
4194.510 0.529
4194.782 0.492
4195.054 0.471
4195.327 0.468
4195.599 0.498
4195.872 0.494
4196.144 0.467
4196.416 0.482
4196.689 0.493
4196.961 0.516
4197.234 0.544
4197.506 0.571
4197.778 0.517
4198.051 0.433
4198.323 0.420
4198.596 0.455
4198.868 0.477
4199.140 0.498
4199.413 0.541
4199.685 0.539
4199.958 0.527
4200.230 0.534
4200.502 0.500
4200.775 0.524
4201.047 0.522
4201.320 0.537
4201.592 0.467
4201.864 0.421
4202.137 0.462
4202.409 0.527
4202.682 0.531
4202.954 0.539
4203.226 0.538
4203.499 0.520
4203.771 0.510
4204.044 0.518
4204.316 0.529
4204.588 0.506
4204.861 0.464
4205.133 0.488
4205.406 0.509
4205.678 0.545
4205.950 0.557
4206.223 0.532
4206.495 0.497
4206.768 0.503
4207.040 0.513
4207.312 0.539
4207.585 0.577
4207.857 0.562
4208.130 0.545
4208.402 0.519
4208.674 0.527
4208.947 0.543
4209.219 0.540
4209.492 0.532
4209.764 0.522
4210.036 0.482
4210.309 0.480
4210.581 0.508
4210.854 0.542
4211.126 0.540
4211.398 0.546
4211.671 0.528
4211.943 0.541
4212.216 0.554
4212.488 0.539
4212.760 0.551
4213.033 0.535
4213.305 0.511
4213.578 0.520
4213.850 0.519
4214.122 0.555
4214.395 0.541
4214.667 0.530
4214.940 0.486
4215.212 0.387
4215.484 0.366
4215.757 0.393
4216.029 0.446
4216.302 0.524
4216.574 0.574
4216.846 0.566
4217.119 0.533
4217.391 0.520
4217.664 0.553
4217.936 0.579
4218.208 0.581
4218.481 0.554
4218.753 0.563
4219.026 0.526
4219.298 0.523
4219.570 0.570
4219.843 0.583
4220.115 0.563
4220.388 0.573
4220.660 0.593
4220.932 0.613
4221.205 0.589
4221.477 0.590
4221.750 0.557
4222.022 0.519
4222.294 0.524
4222.567 0.552
4222.839 0.566
4223.112 0.544
4223.384 0.524
4223.656 0.534
4223.929 0.528
4224.201 0.494
4224.474 0.502
4224.746 0.512
4225.018 0.472
4225.291 0.471
4225.563 0.457
4225.836 0.442
4226.108 0.410
4226.380 0.292
4226.653 0.278
4226.925 0.330
4227.198 0.382
4227.470 0.429
4227.742 0.498
4228.015 0.540
4228.287 0.567
4228.560 0.571
4228.832 0.603
4229.104 0.565
4229.377 0.522
4229.649 0.503
4229.922 0.528
4230.194 0.568
4230.466 0.585
4230.739 0.582
4231.011 0.550
4231.284 0.559
4231.556 0.561
4231.828 0.576
4232.101 0.565
4232.373 0.531
4232.646 0.487
4232.918 0.465
4233.190 0.445
4233.463 0.487
4233.735 0.523
4234.008 0.572
4234.280 0.579
4234.552 0.599
4234.825 0.584
4235.097 0.566
4235.370 0.539
4235.642 0.446
4235.914 0.437
4236.187 0.492
4236.459 0.533
4236.732 0.518
4237.004 0.531
4237.276 0.538
4237.549 0.554
4237.821 0.534
4238.094 0.521
4238.366 0.537
4238.638 0.521
4238.911 0.535
4239.183 0.552
4239.456 0.516
4239.728 0.506
4240.000 0.522
4240.273 0.538
4240.545 0.550
4240.818 0.583
4241.090 0.599
4241.362 0.586
4241.635 0.587
4241.907 0.546
4242.180 0.500
4242.452 0.493
4242.724 0.522
4242.997 0.529
4243.269 0.527
4243.542 0.535
4243.814 0.570
4244.086 0.601
4244.359 0.616
4244.631 0.595
4244.904 0.558
4245.176 0.533
4245.448 0.564
4245.721 0.583
4245.993 0.579
4246.266 0.563
4246.538 0.494
4246.811 0.487
4247.083 0.496
4247.355 0.491
4247.628 0.535
4247.900 0.557
4248.173 0.526
4248.445 0.519
4248.717 0.539
4248.990 0.558
4249.262 0.554
4249.535 0.523
4249.807 0.490
4250.079 0.483
4250.352 0.472
4250.624 0.437
4250.897 0.504
4251.169 0.588
4251.441 0.584
4251.714 0.587
4251.986 0.584
4252.259 0.559
4252.531 0.545
4252.803 0.570
4253.076 0.571
4253.348 0.560
4253.621 0.561
4253.893 0.498
4254.165 0.465
4254.438 0.492
4254.710 0.525
4254.983 0.538
4255.255 0.534
4255.527 0.522
4255.800 0.520
4256.072 0.541
4256.345 0.581
4256.617 0.603
4256.889 0.624
4257.162 0.630
4257.434 0.599
4257.707 0.573
4257.979 0.511
4258.251 0.474
4258.524 0.502
4258.796 0.547
4259.069 0.562
4259.341 0.576
4259.613 0.554
4259.886 0.480
4260.158 0.423
4260.431 0.413
4260.703 0.494
4260.975 0.537
4261.248 0.522
4261.520 0.518
4261.793 0.516
4262.065 0.556
4262.337 0.563
4262.610 0.566
4262.882 0.591
4263.155 0.571
4263.427 0.588
4263.699 0.576
4263.972 0.560
4264.244 0.555
4264.517 0.556
4264.789 0.590
4265.061 0.588
4265.334 0.601
4265.606 0.591
4265.879 0.614
4266.151 0.622
4266.423 0.593
4266.696 0.551
4266.968 0.547
4267.241 0.549
4267.513 0.518
4267.785 0.495
4268.058 0.534
4268.330 0.562
4268.603 0.563
4268.875 0.581
4269.147 0.576
4269.420 0.561
4269.692 0.536
4269.965 0.555
4270.237 0.566
4270.509 0.562
4270.782 0.515
4271.054 0.429
4271.327 0.404
4271.599 0.367
4271.871 0.436
4272.144 0.515
4272.416 0.558
4272.689 0.587
4272.961 0.570
4273.233 0.508
4273.506 0.500
4273.778 0.511
4274.051 0.523
4274.323 0.496
4274.595 0.438
4274.868 0.457
4275.140 0.489
4275.413 0.502
4275.685 0.548
4275.957 0.594
4276.230 0.579
4276.502 0.565
4276.775 0.571
4277.047 0.569
4277.319 0.573
4277.592 0.580
4277.864 0.596
4278.137 0.605
4278.409 0.613
4278.681 0.587
4278.954 0.600
4279.226 0.571
4279.499 0.505
4279.771 0.511
4280.043 0.506
4280.316 0.494
4280.588 0.525
4280.861 0.528
4281.133 0.584
4281.405 0.601
4281.678 0.595
4281.950 0.528
4282.223 0.493
4282.495 0.467
4282.767 0.489
4283.040 0.529
4283.312 0.610
4283.585 0.611
4283.857 0.584
4284.129 0.571
4284.402 0.549
4284.674 0.544
4284.947 0.544
4285.219 0.508
4285.491 0.504
4285.764 0.485
4286.036 0.509
4286.309 0.512
4286.581 0.518
4286.853 0.539
4287.126 0.556
4287.398 0.533
4287.671 0.512
4287.943 0.504
4288.215 0.584
4288.488 0.561
4288.760 0.491
4289.033 0.450
4289.305 0.421
4289.577 0.400
4289.850 0.407
4290.122 0.469
4290.395 0.519
4290.667 0.484
4290.939 0.450
4291.212 0.463
4291.484 0.525
4291.757 0.516
4292.029 0.535
4292.301 0.570
4292.574 0.592
4292.846 0.565
4293.119 0.575
4293.391 0.598
4293.663 0.498
4293.936 0.453
4294.208 0.494
4294.481 0.522
4294.753 0.504
4295.025 0.524
4295.298 0.565
4295.570 0.579
4295.843 0.554
4296.115 0.546
4296.387 0.505
4296.660 0.476
4296.932 0.494
4297.205 0.510
4297.477 0.531
4297.749 0.497
4298.022 0.530
4298.294 0.536
4298.567 0.465
4298.839 0.383
4299.111 0.394
4299.384 0.419
4299.656 0.401
4299.929 0.401
4300.201 0.417
4300.473 0.426
4300.746 0.446
4301.018 0.480
4301.291 0.543
4301.563 0.499
4301.835 0.449
4302.108 0.427
4302.380 0.399
4302.653 0.412
4302.925 0.434
4303.197 0.461
4303.470 0.467
4303.742 0.474
4304.015 0.516
4304.287 0.499
4304.559 0.503
4304.832 0.497
4305.104 0.470
4305.377 0.432
4305.649 0.417
4305.921 0.447
4306.194 0.513
4306.466 0.512
4306.739 0.504
4307.011 0.482
4307.283 0.431
4307.556 0.325
4307.828 0.328
4308.101 0.402
4308.373 0.468
4308.645 0.473
4308.918 0.440
4309.190 0.424
4309.463 0.428
4309.735 0.455
4310.007 0.475
4310.280 0.465
4310.552 0.476
4310.825 0.476
4311.097 0.480
4311.369 0.480
4311.642 0.503
4311.914 0.494
4312.187 0.464
4312.459 0.452
4312.731 0.453
4313.004 0.526
4313.276 0.575
4313.549 0.552
4313.821 0.496
4314.093 0.481
4314.366 0.488
4314.638 0.433
4314.911 0.432
4315.183 0.549
4315.455 0.622
4315.728 0.663
4316.000 0.645
4316.273 0.650
4316.545 0.607
4316.817 0.604
4317.090 0.612
4317.362 0.614
4317.635 0.621
4317.907 0.624
4318.179 0.600
4318.452 0.558
4318.724 0.573
4318.997 0.620
4319.269 0.606
4319.541 0.645
4319.814 0.643
4320.086 0.603
4320.359 0.560
4320.631 0.464
4320.903 0.537
4321.176 0.577
4321.448 0.589
4321.721 0.607
4321.993 0.632
4322.265 0.640
4322.538 0.594
4322.810 0.522
4323.083 0.473
4323.355 0.466
4323.627 0.503
4323.900 0.511
4324.172 0.559
4324.445 0.541
4324.717 0.502
4324.989 0.469
4325.262 0.434
4325.534 0.371
4325.807 0.419
4326.079 0.490
4326.351 0.526
4326.624 0.546
4326.896 0.548
4327.169 0.585
4327.441 0.598
4327.713 0.588
4327.986 0.609
4328.258 0.629
4328.531 0.621
4328.803 0.613
4329.075 0.581
4329.348 0.602
4329.620 0.586
4329.893 0.550
4330.165 0.530
4330.437 0.518
4330.710 0.546
4330.982 0.577
4331.255 0.571
4331.527 0.573
4331.799 0.593
4332.072 0.591
4332.344 0.568
4332.617 0.569
4332.889 0.579
4333.161 0.571
4333.434 0.553
4333.706 0.537
4333.979 0.553
4334.251 0.579
4334.523 0.565
4334.796 0.562
4335.068 0.569
4335.341 0.580
4335.613 0.583
4335.885 0.583
4336.158 0.574
4336.430 0.547
4336.703 0.471
4336.975 0.422
4337.247 0.400
4337.520 0.393
4337.792 0.407
4338.065 0.454
4338.337 0.463
4338.609 0.482
4338.882 0.449
4339.154 0.406
4339.427 0.359
4339.699 0.342
4339.971 0.255
4340.244 0.171
4340.516 0.216
4340.789 0.301
4341.061 0.362
4341.333 0.398
4341.606 0.467
4341.878 0.484
4342.151 0.506
4342.423 0.529
4342.695 0.524
4342.968 0.481
4343.240 0.474
4343.513 0.480
4343.785 0.481
4344.057 0.443
4344.330 0.454
4344.602 0.514
4344.875 0.557
4345.147 0.593
4345.419 0.592
4345.692 0.583
4345.964 0.569
4346.237 0.542
4346.509 0.544
4346.781 0.554
4347.054 0.564
4347.326 0.542
4347.599 0.533
4347.871 0.542
4348.143 0.572
4348.416 0.601
4348.688 0.598
4348.961 0.616
4349.233 0.630
4349.505 0.624
4349.778 0.606
4350.050 0.593
4350.323 0.568
4350.595 0.526
4350.867 0.525
4351.140 0.500
4351.412 0.438
4351.685 0.398
4351.957 0.462
4352.229 0.501
4352.502 0.480
4352.774 0.518
4353.047 0.590
4353.319 0.629
4353.591 0.620
4353.864 0.609
4354.136 0.601
4354.409 0.562
4354.681 0.561
4354.953 0.554
4355.226 0.000
